A66M,21.0,1728.0,4.41
Y87I,15.0,1120.0,4.313
D10A,28.0,1833.0,4.182
W62N,47.0,2972.0,4.147
N31F,12.0,752.0,4.138
A66L,89.0,5185.0,4.065
S34L,63.0,3444.0,4.001
Y87T,12.0,646.0,3.986
T86H,16.0,845.0,3.967
R88Y,13.0,605.0,3.84
A64W,15.0,605.0,3.697
Y87N,50.0,1896.0,3.635
Y93G,183.0,6554.0,3.578
G12N,73.0,2499.0,3.533
A66V,173.0,5881.0,3.526
I14G,51.0,1681.0,3.495
T32C,32.0,1003.0,3.445
T86Q,16.0,476.0,3.393
Y87S,81.0,2143.0,3.276
R88V,72.0,1878.0,3.261
R88W,49.0,1278.0,3.261
R88M,14.0,333.0,3.169
A66C,55.0,1197.0,3.08
G85D,72.0,1561.0,3.076
D10S,36.0,777.0,3.072
Y87A,50.0,1007.0,3.003
A66T,68.0,1330.0,2.973
N19V,286.0,5179.0,2.896
Y87V,64.0,1037.0,2.785
A66S,95.0,1430.0,2.712
R88H,53.0,770.0,2.676
R88G,169.0,2447.0,2.673
W89F,41.0,588.0,2.663
D10R,28.0,401.0,2.662
R88P,30.0,375.0,2.526
D10I,17.0,200.0,2.465
D10Y,29.0,328.0,2.426
F8W,78.0,868.0,2.409
Y87P,25.0,275.0,2.398
T32S,88.0,957.0,2.386
D10V,45.0,418.0,2.229
D10T,13.0,108.0,2.117
D10Q,12.0,99.0,2.11
T90E,79.0,625.0,2.068
R48A,43.0,319.0,2.004
D3T,47.0,348.0,2.002
T86D,11.0,81.0,1.997
N19I,117.0,835.0,1.965
S34H,12.0,84.0,1.946
T49N,27.0,183.0,1.914
D3C,30.0,192.0,1.856
G22H,20.0,118.0,1.775
T32I,49.0,282.0,1.75
N24H,27.0,154.0,1.741
R48W,60.0,338.0,1.729
D10N,58.0,321.0,1.711
S30K,12.0,62.0,1.642
R88K,14.0,71.0,1.624
T49H,16.0,78.0,1.584
T86A,100.0,485.0,1.579
S73A,104.0,496.0,1.562
S83T,80.0,367.0,1.523
N19H,70.0,317.0,1.51
N60I,23.0,103.0,1.499
K39L,62.0,277.0,1.497
T86S,107.0,475.0,1.49
S34A,51.0,220.0,1.462
W5F,68.0,293.0,1.461
R48S,81.0,342.0,1.44
W62I,38.0,160.0,1.438
A58N,12.0,45.0,1.322
N51L,45.0,168.0,1.317
A58K,28.0,102.0,1.293
T90V,105.0,382.0,1.291
D3A,72.0,258.0,1.276
T32A,93.0,326.0,1.254
G85Y,19.0,65.0,1.23
G55R,105.0,346.0,1.192
G55K,11.0,36.0,1.186
W62S,95.0,299.0,1.147
W62H,46.0,140.0,1.113
Y93A,91.0,263.0,1.061
D3W,56.0,161.0,1.056
S45G,405.0,1125.0,1.022
T92S,542.0,1480.0,1.005
T90D,64.0,169.0,0.971
N7E,34.0,88.0,0.951
G22A,57.0,142.0,0.913
Y93K,58.0,143.0,0.902
S73T,59.0,145.0,0.899
D82E,70.0,171.0,0.893
N19Q,89.0,215.0,0.882
N28M,12.0,29.0,0.882
S1A,22.0,53.0,0.879
N51C,13.0,30.0,0.836
N51M,17.0,39.0,0.83
Y93S,122.0,279.0,0.827
N24W,19.0,43.0,0.817
T90F,19.0,39.0,0.719
I50Y,125.0,252.0,0.701
G55V,65.0,128.0,0.678
T86E,28.0,55.0,0.675
Y87C,110.0,215.0,0.67
S1H,17.0,31.0,0.601
D3S,76.0,137.0,0.589
V18I,118.0,212.0,0.586
S73F,34.0,58.0,0.534
T49D,18.0,30.0,0.511
N19P,81.0,133.0,0.496
S26W,52.0,85.0,0.491
K94M,106.0,173.0,0.49
T49R,77.0,122.0,0.46
S1M,43.0,67.0,0.443
W89V,105.0,163.0,0.44
N19W,167.0,257.0,0.431
T49E,24.0,36.0,0.405
Y87M,27.0,39.0,0.368
N24R,57.0,82.0,0.364
T43K,16.0,23.0,0.363
S26L,101.0,142.0,0.341
F47T,38.0,52.0,0.314
S99P,11.0,15.0,0.31
N19L,233.0,310.0,0.286
T2P,70.0,93.0,0.284
S1R,125.0,162.0,0.259
S21Y,34.0,43.0,0.235
Y93N,64.0,79.0,0.211
S83*,48.0,59.0,0.206
T92D,184.0,225.0,0.201
D100V,14.0,17.0,0.194
A58R,82.0,99.0,0.188
T92E,244.0,292.0,0.18
T49Y,16.0,19.0,0.172
S21T,54.0,64.0,0.17
M0L,18.0,21.0,0.154
F8M,26.0,30.0,0.143
S73D,33.0,38.0,0.141
M0I,73.0,83.0,0.128
S1E,41.0,46.0,0.115
V37I,25.0,28.0,0.113
K39Y,17.0,19.0,0.111
K98R,18.0,20.0,0.105
T90R,207.0,211.0,0.019
D3P,35.0,35.0,0.0
K98E,27.0,27.0,0.0
Y93F,62.0,62.0,0.0
G95D,18.0,18.0,0.0
V97L,13.0,13.0,0.0
K98*,27.0,26.0,-0.038
N31Y,26.0,25.0,-0.039
N53K,49.0,47.0,-0.042
R88Q,24.0,23.0,-0.043
N7F,34.0,32.0,-0.061
P46G,81.0,76.0,-0.064
N19Y,109.0,101.0,-0.076
S99F,27.0,25.0,-0.077
R48V,105.0,96.0,-0.09
Y78N,11.0,10.0,-0.095
G23S,30.0,26.0,-0.143
K98N,14.0,12.0,-0.154
M0T,28.0,24.0,-0.154
V56L,73.0,62.0,-0.163
T2A,105.0,88.0,-0.177
Y87H,66.0,55.0,-0.182
T71I,52.0,42.0,-0.214
N19E,133.0,107.0,-0.218
G55N,25.0,20.0,-0.223
T49A,89.0,69.0,-0.255
T2V,93.0,71.0,-0.27
N51I,38.0,29.0,-0.27
S73E,56.0,42.0,-0.288
F47I,16.0,12.0,-0.288
T43L,47.0,35.0,-0.295
N24M,18.0,13.0,-0.325
G11C,18.0,13.0,-0.325
G23C,14.0,10.0,-0.336
Y78H,37.0,26.0,-0.353
D3V,145.0,101.0,-0.362
G44D,28.0,19.0,-0.388
N60K,31.0,21.0,-0.389
V68L,37.0,25.0,-0.392
T2Q,30.0,20.0,-0.405
T96S,21.0,14.0,-0.405
D82G,4460.0,2966.0,-0.408
N28I,50.0,33.0,-0.416
K94R,529.0,348.0,-0.419
T49I,39.0,25.0,-0.445
T49L,61.0,39.0,-0.447
A64T,36.0,23.0,-0.448
N53D,40.0,25.0,-0.47
V97D,21.0,13.0,-0.48
V97A,21.0,13.0,-0.48
N7R,83.0,51.0,-0.487
T9I,59.0,36.0,-0.494
L67P,35.0,21.0,-0.511
I14V,74.0,44.0,-0.52
G13D,39.0,23.0,-0.528
W70*,90.0,53.0,-0.53
Y78F,34.0,20.0,-0.531
S45C,74.0,43.0,-0.543
W70C,52.0,30.0,-0.55
D10W,21.0,12.0,-0.56
W84*,95.0,54.0,-0.565
Y25H,51.0,29.0,-0.565
D100N,39.0,22.0,-0.573
K94V,403.0,227.0,-0.574
W29*,83.0,46.0,-0.59
D3N,47.0,26.0,-0.592
W41*,100.0,55.0,-0.598
D82Q,51.0,28.0,-0.6
D100G,33.0,18.0,-0.606
Y52H,50.0,27.0,-0.616
G38C,39.0,21.0,-0.619
N24D,45.0,24.0,-0.629
T42P,15.0,8.0,-0.629
V97I,47.0,25.0,-0.631
A64V,143.0,76.0,-0.632
Y25F,57.0,30.0,-0.642
P59L,100.0,52.0,-0.654
S73L,102.0,53.0,-0.655
V36I,56.0,29.0,-0.658
G63C,31.0,16.0,-0.661
N28R,62.0,32.0,-0.661
T42A,68.0,35.0,-0.664
K39I,35.0,18.0,-0.665
D100E,37.0,19.0,-0.666
N16D,37.0,19.0,-0.666
S26A,84.0,43.0,-0.67
T42I,55.0,28.0,-0.675
G33D,61.0,31.0,-0.677
K98I,12.0,6.0,-0.693
R48H,78.0,39.0,-0.693
G95S,12.0,6.0,-0.693
S26P,53.0,26.0,-0.712
G23D,45.0,22.0,-0.716
T9S,43.0,21.0,-0.717
N24V,110.0,53.0,-0.73
D100Y,27.0,13.0,-0.731
N51D,48.0,23.0,-0.736
T86N,21.0,10.0,-0.742
G63A,49.0,23.0,-0.756
M0V,30.0,14.0,-0.762
F47D,15.0,7.0,-0.762
V68D,28.0,13.0,-0.767
N31I,28.0,13.0,-0.767
G23V,13.0,6.0,-0.773
V15I,111.0,51.0,-0.778
T96N,11.0,5.0,-0.788
I14F,42.0,19.0,-0.793
R72H,110.0,49.0,-0.809
T90P,99.0,44.0,-0.811
P46L,77.0,34.0,-0.817
S30F,68.0,30.0,-0.818
A54T,59.0,26.0,-0.819
T86I,66.0,29.0,-0.822
G63W,55.0,24.0,-0.829
S21R,126.0,55.0,-0.829
G44S,62.0,27.0,-0.831
S1V,88.0,38.0,-0.84
N60D,56.0,24.0,-0.847
W57*,120.0,51.0,-0.856
T96I,33.0,14.0,-0.857
T96A,33.0,14.0,-0.857
T90I,57.0,24.0,-0.865
A58E,31.0,13.0,-0.869
T2I,48.0,20.0,-0.875
F8Y,24.0,10.0,-0.875
S83F,111.0,46.0,-0.881
T49S,104.0,43.0,-0.883
N31D,63.0,26.0,-0.885
G33C,63.0,26.0,-0.885
N28Y,51.0,21.0,-0.887
G55D,44.0,18.0,-0.894
T9A,81.0,33.0,-0.898
R48C,101.0,41.0,-0.902
K39N,42.0,17.0,-0.904
G61D,60.0,24.0,-0.916
D10E,30.0,12.0,-0.916
T2S,120.0,48.0,-0.916
G11S,63.0,25.0,-0.924
G38D,53.0,21.0,-0.926
N60T,38.0,15.0,-0.93
G11D,33.0,13.0,-0.932
N7I,66.0,26.0,-0.932
L65P,89.0,35.0,-0.933
G44C,28.0,11.0,-0.934
G22D,44.0,17.0,-0.951
A58T,57.0,22.0,-0.952
N28T,39.0,15.0,-0.956
S21F,52.0,20.0,-0.956
Y78C,39.0,15.0,-0.956
N53S,94.0,36.0,-0.96
A64E,21.0,8.0,-0.965
M0K,21.0,8.0,-0.965
V68A,50.0,19.0,-0.968
N16K,29.0,11.0,-0.969
W62*,95.0,36.0,-0.97
G69D,35.0,13.0,-0.99
S30T,38.0,14.0,-0.999
V27D,38.0,14.0,-0.999
G13C,30.0,11.0,-1.003
Y4F,71.0,26.0,-1.005
N60Y,61.0,22.0,-1.02
A58L,75.0,27.0,-1.022
F47Y,25.0,9.0,-1.022
Y4H,51.0,18.0,-1.041
N53I,20.0,7.0,-1.05
G69S,63.0,22.0,-1.052
N51Y,43.0,15.0,-1.053
N19D,127.0,44.0,-1.06
T71N,26.0,9.0,-1.061
F8L,99.0,34.0,-1.069
W29C,35.0,12.0,-1.07
S26T,76.0,26.0,-1.073
F35Y,41.0,14.0,-1.075
T71S,91.0,31.0,-1.077
T92A,748.0,254.0,-1.08
N28A,59.0,20.0,-1.082
N24I,65.0,22.0,-1.083
V81I,74.0,25.0,-1.085
D10G,74.0,25.0,-1.085
A58V,175.0,59.0,-1.087
A77V,137.0,46.0,-1.091
F8I,33.0,11.0,-1.099
N28K,30.0,10.0,-1.099
G40S,39.0,13.0,-1.099
Y52F,75.0,25.0,-1.099
Y25N,45.0,15.0,-1.099
V27I,64.0,21.0,-1.114
S34F,52.0,17.0,-1.118
G12V,186.0,60.0,-1.131
F47L,127.0,41.0,-1.131
N28D,59.0,19.0,-1.133
K39E,59.0,19.0,-1.133
V80I,90.0,29.0,-1.133
S26F,56.0,18.0,-1.135
N60R,38.0,12.0,-1.153
G38S,57.0,18.0,-1.153
T92I,179.0,56.0,-1.162
S1P,48.0,15.0,-1.163
S73Y,16.0,5.0,-1.163
L6P,203.0,63.0,-1.17
P74L,113.0,35.0,-1.172
D3Y,42.0,13.0,-1.173
L65Q,13.0,4.0,-1.179
W41R,121.0,37.0,-1.185
V56D,23.0,7.0,-1.19
V68I,33.0,10.0,-1.194
G40C,33.0,10.0,-1.194
W89*,109.0,33.0,-1.195
A77T,106.0,32.0,-1.198
P46Q,30.0,9.0,-1.204
Y87F,40.0,12.0,-1.204
F47R,50.0,15.0,-1.204
T43A,67.0,20.0,-1.209
P74Q,37.0,11.0,-1.213
N16I,37.0,11.0,-1.213
N16Y,44.0,13.0,-1.219
N51S,78.0,23.0,-1.221
Y93H,251.0,74.0,-1.221
G20S,78.0,23.0,-1.221
I76V,99.0,29.0,-1.228
W84C,82.0,24.0,-1.229
S73G,113.0,33.0,-1.231
G22S,93.0,27.0,-1.237
G20D,35.0,10.0,-1.253
F47S,105.0,30.0,-1.253
S30R,53.0,15.0,-1.262
T42S,99.0,28.0,-1.263
S30P,92.0,26.0,-1.264
Y79H,92.0,26.0,-1.264
W84R,128.0,36.0,-1.269
N7Y,64.0,18.0,-1.269
S34P,47.0,13.0,-1.285
G69C,29.0,8.0,-1.288
A54V,87.0,24.0,-1.288
P46T,22.0,6.0,-1.299
V56I,44.0,12.0,-1.299
T9P,11.0,3.0,-1.299
G13S,55.0,15.0,-1.299
D82Y,33.0,9.0,-1.299
G20V,33.0,9.0,-1.299
D82N,59.0,16.0,-1.305
W41C,37.0,10.0,-1.308
T49V,63.0,17.0,-1.31
T32P,26.0,7.0,-1.312
S45F,67.0,18.0,-1.314
V68F,41.0,11.0,-1.316
V36D,30.0,8.0,-1.322
I14T,60.0,16.0,-1.322
R72C,105.0,28.0,-1.322
N31H,15.0,4.0,-1.322
F8S,109.0,29.0,-1.324
N31G,114.0,30.0,-1.335
S21L,76.0,20.0,-1.335
S99Y,19.0,5.0,-1.335
V81D,80.0,21.0,-1.338
A17T,138.0,36.0,-1.344
R88C,92.0,24.0,-1.344
G55C,46.0,12.0,-1.344
W62C,81.0,21.0,-1.35
L75M,35.0,9.0,-1.358
W5*,208.0,53.0,-1.367
V18A,220.0,55.0,-1.386
T43I,52.0,13.0,-1.386
I76F,44.0,11.0,-1.386
T90W,69.0,17.0,-1.401
Y4*,61.0,15.0,-1.403
T71A,94.0,23.0,-1.408
G40D,41.0,10.0,-1.411
Y93R,211.0,51.0,-1.42
L75Q,29.0,7.0,-1.421
W29R,162.0,39.0,-1.424
V37D,50.0,12.0,-1.427
G33S,146.0,35.0,-1.428
Y93C,46.0,11.0,-1.431
N53Y,21.0,5.0,-1.435
Y87*,42.0,10.0,-1.435
N7H,17.0,4.0,-1.447
V56A,56.0,13.0,-1.46
I14N,39.0,9.0,-1.466
S30Y,48.0,11.0,-1.473
W84L,70.0,16.0,-1.476
G91D,114.0,26.0,-1.478
T42N,22.0,5.0,-1.482
N7D,44.0,10.0,-1.482
G63D,53.0,12.0,-1.485
N24S,84.0,19.0,-1.486
N53T,40.0,9.0,-1.492
N60S,116.0,26.0,-1.495
I76N,58.0,13.0,-1.495
N28S,63.0,14.0,-1.504
N7K,36.0,8.0,-1.504
S83P,86.0,19.0,-1.51
S1T,50.0,11.0,-1.514
P59Q,41.0,9.0,-1.516
D82H,23.0,5.0,-1.526
T90A,175.0,38.0,-1.527
A54E,37.0,8.0,-1.531
F35L,134.0,29.0,-1.531
W62R,141.0,30.0,-1.548
G55S,80.0,17.0,-1.549
K39*,33.0,7.0,-1.551
L6M,86.0,18.0,-1.564
W29L,87.0,18.0,-1.576
I76T,63.0,13.0,-1.578
N7S,103.0,21.0,-1.59
W41L,54.0,11.0,-1.591
G38V,59.0,12.0,-1.593
V36A,64.0,13.0,-1.594
P74S,69.0,14.0,-1.595
N31S,74.0,15.0,-1.596
K94N,89.0,18.0,-1.598
W62G,124.0,25.0,-1.601
T9N,20.0,4.0,-1.609
N53H,15.0,3.0,-1.609
L75K,40.0,8.0,-1.609
Y79F,90.0,18.0,-1.609
W89R,171.0,34.0,-1.615
S1F,67.0,13.0,-1.64
Y52N,67.0,13.0,-1.64
G11V,26.0,5.0,-1.649
P59S,78.0,15.0,-1.649
G61C,63.0,12.0,-1.658
G91S,273.0,52.0,-1.658
W57R,204.0,38.0,-1.681
Y25C,81.0,15.0,-1.686
S21P,65.0,12.0,-1.689
V27A,98.0,18.0,-1.695
G95C,11.0,2.0,-1.705
G55H,22.0,4.0,-1.705
S34T,50.0,9.0,-1.715
N31K,39.0,7.0,-1.718
L75P,113.0,20.0,-1.732
W70R,198.0,35.0,-1.733
A66Q,17.0,3.0,-1.735
G40A,17.0,3.0,-1.735
G55M,23.0,4.0,-1.749
V36F,30.0,5.0,-1.792
T43S,108.0,18.0,-1.792
S34V,66.0,11.0,-1.792
A17V,199.0,33.0,-1.797
A77S,116.0,19.0,-1.809
G61S,111.0,18.0,-1.819
Y79C,136.0,22.0,-1.822
T90N,31.0,5.0,-1.825
N24K,62.0,10.0,-1.825
R72L,100.0,16.0,-1.833
Y52*,57.0,9.0,-1.846
S26R,134.0,21.0,-1.853
S30A,32.0,5.0,-1.856
T43N,32.0,5.0,-1.856
W89L,132.0,20.0,-1.887
P46S,47.0,7.0,-1.904
F35I,27.0,4.0,-1.91
G63S,68.0,10.0,-1.917
S73C,55.0,8.0,-1.928
D3H,14.0,2.0,-1.946
G69V,42.0,6.0,-1.946
Y52C,112.0,16.0,-1.946
N51H,14.0,2.0,-1.946
G44R,43.0,6.0,-1.969
V27F,36.0,5.0,-1.974
N31T,36.0,5.0,-1.974
D3G,160.0,22.0,-1.984
S26C,51.0,7.0,-1.986
V81F,37.0,5.0,-2.001
V37A,126.0,17.0,-2.003
G85S,89.0,12.0,-2.004
N24Y,52.0,7.0,-2.005
G85C,52.0,7.0,-2.005
W5C,136.0,18.0,-2.022
R48L,91.0,12.0,-2.026
V81A,114.0,15.0,-2.028
N60H,31.0,4.0,-2.048
A17S,155.0,20.0,-2.048
V80A,93.0,12.0,-2.048
G33V,94.0,12.0,-2.058
N24G,95.0,12.0,-2.069
D10L,16.0,2.0,-2.079
S45P,96.0,12.0,-2.079
P59T,40.0,5.0,-2.079
Y79*,64.0,8.0,-2.079
W89C,129.0,16.0,-2.087
Y4C,65.0,8.0,-2.095
L65M,41.0,5.0,-2.104
S30C,33.0,4.0,-2.11
I50T,165.0,20.0,-2.11
G85V,93.0,11.0,-2.135
K39Q,34.0,4.0,-2.14
K94I,89.0,10.0,-2.186
W57L,116.0,13.0,-2.189
A66I,27.0,3.0,-2.197
W41S,45.0,5.0,-2.197
A54S,55.0,6.0,-2.216
N51K,46.0,5.0,-2.219
P74T,28.0,3.0,-2.234
S73P,75.0,8.0,-2.238
W57C,122.0,13.0,-2.239
I50N,95.0,10.0,-2.251
I76C,38.0,4.0,-2.251
V37F,38.0,4.0,-2.251
G61V,86.0,9.0,-2.257
I50F,211.0,22.0,-2.261
G40V,48.0,5.0,-2.262
V18D,77.0,8.0,-2.264
K94*,77.0,8.0,-2.264
G22C,78.0,8.0,-2.277
T90S,160.0,16.0,-2.303
Y87D,30.0,3.0,-2.303
S45L,192.0,19.0,-2.313
K94E,152.0,15.0,-2.316
V56G,92.0,9.0,-2.325
D82V,165.0,16.0,-2.333
A64S,52.0,5.0,-2.342
G12D,94.0,9.0,-2.346
K39R,157.0,15.0,-2.348
S1Y,42.0,4.0,-2.351
R88L,85.0,8.0,-2.363
G22V,75.0,7.0,-2.372
G12C,118.0,11.0,-2.373
V80D,65.0,6.0,-2.383
V15L,206.0,19.0,-2.383
V15F,76.0,7.0,-2.385
P46F,11.0,1.0,-2.398
V36K,11.0,1.0,-2.398
R72K,11.0,1.0,-2.398
L65D,11.0,1.0,-2.398
N53A,11.0,1.0,-2.398
N53Q,11.0,1.0,-2.398
V68E,11.0,1.0,-2.398
V68P,11.0,1.0,-2.398
R88*,11.0,1.0,-2.398
G63I,11.0,1.0,-2.398
N60W,11.0,1.0,-2.398
G13H,11.0,1.0,-2.398
P74Y,11.0,1.0,-2.398
L65Y,11.0,1.0,-2.398
T32Y,11.0,1.0,-2.398
N31*,11.0,1.0,-2.398
W41I,11.0,1.0,-2.398
S21H,11.0,1.0,-2.398
S21I,11.0,1.0,-2.398
G55P,11.0,1.0,-2.398
S34N,11.0,1.0,-2.398
N51P,11.0,1.0,-2.398
V56F,45.0,4.0,-2.42
V15A,263.0,23.0,-2.437
W89A,103.0,9.0,-2.438
S45A,279.0,24.0,-2.453
P46M,12.0,1.0,-2.485
V68Q,12.0,1.0,-2.485
S30M,12.0,1.0,-2.485
S30H,12.0,1.0,-2.485
G11K,12.0,1.0,-2.485
D10F,12.0,1.0,-2.485
G63Y,12.0,1.0,-2.485
G38E,12.0,1.0,-2.485
N60*,12.0,1.0,-2.485
G69E,12.0,1.0,-2.485
N28F,12.0,1.0,-2.485
G40M,12.0,1.0,-2.485
G40E,12.0,1.0,-2.485
T42D,12.0,1.0,-2.485
L67*,12.0,1.0,-2.485
P74H,12.0,1.0,-2.485
T43H,12.0,1.0,-2.485
D82I,12.0,1.0,-2.485
G44I,12.0,1.0,-2.485
F35N,12.0,1.0,-2.485
R48*,12.0,1.0,-2.485
G44M,12.0,1.0,-2.485
W41D,12.0,1.0,-2.485
W41Q,12.0,1.0,-2.485
N16Q,12.0,1.0,-2.485
I14P,12.0,1.0,-2.485
V80F,36.0,3.0,-2.485
N7M,12.0,1.0,-2.485
N19S,325.0,27.0,-2.488
G13R,49.0,4.0,-2.506
W62L,172.0,14.0,-2.508
D3E,62.0,5.0,-2.518
A54P,25.0,2.0,-2.526
N16S,75.0,6.0,-2.526
Y25*,63.0,5.0,-2.534
G69A,38.0,3.0,-2.539
W70L,128.0,10.0,-2.549
P46*,13.0,1.0,-2.565
S30*,13.0,1.0,-2.565
S30E,13.0,1.0,-2.565
D10K,13.0,1.0,-2.565
G40P,13.0,1.0,-2.565
D3I,13.0,1.0,-2.565
Y4M,13.0,1.0,-2.565
A64D,13.0,1.0,-2.565
P74M,13.0,1.0,-2.565
S73N,13.0,1.0,-2.565
T32K,13.0,1.0,-2.565
Y25Q,13.0,1.0,-2.565
T32F,13.0,1.0,-2.565
G69K,13.0,1.0,-2.565
T86K,13.0,1.0,-2.565
T71F,13.0,1.0,-2.565
T71K,13.0,1.0,-2.565
R48I,13.0,1.0,-2.565
T2F,13.0,1.0,-2.565
G44K,13.0,1.0,-2.565
W41M,13.0,1.0,-2.565
G22Q,13.0,1.0,-2.565
G55*,13.0,1.0,-2.565
N16H,13.0,1.0,-2.565
G55F,13.0,1.0,-2.565
N51*,13.0,1.0,-2.565
N19A,222.0,17.0,-2.569
T43R,66.0,5.0,-2.58
N19M,106.0,8.0,-2.584
F8C,53.0,4.0,-2.584
G11R,27.0,2.0,-2.603
A66N,27.0,2.0,-2.603
A54G,41.0,3.0,-2.615
G12S,290.0,21.0,-2.625
Y93*,69.0,5.0,-2.625
V56N,14.0,1.0,-2.639
W84I,14.0,1.0,-2.639
W84S,42.0,3.0,-2.639
V68M,14.0,1.0,-2.639
D10C,14.0,1.0,-2.639
A66H,14.0,1.0,-2.639
N60E,14.0,1.0,-2.639
G40L,14.0,1.0,-2.639
T42W,14.0,1.0,-2.639
A64I,14.0,1.0,-2.639
P74C,14.0,1.0,-2.639
G38I,14.0,1.0,-2.639
G63Q,14.0,1.0,-2.639
T32M,14.0,1.0,-2.639
G69Q,14.0,1.0,-2.639
W29Y,14.0,1.0,-2.639
A54Y,14.0,1.0,-2.639
G33I,14.0,1.0,-2.639
T71Y,14.0,1.0,-2.639
A77I,14.0,1.0,-2.639
N31W,14.0,1.0,-2.639
T49C,14.0,1.0,-2.639
T49P,14.0,1.0,-2.639
V15D,140.0,10.0,-2.639
W41K,14.0,1.0,-2.639
W41N,14.0,1.0,-2.639
W70Q,14.0,1.0,-2.639
G55I,14.0,1.0,-2.639
Y87K,14.0,1.0,-2.639
A58S,70.0,5.0,-2.639
F47V,42.0,3.0,-2.639
V36L,71.0,5.0,-2.653
W5R,498.0,35.0,-2.655
A66P,58.0,4.0,-2.674
N16V,29.0,2.0,-2.674
G20R,44.0,3.0,-2.686
A66G,104.0,7.0,-2.698
V68Y,15.0,1.0,-2.708
W89K,15.0,1.0,-2.708
G11E,15.0,1.0,-2.708
G11L,15.0,1.0,-2.708
T42Q,15.0,1.0,-2.708
L67E,15.0,1.0,-2.708
A64*,15.0,1.0,-2.708
P59D,15.0,1.0,-2.708
P59H,15.0,1.0,-2.708
V27M,15.0,1.0,-2.708
S73H,15.0,1.0,-2.708
W29F,15.0,1.0,-2.708
W29N,15.0,1.0,-2.708
G61I,15.0,1.0,-2.708
A54N,15.0,1.0,-2.708
G85K,15.0,1.0,-2.708
R48P,30.0,2.0,-2.708
R48F,15.0,1.0,-2.708
T49K,15.0,1.0,-2.708
W41P,15.0,1.0,-2.708
W70I,15.0,1.0,-2.708
G22K,15.0,1.0,-2.708
F8Q,15.0,1.0,-2.708
G85M,15.0,1.0,-2.708
F47K,15.0,1.0,-2.708
G91C,153.0,10.0,-2.728
F8V,77.0,5.0,-2.734
F35S,127.0,8.0,-2.765
V36E,16.0,1.0,-2.773
R72I,16.0,1.0,-2.773
G61Y,16.0,1.0,-2.773
G11F,16.0,1.0,-2.773
D10P,16.0,1.0,-2.773
A66E,32.0,2.0,-2.773
G69P,16.0,1.0,-2.773
G13I,16.0,1.0,-2.773
L67T,16.0,1.0,-2.773
T43F,16.0,1.0,-2.773
V27Q,16.0,1.0,-2.773
V27H,16.0,1.0,-2.773
V27N,16.0,1.0,-2.773
T32E,16.0,1.0,-2.773
G20F,16.0,1.0,-2.773
A54Q,16.0,1.0,-2.773
T86M,16.0,1.0,-2.773
N31M,16.0,1.0,-2.773
T49Q,16.0,1.0,-2.773
S21N,16.0,1.0,-2.773
N24P,16.0,1.0,-2.773
W70N,16.0,1.0,-2.773
N51Q,16.0,1.0,-2.773
N16P,16.0,1.0,-2.773
S34K,16.0,1.0,-2.773
L75N,16.0,1.0,-2.773
I14Y,16.0,1.0,-2.773
F47Q,16.0,1.0,-2.773
F47*,16.0,1.0,-2.773
G55A,49.0,3.0,-2.793
G13A,33.0,2.0,-2.803
N51T,50.0,3.0,-2.813
V81N,17.0,1.0,-2.833
V56Q,17.0,1.0,-2.833
V56C,17.0,1.0,-2.833
D3K,17.0,1.0,-2.833
W84M,17.0,1.0,-2.833
N31P,17.0,1.0,-2.833
N53W,17.0,1.0,-2.833
V68K,17.0,1.0,-2.833
S30Q,17.0,1.0,-2.833
G11W,17.0,1.0,-2.833
S26H,17.0,1.0,-2.833
T43M,17.0,1.0,-2.833
G20N,17.0,1.0,-2.833
P59M,17.0,1.0,-2.833
L65*,17.0,1.0,-2.833
L65H,17.0,1.0,-2.833
T32N,17.0,1.0,-2.833
G85Q,17.0,1.0,-2.833
W29H,17.0,1.0,-2.833
W29I,17.0,1.0,-2.833
W29M,17.0,1.0,-2.833
G44*,17.0,1.0,-2.833
G44F,17.0,1.0,-2.833
G33N,17.0,1.0,-2.833
T90H,17.0,1.0,-2.833
W70T,17.0,1.0,-2.833
G22E,17.0,1.0,-2.833
F8H,17.0,1.0,-2.833
V80H,17.0,1.0,-2.833
P46R,52.0,3.0,-2.853
Y4N,35.0,2.0,-2.862
S45D,88.0,5.0,-2.868
G63V,71.0,4.0,-2.876
V68H,18.0,1.0,-2.89
V68N,18.0,1.0,-2.89
G11T,18.0,1.0,-2.89
S26K,18.0,1.0,-2.89
N60F,18.0,1.0,-2.89
G13N,18.0,1.0,-2.89
T42K,18.0,1.0,-2.89
Y4K,18.0,1.0,-2.89
A64C,18.0,1.0,-2.89
G38F,18.0,1.0,-2.89
G44A,18.0,1.0,-2.89
T71Q,18.0,1.0,-2.89
A77Y,18.0,1.0,-2.89
I76Q,18.0,1.0,-2.89
I76H,18.0,1.0,-2.89
T49F,18.0,1.0,-2.89
T49W,18.0,1.0,-2.89
S21K,18.0,1.0,-2.89
F8N,18.0,1.0,-2.89
S34M,18.0,1.0,-2.89
L75H,18.0,1.0,-2.89
V37*,18.0,1.0,-2.89
V37H,18.0,1.0,-2.89
V37L,56.0,3.0,-2.927
W84E,19.0,1.0,-2.944
W84Q,19.0,1.0,-2.944
N24E,19.0,1.0,-2.944
S30I,19.0,1.0,-2.944
S26Q,19.0,1.0,-2.944
N28Q,19.0,1.0,-2.944
Y4P,19.0,1.0,-2.944
V27P,19.0,1.0,-2.944
T32Q,19.0,1.0,-2.944
G20C,57.0,3.0,-2.944
A54M,19.0,1.0,-2.944
A54I,19.0,1.0,-2.944
I76*,19.0,1.0,-2.944
I76S,95.0,5.0,-2.944
T2Y,19.0,1.0,-2.944
G44P,19.0,1.0,-2.944
G22Y,19.0,1.0,-2.944
L75I,19.0,1.0,-2.944
I14E,19.0,1.0,-2.944
V80N,19.0,1.0,-2.944
F47C,19.0,1.0,-2.944
G13V,78.0,4.0,-2.97
V27L,59.0,3.0,-2.979
V81E,20.0,1.0,-2.996
V36N,20.0,1.0,-2.996
W84T,20.0,1.0,-2.996
N53*,20.0,1.0,-2.996
G38M,20.0,1.0,-2.996
G63P,20.0,1.0,-2.996
G40*,20.0,1.0,-2.996
T42F,20.0,1.0,-2.996
L67C,20.0,1.0,-2.996
A64M,20.0,1.0,-2.996
P74I,20.0,1.0,-2.996
K39C,20.0,1.0,-2.996
K39D,20.0,1.0,-2.996
P59E,20.0,1.0,-2.996
P59N,20.0,1.0,-2.996
G69M,20.0,1.0,-2.996
D82F,20.0,1.0,-2.996
G20M,20.0,1.0,-2.996
R88N,20.0,1.0,-2.996
G33H,20.0,1.0,-2.996
A77Q,20.0,1.0,-2.996
T2L,80.0,4.0,-2.996
W70H,20.0,1.0,-2.996
G22W,20.0,1.0,-2.996
G22M,20.0,1.0,-2.996
G55Y,20.0,1.0,-2.996
W89Q,20.0,1.0,-2.996
W5L,304.0,15.0,-3.009
R72S,123.0,6.0,-3.02
S26Y,62.0,3.0,-3.029
S45W,145.0,7.0,-3.031
V36H,21.0,1.0,-3.045
T90Q,21.0,1.0,-3.045
G61K,21.0,1.0,-3.045
V68*,21.0,1.0,-3.045
S1K,21.0,1.0,-3.045
Y52Q,21.0,1.0,-3.045
G12E,21.0,1.0,-3.045
T42Y,21.0,1.0,-3.045
T42C,21.0,1.0,-3.045
L67V,63.0,3.0,-3.045
G20H,21.0,1.0,-3.045
L65E,21.0,1.0,-3.045
Y52K,21.0,1.0,-3.045
A54F,21.0,1.0,-3.045
G20Q,21.0,1.0,-3.045
G20T,21.0,1.0,-3.045
T90M,21.0,1.0,-3.045
G44T,21.0,1.0,-3.045
W70F,21.0,1.0,-3.045
W70K,21.0,1.0,-3.045
G55Q,21.0,1.0,-3.045
R72G,149.0,7.0,-3.058
V36*,22.0,1.0,-3.091
R72E,22.0,1.0,-3.091
D3F,22.0,1.0,-3.091
R48Q,22.0,1.0,-3.091
V68T,22.0,1.0,-3.091
G63T,22.0,1.0,-3.091
W57K,22.0,1.0,-3.091
P74K,22.0,1.0,-3.091
K39M,22.0,1.0,-3.091
T32W,22.0,1.0,-3.091
A17N,22.0,1.0,-3.091
W29E,22.0,1.0,-3.091
N53P,22.0,1.0,-3.091
A54L,22.0,1.0,-3.091
T86F,22.0,1.0,-3.091
W41T,22.0,1.0,-3.091
S34*,22.0,1.0,-3.091
I14K,22.0,1.0,-3.091
I14H,22.0,1.0,-3.091
V37Q,22.0,1.0,-3.091
R88S,111.0,5.0,-3.1
Y25D,45.0,2.0,-3.114
V36M,23.0,1.0,-3.135
R72Q,23.0,1.0,-3.135
R48M,23.0,1.0,-3.135
G61E,23.0,1.0,-3.135
G61F,23.0,1.0,-3.135
S30D,23.0,1.0,-3.135
G40T,23.0,1.0,-3.135
W57I,23.0,1.0,-3.135
P74R,69.0,3.0,-3.135
T43V,46.0,2.0,-3.135
S73I,23.0,1.0,-3.135
G61Q,23.0,1.0,-3.135
G44L,23.0,1.0,-3.135
F35M,23.0,1.0,-3.135
F35H,23.0,1.0,-3.135
T2K,23.0,1.0,-3.135
G22I,23.0,1.0,-3.135
F8P,23.0,1.0,-3.135
W89N,23.0,1.0,-3.135
L75Y,23.0,1.0,-3.135
A58W,23.0,1.0,-3.135
I14*,23.0,1.0,-3.135
V80K,23.0,1.0,-3.135
S83I,23.0,1.0,-3.135
V36Q,24.0,1.0,-3.178
V56H,24.0,1.0,-3.178
V68C,24.0,1.0,-3.178
R88D,24.0,1.0,-3.178
R88E,24.0,1.0,-3.178
N24T,24.0,1.0,-3.178
S1D,24.0,1.0,-3.178
V18F,144.0,6.0,-3.178
N28C,24.0,1.0,-3.178
G13E,24.0,1.0,-3.178
T42L,24.0,1.0,-3.178
A64L,24.0,1.0,-3.178
G61P,24.0,1.0,-3.178
G20E,24.0,1.0,-3.178
F35C,24.0,1.0,-3.178
F35Q,24.0,1.0,-3.178
A77H,24.0,1.0,-3.178
A77K,24.0,1.0,-3.178
R48K,24.0,1.0,-3.178
R48D,24.0,1.0,-3.178
G44V,48.0,2.0,-3.178
W70D,24.0,1.0,-3.178
N16A,24.0,1.0,-3.178
N16*,24.0,1.0,-3.178
Y87Q,24.0,1.0,-3.178
F8K,24.0,1.0,-3.178
N7*,24.0,1.0,-3.178
P59A,49.0,2.0,-3.199
V81K,25.0,1.0,-3.219
V56K,25.0,1.0,-3.219
V68G,50.0,2.0,-3.219
V68W,25.0,1.0,-3.219
N60C,25.0,1.0,-3.219
T42R,25.0,1.0,-3.219
K39F,25.0,1.0,-3.219
P59Y,25.0,1.0,-3.219
V27*,25.0,1.0,-3.219
V27Y,25.0,1.0,-3.219
G69*,25.0,1.0,-3.219
G44W,25.0,1.0,-3.219
F35D,25.0,1.0,-3.219
F35K,25.0,1.0,-3.219
I76E,25.0,1.0,-3.219
R48T,25.0,1.0,-3.219
S21Q,25.0,1.0,-3.219
A58H,25.0,1.0,-3.219
V80M,25.0,1.0,-3.219
V37M,25.0,1.0,-3.219
A17E,76.0,3.0,-3.232
Y87L,51.0,2.0,-3.239
P46E,26.0,1.0,-3.258
V36W,26.0,1.0,-3.258
V56Y,26.0,1.0,-3.258
R72N,26.0,1.0,-3.258
R48Y,26.0,1.0,-3.258
D3M,26.0,1.0,-3.258
W84P,26.0,1.0,-3.258
G61*,26.0,1.0,-3.258
A66D,26.0,1.0,-3.258
G38P,26.0,1.0,-3.258
G63E,26.0,1.0,-3.258
N60A,26.0,1.0,-3.258
I14C,26.0,1.0,-3.258
G13F,26.0,1.0,-3.258
W57M,26.0,1.0,-3.258
L67Q,26.0,1.0,-3.258
R72*,26.0,1.0,-3.258
G85H,26.0,1.0,-3.258
T43W,26.0,1.0,-3.258
G20Y,26.0,1.0,-3.258
Y25K,26.0,1.0,-3.258
N31E,26.0,1.0,-3.258
G55T,26.0,1.0,-3.258
S34I,26.0,1.0,-3.258
I14M,26.0,1.0,-3.258
T92N,131.0,5.0,-3.266
S45T,132.0,5.0,-3.273
N28V,53.0,2.0,-3.277
V36C,27.0,1.0,-3.296
S30W,27.0,1.0,-3.296
W57Q,27.0,1.0,-3.296
A64R,27.0,1.0,-3.296
K39P,27.0,1.0,-3.296
V27E,27.0,1.0,-3.296
A17L,162.0,6.0,-3.296
A77D,27.0,1.0,-3.296
T49M,27.0,1.0,-3.296
T2M,27.0,1.0,-3.296
W70M,27.0,1.0,-3.296
N51W,27.0,1.0,-3.296
N16W,27.0,1.0,-3.296
N16E,27.0,1.0,-3.296
S34Q,27.0,1.0,-3.296
S34E,27.0,1.0,-3.296
Y25I,27.0,1.0,-3.296
G91V,245.0,9.0,-3.304
P46W,28.0,1.0,-3.332
V36T,28.0,1.0,-3.332
A66K,28.0,1.0,-3.332
I14W,28.0,1.0,-3.332
N28E,28.0,1.0,-3.332
R72T,28.0,1.0,-3.332
W57N,28.0,1.0,-3.332
L67D,28.0,1.0,-3.332
L67W,28.0,1.0,-3.332
L67S,28.0,1.0,-3.332
G69L,28.0,1.0,-3.332
Y52E,28.0,1.0,-3.332
G20P,28.0,1.0,-3.332
T86C,28.0,1.0,-3.332
W70P,28.0,1.0,-3.332
W70E,28.0,1.0,-3.332
A58D,28.0,1.0,-3.332
A58Q,28.0,1.0,-3.332
Y25S,84.0,3.0,-3.332
G61A,57.0,2.0,-3.35
L6Q,114.0,4.0,-3.35
R88A,86.0,3.0,-3.356
P46V,29.0,1.0,-3.367
V56P,29.0,1.0,-3.367
T9V,29.0,1.0,-3.367
G61M,29.0,1.0,-3.367
W89H,29.0,1.0,-3.367
S26N,29.0,1.0,-3.367
G38W,29.0,1.0,-3.367
N28*,29.0,1.0,-3.367
N28P,29.0,1.0,-3.367
S21D,29.0,1.0,-3.367
L67M,29.0,1.0,-3.367
Y4D,29.0,1.0,-3.367
K39W,29.0,1.0,-3.367
Y25T,29.0,1.0,-3.367
D82K,29.0,1.0,-3.367
G85*,29.0,1.0,-3.367
A54K,29.0,1.0,-3.367
G33F,29.0,1.0,-3.367
T71D,29.0,1.0,-3.367
S21C,29.0,1.0,-3.367
W62K,29.0,1.0,-3.367
Y79I,29.0,1.0,-3.367
V80E,29.0,1.0,-3.367
F47W,29.0,1.0,-3.367
G12R,238.0,8.0,-3.393
R72F,30.0,1.0,-3.401
R72M,30.0,1.0,-3.401
D3Q,30.0,1.0,-3.401
S73Q,30.0,1.0,-3.401
G38L,30.0,1.0,-3.401
T43P,30.0,1.0,-3.401
G22F,30.0,1.0,-3.401
Y93W,30.0,1.0,-3.401
K39T,30.0,1.0,-3.401
P59C,30.0,1.0,-3.401
V27T,30.0,1.0,-3.401
T32*,30.0,1.0,-3.401
G69T,30.0,1.0,-3.401
A54*,30.0,1.0,-3.401
G33K,30.0,1.0,-3.401
G85E,30.0,1.0,-3.401
F35E,30.0,1.0,-3.401
I76D,30.0,1.0,-3.401
T2D,30.0,1.0,-3.401
A58M,30.0,1.0,-3.401
V37C,30.0,1.0,-3.401
V81H,31.0,1.0,-3.434
R72P,62.0,2.0,-3.434
L65A,31.0,1.0,-3.434
F8D,31.0,1.0,-3.434
W84G,93.0,3.0,-3.434
N53C,31.0,1.0,-3.434
G61R,93.0,3.0,-3.434
W89E,31.0,1.0,-3.434
Y4Q,31.0,1.0,-3.434
G85F,31.0,1.0,-3.434
S73K,31.0,1.0,-3.434
G33M,31.0,1.0,-3.434
V15H,31.0,1.0,-3.434
A77F,31.0,1.0,-3.434
I76K,31.0,1.0,-3.434
T2C,31.0,1.0,-3.434
G33Q,31.0,1.0,-3.434
G22*,31.0,1.0,-3.434
N16C,31.0,1.0,-3.434
N16G,31.0,1.0,-3.434
F8T,31.0,1.0,-3.434
S34D,31.0,1.0,-3.434
A58F,31.0,1.0,-3.434
Y52M,31.0,1.0,-3.434
V37E,31.0,1.0,-3.434
F47E,31.0,1.0,-3.434
V81Q,32.0,1.0,-3.466
V56T,32.0,1.0,-3.466
V56M,32.0,1.0,-3.466
R72D,32.0,1.0,-3.466
S1Q,32.0,1.0,-3.466
A66F,32.0,1.0,-3.466
I14A,32.0,1.0,-3.466
N28W,32.0,1.0,-3.466
L65C,32.0,1.0,-3.466
G85P,32.0,1.0,-3.466
W29D,32.0,1.0,-3.466
A54C,32.0,1.0,-3.466
T86Y,32.0,1.0,-3.466
N16F,32.0,1.0,-3.466
G55W,32.0,1.0,-3.466
G55E,32.0,1.0,-3.466
F8*,32.0,1.0,-3.466
L75D,32.0,1.0,-3.466
S83A,96.0,3.0,-3.466
A58*,32.0,1.0,-3.466
Y25P,32.0,1.0,-3.466
V80Q,32.0,1.0,-3.466
N7T,32.0,1.0,-3.466
V37W,32.0,1.0,-3.466
I76L,97.0,3.0,-3.476
N19K,98.0,3.0,-3.486
V81M,33.0,1.0,-3.497
G61W,33.0,1.0,-3.497
S30V,33.0,1.0,-3.497
Y52P,33.0,1.0,-3.497
A66W,33.0,1.0,-3.497
T43E,33.0,1.0,-3.497
V27W,33.0,1.0,-3.497
N53L,33.0,1.0,-3.497
G85I,33.0,1.0,-3.497
G20W,33.0,1.0,-3.497
G20*,33.0,1.0,-3.497
T71C,33.0,1.0,-3.497
F35P,33.0,1.0,-3.497
W62Q,33.0,1.0,-3.497
F47P,33.0,1.0,-3.497
V18L,331.0,10.0,-3.5
G63R,67.0,2.0,-3.512
V56*,34.0,1.0,-3.526
S45N,34.0,1.0,-3.526
T42V,34.0,1.0,-3.526
W57Y,34.0,1.0,-3.526
W57G,204.0,6.0,-3.526
W57F,34.0,1.0,-3.526
Y4S,68.0,2.0,-3.526
Y4E,34.0,1.0,-3.526
L65W,34.0,1.0,-3.526
T32L,34.0,1.0,-3.526
F35T,34.0,1.0,-3.526
I76P,34.0,1.0,-3.526
G22P,34.0,1.0,-3.526
Y79K,34.0,1.0,-3.526
Y79P,34.0,1.0,-3.526
S83Q,34.0,1.0,-3.526
V80*,34.0,1.0,-3.526
N51E,34.0,1.0,-3.526
G38R,69.0,2.0,-3.541
L65R,69.0,2.0,-3.541
I50V,518.0,15.0,-3.542
N24*,35.0,1.0,-3.555
S26*,35.0,1.0,-3.555
G13T,35.0,1.0,-3.555
G40W,35.0,1.0,-3.555
G91N,35.0,1.0,-3.555
T43*,35.0,1.0,-3.555
Y25E,35.0,1.0,-3.555
G20I,35.0,1.0,-3.555
T86V,35.0,1.0,-3.555
T49*,35.0,1.0,-3.555
T2H,35.0,1.0,-3.555
T2*,35.0,1.0,-3.555
W62D,35.0,1.0,-3.555
Y87E,35.0,1.0,-3.555
I14S,35.0,1.0,-3.555
W41G,71.0,2.0,-3.57
V56W,36.0,1.0,-3.584
V56E,36.0,1.0,-3.584
F8E,36.0,1.0,-3.584
N60V,36.0,1.0,-3.584
S83N,36.0,1.0,-3.584
G13P,36.0,1.0,-3.584
G13*,36.0,1.0,-3.584
L65F,36.0,1.0,-3.584
A17H,36.0,1.0,-3.584
W29T,36.0,1.0,-3.584
G20A,36.0,1.0,-3.584
T71M,36.0,1.0,-3.584
A77M,36.0,1.0,-3.584
G22T,36.0,1.0,-3.584
W62E,36.0,1.0,-3.584
Y52W,36.0,1.0,-3.584
W29S,73.0,2.0,-3.597
V81*,37.0,1.0,-3.611
N31C,37.0,1.0,-3.611
T9G,37.0,1.0,-3.611
V68S,37.0,1.0,-3.611
W89I,37.0,1.0,-3.611
G11A,37.0,1.0,-3.611
A66*,37.0,1.0,-3.611
W29Q,37.0,1.0,-3.611
S21*,37.0,1.0,-3.611
W89Y,37.0,1.0,-3.611
W62M,37.0,1.0,-3.611
Y87W,37.0,1.0,-3.611
V36G,75.0,2.0,-3.624
R72Y,38.0,1.0,-3.638
G61N,38.0,1.0,-3.638
N24F,38.0,1.0,-3.638
S26I,38.0,1.0,-3.638
A17P,76.0,2.0,-3.638
P74E,38.0,1.0,-3.638
G85T,38.0,1.0,-3.638
G33Y,38.0,1.0,-3.638
A77P,38.0,1.0,-3.638
I76Y,38.0,1.0,-3.638
A58G,114.0,3.0,-3.638
A58Y,38.0,1.0,-3.638
Y52I,38.0,1.0,-3.638
V37P,38.0,1.0,-3.638
V37T,38.0,1.0,-3.638
S1N,39.0,1.0,-3.664
S26M,39.0,1.0,-3.664
Y4T,39.0,1.0,-3.664
Y52T,39.0,1.0,-3.664
A17I,39.0,1.0,-3.664
G33W,39.0,1.0,-3.664
T71*,39.0,1.0,-3.664
T2E,39.0,1.0,-3.664
G55L,39.0,1.0,-3.664
G38A,40.0,1.0,-3.689
N24A,40.0,1.0,-3.689
S1I,40.0,1.0,-3.689
S26V,80.0,2.0,-3.689
W57E,40.0,1.0,-3.689
L67G,40.0,1.0,-3.689
D82P,40.0,1.0,-3.689
I14R,40.0,1.0,-3.689
V80Y,40.0,1.0,-3.689
V80C,40.0,1.0,-3.689
G33R,121.0,3.0,-3.697
A64G,81.0,2.0,-3.701
V36R,41.0,1.0,-3.714
D3*,41.0,1.0,-3.714
V81Y,41.0,1.0,-3.714
L67R,41.0,1.0,-3.714
P59W,41.0,1.0,-3.714
A77C,41.0,1.0,-3.714
R48E,41.0,1.0,-3.714
T86*,41.0,1.0,-3.714
W41A,41.0,1.0,-3.714
N16T,41.0,1.0,-3.714
L75F,41.0,1.0,-3.714
Y25M,41.0,1.0,-3.714
L6N,41.0,1.0,-3.714
D82A,124.0,3.0,-3.722
N24Q,42.0,1.0,-3.738
A58C,42.0,1.0,-3.738
G13L,42.0,1.0,-3.738
G33*,42.0,1.0,-3.738
T71E,42.0,1.0,-3.738
A77*,42.0,1.0,-3.738
Y79E,42.0,1.0,-3.738
S83D,42.0,1.0,-3.738
S83Y,42.0,1.0,-3.738
P46A,43.0,1.0,-3.761
N24C,43.0,1.0,-3.761
P74W,43.0,1.0,-3.761
Y52D,43.0,1.0,-3.761
G33T,43.0,1.0,-3.761
V80W,43.0,1.0,-3.761
S83H,43.0,1.0,-3.761
V18K,44.0,1.0,-3.784
G13W,44.0,1.0,-3.784
P74*,44.0,1.0,-3.784
K94Y,44.0,1.0,-3.784
D82T,44.0,1.0,-3.784
F35*,44.0,1.0,-3.784
N16R,44.0,1.0,-3.784
W62Y,44.0,1.0,-3.784
S34W,44.0,1.0,-3.784
S83M,44.0,1.0,-3.784
L75R,133.0,3.0,-3.792
G22R,89.0,2.0,-3.795
V68R,45.0,1.0,-3.807
S30L,45.0,1.0,-3.807
G63L,45.0,1.0,-3.807
L65T,45.0,1.0,-3.807
L65V,45.0,1.0,-3.807
A17K,45.0,1.0,-3.807
W29P,45.0,1.0,-3.807
T71W,45.0,1.0,-3.807
S21M,45.0,1.0,-3.807
S1C,46.0,1.0,-3.829
D82M,46.0,1.0,-3.829
F35W,46.0,1.0,-3.829
Y93Q,46.0,1.0,-3.829
S34Y,46.0,1.0,-3.829
L75T,46.0,1.0,-3.829
W5N,47.0,1.0,-3.85
S26E,47.0,1.0,-3.85
T42G,47.0,1.0,-3.85
W57D,47.0,1.0,-3.85
G85W,47.0,1.0,-3.85
P74V,47.0,1.0,-3.85
K94Q,47.0,1.0,-3.85
Y93M,47.0,1.0,-3.85
V27C,47.0,1.0,-3.85
A17D,47.0,1.0,-3.85
N51A,47.0,1.0,-3.85
F8R,96.0,2.0,-3.871
W84V,48.0,1.0,-3.871
G33E,48.0,1.0,-3.871
I76M,48.0,1.0,-3.871
N31A,48.0,1.0,-3.871
N16L,48.0,1.0,-3.871
L75*,48.0,1.0,-3.871
Y79D,48.0,1.0,-3.871
N51V,48.0,1.0,-3.871
N7C,48.0,1.0,-3.871
W89G,146.0,3.0,-3.885
G12A,147.0,3.0,-3.892
T90C,49.0,1.0,-3.892
S21V,49.0,1.0,-3.892
Y79Q,49.0,1.0,-3.892
A77G,149.0,3.0,-3.905
V36S,50.0,1.0,-3.912
W84A,50.0,1.0,-3.912
N60L,50.0,1.0,-3.912
S83K,50.0,1.0,-3.912
V27S,50.0,1.0,-3.912
T86P,50.0,1.0,-3.912
W41V,50.0,1.0,-3.912
S1*,51.0,1.0,-3.932
S21W,51.0,1.0,-3.932
Y4W,51.0,1.0,-3.932
P59V,51.0,1.0,-3.932
A54R,51.0,1.0,-3.932
T71P,51.0,1.0,-3.932
Y93D,51.0,1.0,-3.932
T2N,51.0,1.0,-3.932
S34C,51.0,1.0,-3.932
L75E,51.0,1.0,-3.932
Y79T,51.0,1.0,-3.932
V80G,102.0,2.0,-3.932
W89M,52.0,1.0,-3.951
S73M,52.0,1.0,-3.951
A77E,52.0,1.0,-3.951
A77W,52.0,1.0,-3.951
Y93E,52.0,1.0,-3.951
Y52A,52.0,1.0,-3.951
V37G,104.0,2.0,-3.951
V56S,53.0,1.0,-3.97
A66Y,53.0,1.0,-3.97
A17Q,53.0,1.0,-3.97
R88T,53.0,1.0,-3.97
F8A,53.0,1.0,-3.97
W89P,53.0,1.0,-3.97
Y79N,53.0,1.0,-3.97
N51R,53.0,1.0,-3.97
D82*,54.0,1.0,-3.989
I76W,54.0,1.0,-3.989
W62P,54.0,1.0,-3.989
W89D,54.0,1.0,-3.989
Y79M,54.0,1.0,-3.989
A58P,54.0,1.0,-3.989
V15Q,54.0,1.0,-3.989
F47A,54.0,1.0,-3.989
R72W,55.0,1.0,-4.007
N53R,55.0,1.0,-4.007
G12Y,55.0,1.0,-4.007
S45H,55.0,1.0,-4.007
A17Y,55.0,1.0,-4.007
L67A,56.0,1.0,-4.025
G61T,56.0,1.0,-4.025
W70A,56.0,1.0,-4.025
V80P,56.0,1.0,-4.025
N7A,56.0,1.0,-4.025
V81P,57.0,1.0,-4.043
D3L,57.0,1.0,-4.043
D82C,57.0,1.0,-4.043
K94F,57.0,1.0,-4.043
A17*,57.0,1.0,-4.043
A17F,57.0,1.0,-4.043
T2W,57.0,1.0,-4.043
V15N,57.0,1.0,-4.043
F47G,57.0,1.0,-4.043
S45I,58.0,1.0,-4.06
Y93I,58.0,1.0,-4.06
W29V,58.0,1.0,-4.06
V37S,58.0,1.0,-4.06
Y93V,117.0,2.0,-4.069
K94H,59.0,1.0,-4.078
A17M,59.0,1.0,-4.078
Y79W,59.0,1.0,-4.078
N7W,59.0,1.0,-4.078
W5H,60.0,1.0,-4.094
G61L,60.0,1.0,-4.094
F35A,60.0,1.0,-4.094
G12Q,61.0,1.0,-4.111
G33P,61.0,1.0,-4.111
I50E,61.0,1.0,-4.111
I14L,61.0,1.0,-4.111
N53V,62.0,1.0,-4.127
V18Q,62.0,1.0,-4.127
S45Q,62.0,1.0,-4.127
Y4L,62.0,1.0,-4.127
K39V,62.0,1.0,-4.127
L75C,62.0,1.0,-4.127
L6*,62.0,1.0,-4.127
V56R,63.0,1.0,-4.143
S21E,63.0,1.0,-4.143
A17C,63.0,1.0,-4.143
N19T,127.0,2.0,-4.151
W5I,64.0,1.0,-4.159
G91Y,64.0,1.0,-4.159
S1W,64.0,1.0,-4.159
S26D,64.0,1.0,-4.159
W57T,64.0,1.0,-4.159
P74A,64.0,1.0,-4.159
T32R,64.0,1.0,-4.159
I50K,64.0,1.0,-4.159
L75S,64.0,1.0,-4.159
L6I,64.0,1.0,-4.159
L6H,64.0,1.0,-4.159
W5S,257.0,4.0,-4.163
S83E,65.0,1.0,-4.174
N31L,65.0,1.0,-4.174
V15Y,65.0,1.0,-4.174
V81C,66.0,1.0,-4.19
G91K,66.0,1.0,-4.19
S83W,66.0,1.0,-4.19
N60G,66.0,1.0,-4.19
N28L,66.0,1.0,-4.19
S73*,66.0,1.0,-4.19
N31V,66.0,1.0,-4.19
L6K,66.0,1.0,-4.19
V18E,67.0,1.0,-4.205
G69R,67.0,1.0,-4.205
L75W,67.0,1.0,-4.205
V81T,68.0,1.0,-4.22
V18N,68.0,1.0,-4.22
S45K,68.0,1.0,-4.22
T32V,68.0,1.0,-4.22
T71V,68.0,1.0,-4.22
L6Y,68.0,1.0,-4.22
L6D,68.0,1.0,-4.22
G12M,69.0,1.0,-4.234
G40R,69.0,1.0,-4.234
Y93L,69.0,1.0,-4.234
W89T,69.0,1.0,-4.234
V80T,69.0,1.0,-4.234
N51G,69.0,1.0,-4.234
W57P,70.0,1.0,-4.248
S73W,70.0,1.0,-4.248
G22L,70.0,1.0,-4.248
W62F,70.0,1.0,-4.248
G20L,71.0,1.0,-4.263
W62A,71.0,1.0,-4.263
G91Q,72.0,1.0,-4.277
W62T,72.0,1.0,-4.277
V18*,73.0,1.0,-4.29
S83C,73.0,1.0,-4.29
K94D,73.0,1.0,-4.29
T71L,73.0,1.0,-4.29
L75A,73.0,1.0,-4.29
S30G,74.0,1.0,-4.304
G12H,74.0,1.0,-4.304
P59R,74.0,1.0,-4.304
A17W,74.0,1.0,-4.304
T86W,74.0,1.0,-4.304
G33A,74.0,1.0,-4.304
S34R,74.0,1.0,-4.304
V81W,75.0,1.0,-4.317
G91F,75.0,1.0,-4.317
N7V,75.0,1.0,-4.317
Y79A,75.0,1.0,-4.317
N31R,76.0,1.0,-4.331
G12K,76.0,1.0,-4.331
W29A,76.0,1.0,-4.331
T86R,76.0,1.0,-4.331
W70S,76.0,1.0,-4.331
Y25W,76.0,1.0,-4.331
V15K,76.0,1.0,-4.331
G85A,77.0,1.0,-4.344
L65S,77.0,1.0,-4.344
W5Y,78.0,1.0,-4.357
S45M,78.0,1.0,-4.357
Y25L,78.0,1.0,-4.357
W70V,78.0,1.0,-4.357
L6F,78.0,1.0,-4.357
T43G,79.0,1.0,-4.369
K39S,79.0,1.0,-4.369
K39A,80.0,1.0,-4.382
R72A,81.0,1.0,-4.394
A77L,81.0,1.0,-4.394
Y52S,81.0,1.0,-4.394
G91H,82.0,1.0,-4.407
Y87R,83.0,1.0,-4.419
N7L,83.0,1.0,-4.419
W57A,84.0,1.0,-4.431
Y4V,84.0,1.0,-4.431
G85L,84.0,1.0,-4.431
T49G,84.0,1.0,-4.431
N19F,84.0,1.0,-4.431
L75V,85.0,1.0,-4.443
G91R,344.0,4.0,-4.454
S1L,86.0,1.0,-4.454
T92Y,86.0,1.0,-4.454
T86L,86.0,1.0,-4.454
T2G,86.0,1.0,-4.454
V15M,86.0,1.0,-4.454
N24L,87.0,1.0,-4.466
Y52L,87.0,1.0,-4.466
F35R,87.0,1.0,-4.466
I76A,87.0,1.0,-4.466
V15P,87.0,1.0,-4.466
G91I,88.0,1.0,-4.477
W57V,89.0,1.0,-4.489
D82W,89.0,1.0,-4.489
V27R,89.0,1.0,-4.489
V80S,89.0,1.0,-4.489
D82S,90.0,1.0,-4.5
Y25A,90.0,1.0,-4.5
V15T,90.0,1.0,-4.5
V81G,181.0,2.0,-4.505
Y93P,91.0,1.0,-4.511
R48G,182.0,2.0,-4.511
W5Q,92.0,1.0,-4.522
S45Y,92.0,1.0,-4.522
K39G,92.0,1.0,-4.522
I50H,92.0,1.0,-4.522
I76G,92.0,1.0,-4.522
K94W,185.0,2.0,-4.527
S73V,93.0,1.0,-4.533
V18M,93.0,1.0,-4.533
N53G,93.0,1.0,-4.533
G33L,93.0,1.0,-4.533
Y79L,93.0,1.0,-4.533
V37R,93.0,1.0,-4.533
F35V,94.0,1.0,-4.543
W5D,95.0,1.0,-4.554
T71R,95.0,1.0,-4.554
W5K,96.0,1.0,-4.564
T32G,96.0,1.0,-4.564
S21A,96.0,1.0,-4.564
S45*,97.0,1.0,-4.575
V18W,98.0,1.0,-4.585
A66R,99.0,1.0,-4.595
Y52G,99.0,1.0,-4.595
R72V,100.0,1.0,-4.605
W89S,100.0,1.0,-4.605
V18Y,101.0,1.0,-4.615
G12I,101.0,1.0,-4.615
G91T,101.0,1.0,-4.615
I50Q,101.0,1.0,-4.615
T71G,102.0,1.0,-4.625
V18H,103.0,1.0,-4.635
G12W,103.0,1.0,-4.635
N28G,103.0,1.0,-4.635
T90L,104.0,1.0,-4.644
G12*,104.0,1.0,-4.644
Y4G,104.0,1.0,-4.644
P59G,104.0,1.0,-4.644
T92P,314.0,3.0,-4.651
V81S,105.0,1.0,-4.654
V18P,106.0,1.0,-4.663
L65G,106.0,1.0,-4.663
V80R,106.0,1.0,-4.663
P74G,107.0,1.0,-4.673
W62V,107.0,1.0,-4.673
D82L,110.0,1.0,-4.7
I50P,110.0,1.0,-4.7
L6C,110.0,1.0,-4.7
Y52R,113.0,1.0,-4.727
Y4A,113.0,1.0,-4.727
G91E,113.0,1.0,-4.727
I50D,113.0,1.0,-4.727
Y79V,113.0,1.0,-4.727
T90G,228.0,2.0,-4.736
F35G,114.0,1.0,-4.736
V81L,115.0,1.0,-4.745
G12F,116.0,1.0,-4.754
V18G,235.0,2.0,-4.766
Y93T,118.0,1.0,-4.771
I50L,359.0,3.0,-4.785
G12T,120.0,1.0,-4.787
G12P,120.0,1.0,-4.787
Y4R,120.0,1.0,-4.787
V18T,121.0,1.0,-4.796
I50S,365.0,3.0,-4.801
F8G,122.0,1.0,-4.804
N19C,122.0,1.0,-4.804
G85R,123.0,1.0,-4.812
Y25V,123.0,1.0,-4.812
L6E,123.0,1.0,-4.812
Y79S,125.0,1.0,-4.828
V80L,125.0,1.0,-4.828
I50M,127.0,1.0,-4.844
N19*,127.0,1.0,-4.844
L6W,127.0,1.0,-4.844
I50W,129.0,1.0,-4.86
T86G,129.0,1.0,-4.86
S73R,130.0,1.0,-4.868
A77R,130.0,1.0,-4.868
Y52V,131.0,1.0,-4.875
Y79G,132.0,1.0,-4.883
T92M,133.0,1.0,-4.89
Y25R,133.0,1.0,-4.89
V15E,135.0,1.0,-4.905
T92K,136.0,1.0,-4.913
W5M,137.0,1.0,-4.92
T2R,137.0,1.0,-4.92
W5P,139.0,1.0,-4.934
S83L,139.0,1.0,-4.934
S45E,139.0,1.0,-4.934
S34G,139.0,1.0,-4.934
A17G,279.0,2.0,-4.938
G91M,140.0,1.0,-4.942
V15C,140.0,1.0,-4.942
Y79R,141.0,1.0,-4.949
W5T,142.0,1.0,-4.956
G91*,142.0,1.0,-4.956
T92H,142.0,1.0,-4.956
W29G,142.0,1.0,-4.956
V18C,144.0,1.0,-4.97
D3R,145.0,1.0,-4.977
W57S,145.0,1.0,-4.977
T92*,145.0,1.0,-4.977
V81R,146.0,1.0,-4.984
V15*,146.0,1.0,-4.984
G91W,147.0,1.0,-4.99
I50*,147.0,1.0,-4.99
I76R,148.0,1.0,-4.997
T92F,152.0,1.0,-5.024
S83R,156.0,1.0,-5.05
S21G,158.0,1.0,-5.063
T92Q,158.0,1.0,-5.063
G91A,320.0,2.0,-5.075
K94P,162.0,1.0,-5.088
V15W,162.0,1.0,-5.088
S83V,163.0,1.0,-5.094
V27G,163.0,1.0,-5.094
W70G,163.0,1.0,-5.094
V15R,328.0,2.0,-5.1
L75G,166.0,1.0,-5.112
K94C,169.0,1.0,-5.13
L6T,169.0,1.0,-5.13
G91P,176.0,1.0,-5.17
K94T,182.0,1.0,-5.204
D82R,184.0,1.0,-5.215
S26G,185.0,1.0,-5.22
W5E,186.0,1.0,-5.226
N7G,187.0,1.0,-5.231
T92W,189.0,1.0,-5.242
S1G,195.0,1.0,-5.273
A17R,198.0,1.0,-5.288
I50A,204.0,1.0,-5.318
Y25G,204.0,1.0,-5.318
S83G,213.0,1.0,-5.361
I50C,213.0,1.0,-5.361
V18R,219.0,1.0,-5.389
V15S,238.0,1.0,-5.472
L6A,249.0,1.0,-5.517
G91L,252.0,1.0,-5.529
S45V,253.0,1.0,-5.533
V15G,538.0,2.0,-5.595
I50R,270.0,1.0,-5.598
L6S,270.0,1.0,-5.598
G12L,273.0,1.0,-5.609
K94S,276.0,1.0,-5.62
K94A,284.0,1.0,-5.649
L6V,284.0,1.0,-5.649
K94L,286.0,1.0,-5.656
W5A,290.0,1.0,-5.67
V18S,306.0,1.0,-5.724
N19R,337.0,1.0,-5.82
I50G,339.0,1.0,-5.826
W5V,344.0,1.0,-5.841
T92C,346.0,1.0,-5.846
L6R,367.0,1.0,-5.905
S45R,372.0,1.0,-5.919
T92R,448.0,1.0,-6.105
K94G,449.0,1.0,-6.107
N19G,450.0,1.0,-6.109
L6G,466.0,1.0,-6.144
W5G,546.0,1.0,-6.303
T92L,635.0,1.0,-6.454
T92G,697.0,1.0,-6.547
T92V,798.0,1.0,-6.682
