
Last position-specific scoring matrix computed, weighted observed percentages rounded down, information per position, and relative weight of gapless real matches to pseudocounts
            A   R   N   D   C   Q   E   G   H   I   L   K   M   F   P   S   T   W   Y   V   A   R   N   D   C   Q   E   G   H   I   L   K   M   F   P   S   T   W   Y   V
    1 S     5  -4  -3  -4  -3  -3  -3  -3  -4  -4  -4  -3  -3  -5  -3   2   4  -5  -4  -3   59   0   0   0   0   0   0   0   0   0   0   0   0   0   0  11  29   0   0   0  1.14 0.43
    2 R    -4   6  -3  -4  -6   2  -2  -4  -4  -6  -6   5  -3  -6   1  -4  -4  -6  -5  -6    1  41   0   0   0  10   1   1   0   0   0  40   0   0   7   0   0   0   0   0  1.40 0.53
    3 L    -5  -6  -7  -6  -5  -6  -6  -7  -6   4   5  -6   3  -3  -6  -6  -3  -4  -5   1    0   0   0   0   0   0   0   0   0  21  66   0   5   0   0   0   1   0   0   6  1.43 0.54
    4 D    -3   1   2   5  -3   2   0  -3   1  -5  -5  -2  -5  -6  -4   0   3  -6  -5  -3    2   9   9  37   1   8   3   1   3   0   0   1   0   0   0   8  17   0   0   1  0.80 0.40
    5 K    -3   8  -5  -6  -7   0  -3  -5  -3  -6  -5   2  -5  -7   0  -4  -3  -5  -6  -4    3  74   0   0   0   4   1   0   0   0   1   9   0   0   6   1   1   0   0   1  1.89 0.70
    6 S     2   0  -2   3  -5   2   4  -1  -2  -5  -4   0  -4  -6  -2  -1   0  -6  -5  -4   17   4   1  17   0   9  30   5   0   0   1   4   0   0   2   2   5   0   0   0  0.61 0.34
    7 K     1   3  -1   2  -3   3   0  -2  -1  -2  -2  -1  -2  -5  -3  -1   3  -5  -4  -1   13  16   1  13   0  15   4   2   1   2   4   2   1   0   0   3  19   0   0   4  0.39 0.28
    8 V    -2  -6  -7  -7  -5  -6  -6  -7  -7   5  -1  -6   0  -4  -6  -5  -1  -6  -3   6    2   0   0   0   0   0   0   0   0  33   3   0   2   0   0   0   3   0   1  56  1.52 0.58
    9 I     2  -6  -6  -6  -4  -5  -6  -5  -6   4   1  -5   0  -4  -5  -4  -2  -6  -5   5   16   0   0   0   0   0   0   0   0  19  13   0   1   0   0   0   2   0   0  48  1.09 0.47
   10 N     2   4  -2   4  -4   1   2  -2  -1  -5  -5  -1  -4  -6  -4   0   0  -6  -5  -4   15  23   1  24   0   7  13   2   1   0   0   1   0   0   0   6   6   0   0   0  0.65 0.36
   11 S     5  -4  -4  -4  -3  -3   2   1  -4  -4  -5  -2  -3  -6  -4  -1   4  -6  -5  -2   45   0   0   0   0   1  12   8   0   0   0   2   0   0   0   2  25   0   0   2  0.89 0.47
   12 A     7  -6  -6  -6  -5  -5  -5   0  -6  -6  -6  -5  -5  -7  -5  -3  -3  -7  -6  -5   91   0   0   0   0   0   0   8   0   0   0   0   0   0   0   1   1   0   0   0  2.11 0.80
   13 L    -5  -3  -7  -7  -5  -6  -7  -7  -7   1   6  -6   1   0  -7  -6  -5   0  -5   0    0   1   0   0   0   0   0   0   0   7  80   0   2   3   0   0   0   1   0   5  1.61 0.61
   14 E     2   4  -2   3  -5   0   3  -2  -2  -4  -4   0  -3  -5  -4  -1   0  -6  -5  -2   17  21   1  18   0   3  22   3   1   0   1   5   0   0   0   2   5   0   0   2  0.58 0.33
   15 L    -5  -6  -7  -7  -5  -4  -6  -8  -7   1   6  -6  -1  -2  -7  -6  -4  -6  -3   1    0   0   0   0   0   1   0   0   0   6  80   0   1   1   0   0   0   0   1  10  1.64 0.62
   16 L    -6  -6  -8  -8  -5  -6  -7  -8  -7  -1   7  -7   0  -4  -7  -6  -5  -6  -5  -1    0   0   0   0   0   0   0   0   0   2  92   0   1   0   0   0   0   0   0   4  2.05 0.74
   17 N    -3  -4   5   7  -7  -3   0  -3  -5  -7  -8  -3  -7  -8  -6  -4  -4  -8  -7  -7    2   1  29  58   0   1   6   1   0   0   0   1   0   0   0   0   0   0   0   0  1.86 0.70
   18 E    -1   0  -4   2  -7   1   7  -5  -4  -6  -6  -2  -6  -7  -5  -3  -3  -7  -6  -5    6   5   0  10   0   4  69   0   0   0   0   1   0   0   0   2   2   0   0   1  1.59 0.67
   19 V    -1   0  -2   0  -4  -1   1   0   1  -1  -2   0  -3  -3  -4  -1   0  -5   1   5    4   4   1   5   0   2  10   6   3   1   2   5   0   0   0   4   5   0   4  41  0.39 0.29
   20 G    -5  -7  -5  -6  -7  -7  -7   8  -7  -9  -9  -6  -8  -8  -7  -5  -6  -7  -8  -8    0   0   0   0   0   0   0 100   0   0   0   0   0   0   0   0   0   0   0   0  2.89 0.93
   21 I    -2  -5  -7  -7  -5  -6  -5  -7  -6   2   6  -6   3  -3  -7  -4  -5  -6  -5   0    4   0   0   0   0   0   0   0   0  11  72   0   6   0   0   1   0   0   0   5  1.45 0.58
   22 E     0  -5  -1   7  -7  -3   4  -2  -4  -7  -7  -4  -7  -8  -5  -4  -4  -8  -7  -7    7   0   3  58   0   0  28   3   0   0   0   0   0   0   0   0   0   0   0   0  1.73 0.69
   23 G     3  -2  -2   0  -5  -3  -2   6  -4  -6  -6   0  -4  -6  -5  -1  -3  -6  -6  -5   24   2   1   5   0   1   2  54   0   0   0   5   0   0   0   3   1   0   0   0  1.17 0.51
   24 L    -5  -6  -7  -8  -5  -6  -7  -8  -7   0   6  -6  -1  -1  -7  -6  -5  -6  -5   3    0   0   0   0   0   0   0   0   0   4  75   0   1   2   0   0   0   0   0  19  1.65 0.64
   25 T    -4  -5  -4  -5  -6  -5  -5  -6  -6  -6  -6  -5  -6  -7  -6   4   7  -7  -6  -5    0   0   0   0   0   0   0   0   0   0   0   0   0   0   0  30  69   0   0   0  2.09 0.86
   26 T    -3  -6  -6  -6  -5  -5  -6  -6  -6  -2   3  -5   7  -2  -6  -4   4  -6  -5   1    2   0   0   0   0   0   0   0   0   1  30   0  30   2   0   0  27   0   0   9  1.32 0.60
   27 R    -7   9  -6  -7  -9  -3  -5  -8  -2  -8  -7  -3  -7  -8  -7  -5  -6  -8  -5  -8    0  98   0   0   0   0   0   0   1   0   0   0   0   0   0   0   0   0   0   0  3.14 1.07
   28 K     3   6  -3  -5  -6  -1  -3  -2  -4  -5  -1   4  -3  -6  -5  -2  -3  -6  -5  -3   22  37   1   0   0   2   0   4   0   0   5  24   0   0   0   1   1   0   0   1  1.00 0.50
   29 L    -5  -6  -7  -8  -5  -6  -7  -8  -7   4   6  -6  -2  -4  -5  -6  -4  -6  -5   2    0   0   0   0   0   0   0   0   0  20  64   0   0   0   0   0   1   0   0  14  1.52 0.61
   30 A     7  -6  -6  -7  -5  -6  -6  -1  -7  -6  -6  -6  -6  -7  -6  -3  -3  -8  -7  -5   94   0   0   0   0   0   0   4   0   0   0   0   0   0   0   1   1   0   0   0  2.32 0.91
   31 Q     2   0  -2   3  -2   3   2  -1  -2  -5  -4   2  -4  -5  -4   0   2  -5  -5  -4   20   4   1  14   1  12  11   4   1   0   1  12   0   0   0   4  14   0   0   0  0.47 0.32
   32 K     2   6  -3  -1  -6  -1   4  -4   0  -6  -5   0  -4  -6  -5   1  -3  -6  -5  -4   16  39   0   2   0   1  23   0   2   0   0   5   0   0   0   8   1   0   0   1  1.00 0.51
   33 L    -5  -7  -8  -8  -6  -7  -8  -8  -8  -2   7  -7   1  -3  -8  -7  -6  -6  -6  -1    0   0   0   0   0   0   0   0   0   1  93   0   3   0   0   0   0   0   0   3  2.19 0.82
   34 G    -4  -3   2   3  -7  -1  -2   6   0  -8  -8  -2  -7  -7  -6  -3  -5  -7  -7  -7    0   1   9  17   0   2   2  62   2   0   0   3   0   0   0   1   0   0   0   0  1.51 0.62
   35 V    -3  -7  -8  -8  -4  -7  -7  -8  -8   2  -4  -7  -2  -6  -7  -6  -4  -8  -6   8    2   0   0   0   0   0   0   0   0   9   0   0   1   0   0   0   0   0   0  88  2.34 0.87
   36 E    -4   4  -3  -5  -7   7   1  -5   0  -7  -7   3  -5  -7  -6  -2  -4  -7  -6  -7    1  18   1   0   0  49   8   1   2   0   0  17   0   0   0   3   1   0   0   0  1.53 0.69
   37 Q     5  -4  -2  -5  -5   4  -4  -2  -1  -4  -2  -4   2  -6   2   1  -3  -6  -5  -2   48   0   2   0   0  18   0   3   1   1   3   0   5   0   8   8   1   0   0   3  0.92 0.52
   38 P     0  -7   1  -6  -7  -6  -6   2  -7  -8  -8  -6  -7  -8   8  -3  -6  -8  -8  -7    7   0   7   0   0   0   0  16   0   0   0   0   0   0  68   2   0   0   0   0  2.17 0.84
   39 T     6  -6  -5  -5  -5  -5  -5  -3  -6  -6  -6  -5  -5  -7  -5   2   4  -7  -6  -4   58   0   0   0   0   0   0   1   0   0   0   0   0   0   0  16  24   0   0   0  1.47 0.69
   40 L    -6  -7  -8  -8  -6  -7  -8  -8  -8   0   7  -7  -2  -4  -6  -7  -4  -6  -6   1    0   0   0   0   0   0   0   0   0   3  88   0   0   0   0   0   1   0   0   8  2.03 0.80
   41 Y    -7  -5  -8  -9  -8  -4  -8  -9  -4  -7  -1  -8  -6  -2  -9  -5  -7  -4  10  -7    0   1   0   0   0   1   0   0   0   0   6   0   0   0   0   1   0   0  92   0  3.48 1.21
   42 W    -7   1  -9 -10  -9  -8  -9  -7  -1  -9  -6  -8  -7  -4 -10  -7  -5  13   0  -9    0   8   0   0   0   0   0   0   1   0   1   0   0   0   0   0   1  85   2   0  4.45 1.41
   43 H    -5  -4  -5  -7  -9  -4  -6  -8  11  -9  -5  -7  -5  -7  -8  -6  -8  -8   1  -9    1   1   0   0   0   0   0   0  92   0   1   0   0   0   0   0   0   0   5   0  3.94 1.28
   44 V    -3  -7  -8  -8  -6  -7  -8  -8  -6   0  -2  -7   0   8  -8  -7  -6  -4   0   4    3   0   0   0   0   0   0   0   0   4   2   0   2  60   0   0   0   0   2  27  2.02 0.77
   45 K     1   4  -3  -1  -6  -1  -1  -3  -4  -6  -6   5  -5  -7   2  -2  -3  -7  -6  -6   13  22   0   3   0   2   3   1   0   0   0  40   0   0  12   3   1   0   0   0  1.04 0.53
   46 N    -4  -4   7   3  -5  -4  -3  -1  -4  -7  -7  -3  -6  -7  -6   2   2  -8  -6  -7    0   1  50  14   0   0   1   4   0   0   0   1   0   0   0  17  12   0   0   0  1.47 0.68
   47 K    -6  -1  -6  -6  -9  -3  -5  -7  -6  -8  -8   8  -3  -9  -6  -6  -6  -8  -7  -8    0   2   0   0   0   1   0   0   0   0   0  96   1   0   0   0   0   0   0   0  2.90 1.09
   48 R     2   4  -4  -1  -7   7   0  -3  -2  -7  -6  -1  -5  -7  -4  -1  -2  -7  -5  -5   14  19   0   3   0  46   5   2   1   0   0   3   0   0   1   4   2   0   0   0  1.22 0.63
   49 A     4   1  -4   2  -5   0   4  -3  -2  -6  -5  -3  -4  -6  -5  -2   0  -7  -6  -3   36   7   0  12   0   3  31   1   1   0   0   0   0   0   0   2   5   0   0   2  0.92 0.52
   50 L    -6  -7  -8  -8  -6  -7  -8  -8  -7  -2   7  -7   0  -4  -8  -7  -6  -6  -6  -4    0   0   0   0   0   0   0   0   0   1  96   0   2   0   0   0   0   0   0   0  2.34 0.89
   51 L    -5  -3  -7  -6  -5  -4  -5  -7  -7   1   6  -6   1  -2  -7  -6  -5  -6  -5   0    1   1   0   0   0   1   1   0   0   7  79   0   2   2   0   0   0   0   0   5  1.66 0.68
   52 D     0  -4  -1   7  -7  -3   2   0  -4  -6  -7  -4  -6  -7  -5  -3   0  -8  -7  -5    8   1   3  62   0   1  11   6   0   0   0   0   0   0   0   1   6   0   0   1  1.55 0.67
   53 A     5  -4  -5  -4  -4  -2   4   0  -1  -5   1  -4  -2  -6  -5  -3  -4  -6  -5  -3   44   0   0   0   0   2  29   7   1   0  14   0   1   0   0   1   0   0   0   1  0.96 0.55
   54 L    -5  -7  -8  -9  -7  -6  -8  -8  -7   0   1  -7  10  -5  -8  -7  -5  -7  -6   1    1   0   0   0   0   0   0   0   0   4  13   0  72   0   0   0   0   0   0   9  2.78 1.03
   55 A     7  -6   0  -3  -5  -5  -5  -1  -5  -6  -6  -5  -6  -7  -5   0  -3  -7  -7  -3   82   0   5   2   0   0   0   4   0   0   0   0   0   0   0   5   2   0   0   2  1.81 0.80
   56 I    -1  -2  -2   5  -6  -2   4  -4  -2  -4  -4  -3  -5  -6  -5  -1   4  -7  -6  -3    6   2   1  32   0   1  25   1   1   1   1   1   0   0   0   4  22   0   0   2  0.95 0.51
   57 E     4   2  -4  -2  -3   0   3  -4   1  -4  -2  -2  -2  -3  -5  -2   1  -6  -3  -1   37  11   0   2   0   3  23   0   4   0   3   1   1   1   0   1   7   0   1   4  0.64 0.42
   58 M     0  -6  -5  -7  -5  -5  -6  -7  -6   5   2  -6   7  -4  -6  -6  -4  -6  -5   2    7   0   1   0   0   0   0   0   0  32  15   0  31   0   0   0   1   0   0  14  1.43 0.61
   59 L    -3  -4  -6  -3  -2  -3  -6  -6  -3   1   4  -5   5   1  -6  -4  -3  -2   2   2    2   1   0   1   1   1   0   0   1   6  44   0  15   6   0   1   1   1   6  12  0.88 0.44
   60 D     4   4  -3   1  -3   0   1   0  -1  -5  -3  -2  -3  -5  -4  -1  -1  -6  -4  -2   31  25   1   7   0   4  11   7   1   0   3   1   0   0   1   3   3   0   0   3  0.57 0.37
   61 R    -2   5  -2   2  -5   0   3   1  -2  -5  -4  -1  -3  -6   2  -2  -3  -6  -5  -5    3  31   1  13   0   4  17  11   1   0   2   2   1   0  11   2   1   0   0   0  0.74 0.44
   62 H     2  -1  -2  -4   1   0  -1  -2   3   0  -1  -3   5  -2  -3  -2  -3  -2  -1   3   16   3   2   0   3   4   3   4   9   5   5   1  16   1   1   2   1   1   2  23  0.43 0.32
   63 H     3   0  -2  -1  -3  -1  -1  -1   5  -1  -1  -3  -1   1  -1  -1   0  -1  -2   1   25   5   1   3   0   2   3   5  16   2   6   1   1   6   4   5   5   1   1   9  0.29 0.24
   64 T     2   0  -2   3  -3  -2   1   0   0  -2  -1  -2  -2  -4   0  -1   2  -3  -3  -1   21   5   1  17   0   1   8   8   2   2   6   1   1   0   5   3  14   0   1   5  0.25 0.23
   65 H     2   1  -1   2  -4  -1   0   1   2  -2  -2  -1   0  -3   0   0  -1  -4  -1  -2   18   9   2  15   0   2   7  11   5   2   4   2   3   1   5   4   4   0   2   3  0.19 0.18
   66 F     0   1  -2   1  -2  -1  -1   1  -2  -1   1  -1   0   0   2   0   0   0  -2   0    8   9   1   8   0   1   4  10   1   3  17   1   2   4  11   6   4   1   1   6  0.10 0.11
   67 C     2   0  -3  -1  -2  -2   0   0  -2  -2   2  -2   0  -3   3  -1  -1  -2  -3   0   18   6   1   4   0   2   6   6   1   1  22   1   2   1  14   4   4   1   0   7  0.24 0.21
   68 P     0  -4  -4  -1  -6  -3  -1  -3  -4  -4  -2  -5  -5  -5   8  -3  -2  -1  -4  -3    8   1   1   4   0   1   3   3   0   1   5   1   0   0  64   2   2   1   1   2  1.66 0.73
   69 L     1   2  -2   1  -3  -1   1   0   0  -1  -1  -1  -2  -2   2   0   0  -2  -3  -1   14  13   1   9   0   2  11   6   2   3   7   2   1   1  10   5   7   1   1   5  0.16 0.15
   70 E     1   0  -3   3  -3  -1   2  -2  -3  -5  -4  -2  -5  -5   5   0  -1  -4  -4  -3   12   5   1  14   0   3  13   3   1   1   1   2   0   0  32   7   3   0   1   2  0.72 0.42
   71 G     1  -3  -1   2  -4  -2  -1   5   0  -4  -5  -3  -3  -5   1   0   0  -4  -4  -4   12   1   3  14   0   1   5  41   2   1   1   1   1   0   6   5   5   0   0   1  0.69 0.38
   72 E     1  -2  -3   3  -5   2   4   1  -3  -4  -2  -2  -2  -5  -1  -2  -1  -5  -5  -2   14   1   0  18   0  11  25  11   0   0   4   1   1   0   3   2   4   0   0   3  0.51 0.35
   73 S    -1  -1  -1   4  -3   0   0   0   0  -4  -4  -2  -3  -5   3   1   2  -3  -4  -3    5   3   2  26   0   3   4   7   2   1   1   2   0   0  16  12  12   0   1   1  0.54 0.34
   74 W    -6  -8  -8  -8  -7  -5  -4  -5  -7  -8  -6  -8  -7  -4  -6  -8  -7  13  -4  -5    1   0   0   0   0   1   1   1   0   0   1   0   0   0   1   0   0  92   0   1  4.83 1.57
   75 Q    -1   4  -4   3  -5   5   1  -4   0  -5  -3  -2  -3  -5   0  -1  -3   3  -3  -3    6  26   0  15   0  22   7   1   2   1   2   2   0   0   4   5   1   5   1   1  0.77 0.47
   76 D     1  -2  -2   4  -6   0   5  -2  -2  -4  -5  -2  -4  -7  -3  -1  -1  -5  -6  -2   11   2   1  26   0   4  37   3   1   1   1   1   0   0   1   3   5   0   0   3  0.88 0.51
   77 F    -1   4  -4  -1  -1   3  -4  -4  -2  -6  -4  -3  -1   4  -6  -4  -2   9  -2  -3    5  20   1   3   1  11   1   1   1   0   1   1   2  14   0   1   2  31   1   2  1.42 0.68
   78 L    -1  -6  -7  -7  -4  -6  -7  -6  -7   1   5  -6   2   2  -7  -6  -2  -3  -2   2    6   0   0   0   0   0   0   0   0   6  59   0   4   8   0   0   3   0   1  12  1.18 0.57
   79 R     3   4  -3  -3  -2  -2  -1  -3  -1   0   1  -2  -1  -2  -4  -1   1  -4  -2   0   25  22   1   1   1   1   3   2   1   5  14   1   1   2   0   3  10   0   1   5  0.38 0.31
   80 N     2   2   0   2  -5   0   4   0  -1  -4  -3  -1  -4  -6  -4  -1   0  -3  -4  -2   17  11   3   9   0   4  29   6   2   1   2   3   0   0   0   2   6   0   0   3  0.48 0.35
   81 N     0   1   3  -2  -4  -2  -4  -1  -1   0   2  -3   0   0  -5  -1  -1   1   2   0    8   7  18   2   0   1   0   4   1   5  23   0   2   4   0   5   4   2   7   7  0.26 0.24
   82 A     6  -6   0  -6   3  -3  -5   0  -2  -4  -2  -5   2  -2  -4  -1  -1  -7  -4  -3   60   0   5   0   5   1   0   7   1   1   4   0   5   2   0   4   4   0   0   1  1.10 0.61
   83 K    -3   7  -2  -4  -1  -1  -1  -1   5  -5  -3  -2  -3  -5  -6  -2  -1  -3  -2  -3    2  55   1   1   1   2   3   6  14   1   3   1   0   0   0   3   4   0   1   2  1.31 0.65
   84 S     2   4  -3  -3  -5   0   1   2  -2  -4  -5  -3  -4  -5  -5   3  -1  -3  -5  -1   16  26   1   1   0   4   8  13   1   1   0   0   0   0   0  20   3   0   0   6  0.61 0.42
   85 F    -4  -2  -6  -7  -6  -3  -6  -7  -2   0   5  -5   3   5  -7  -6  -3  -4   3  -1    1   3   0   0   0   2   0   0   1   3  48   0   7  21   0   0   1   0   9   3  1.14 0.56
   86 R    -7   9  -6  -8  -9  -5  -6  -8  -1  -9  -8  -4  -7  -2  -8  -7  -7  -8  -3  -8    0  95   0   0   0   0   0   0   1   0   0   0   0   2   0   0   0   0   1   0  3.17 1.23
   87 C     2   5  -1   0  -4   2   0  -3   1  -5  -4   0  -5  -6  -5   0   0  -6  -5  -4   19  37   2   5   0   7   5   2   3   0   1   4   0   0   0   6   7   0   0   1  0.77 0.47
   88 A     6  -5  -5  -6   1  -4   0  -2  -1  -4  -3  -5   1  -4  -5  -1   2  -7  -6  -2   59   0   0   0   3   0   7   2   2   0   3   0   4   1   0   4  12   0   0   3  1.11 0.63
   89 L    -6  -7  -8  -9  -6  -7  -8  -9  -7  -2   6  -7   5   0  -8  -7  -5  -6   1  -3    0   0   0   0   0   0   0   0   0   1  77   0  13   3   0   0   0   0   4   1  1.94 0.84
   90 L    -5  -3  -5  -9  -4  -6  -8  -8  -5  -2   7  -3  -2  -4  -7  -6  -4  -7  -6  -3    1   2   1   0   0   0   0   0   0   2  90   2   1   0   0   0   1   0   0   1  2.05 0.88
   91 S     5   2  -4  -4  -4  -2  -4   1  -4  -5  -2  -2   0  -6  -5   3  -1  -5  -5  -4   44  12   0   1   0   1   1   8   0   0   3   1   2   0   0  21   4   0   0   0  0.85 0.53
   92 H    -7   3  -6  -7  -5  -3  -6  -8   9  -5  -7  -4  -6  -4  -8  -6  -4  -1   7  -1    0  14   0   0   0   1   0   0  41   1   0   1   0   0   0   0   1   1  35   5  2.30 0.96
   93 R    -7   9  -6  -7  -9  -4  -6  -8  -1  -9  -8  -4  -7  -9   0  -7  -3  -9  -8  -8    0  92   0   0   0   1   0   0   1   0   0   0   0   0   4   0   2   0   0   0  3.00 1.19
   94 D    -8  -8  -4   9 -10  -3  -3  -7  -7  -9 -10  -7  -9 -10  -7  -6  -7 -10  -9  -9    0   0   0  97   0   1   1   0   0   0   0   0   0   0   0   0   0   0   0   0  3.28 1.25
   95 G     0  -8  -6  -7  -8  -7  -8   8  -8  -9  -9  -7  -8  -9  -8  -3  -5  -8  -9  -8    6   0   0   0   0   0   0  91   0   0   0   0   0   0   0   2   1   0   0   0  2.64 1.04
   96 A     7  -7  -7  -7  -6  -6  -6   0  -7  -7  -7  -6  -6  -8  -2  -3  -5  -8  -7  -4   89   0   0   0   0   0   0   7   0   0   0   0   0   0   2   1   0   0   0   1  2.26 1.00
   97 K    -2   7  -5  -6  -8  -2   0  -7  -4  -8  -3   4  -3  -7  -7  -4  -5  -8  -7  -6    3  66   0   0   0   1   6   0   0   0   2  19   1   0   0   1   0   0   0   0  1.94 0.86
   98 V    -4  -7  -7  -8  -5  -7  -7  -8  -7   3   3  -7   1  -3  -7  -5  -2  -7  -5   6    1   0   0   0   0   0   0   0   0  15  30   0   3   1   0   0   2   0   0  49  1.44 0.65
   99 H    -2  -6  -5  -7  -4  -6  -6  -7   6   0   0  -5  -1   6  -7  -6  -3  -5   3   4    3   0   0   0   0   0   0   0  19   5   7   0   1  28   0   0   1   0   8  27  1.24 0.59
  100 L     6  -5  -5  -6  -5  -5  -4  -1  -6  -4  -3  -5  -6  -7  -5   4  -1  -7  -6  -2   59   0   0   0   0   0   1   4   0   1   2   0   0   0   0  27   3   0   0   3  1.42 0.74
  101 G     0  -4  -4  -5  -7  -7  -4   7  -4  -7  -7  -6  -6  -6  -7  -2  -3  -8  -8  -7    7   1   0   0   0   0   2  83   1   0   0   0   0   0   0   2   2   0   0   0  2.15 0.89
  102 T     1  -2   0  -6  -6  -5  -5  -5  -3  -4  -5  -5  -4  -5  -6   2   7  -7  -4  -4   13   2   5   0   0   0   0   1   1   1   1   0   0   0   0  16  59   0   1   1  1.49 0.78
  103 R    -2   5  -3  -3  -5  -1  -1  -3   5  -4  -4  -2  -4   2  -3  -2  -1  -4   5  -4    3  34   1   1   0   2   3   2  11   1   2   1   0   8   1   3   3   0  21   1  0.99 0.54
  104 P     2  -4  -6  -5  -5  -5  -5  -5  -6  -1   1  -5   1   3   5  -1  -1  -3  -3   1   15   1   0   0   0   0   0   0   0   3  14   0   4  11  33   4   3   0   1  10  0.82 0.48
  105 T     1   0  -2  -1  -3  -2  -3   1  -4  -2  -3  -4  -3  -6  -2   3   5  -6  -5  -2   13   4   2   3   0   1   1   9   0   2   2   0   1   0   2  18  38   0   0   3  0.69 0.47
  106 E     0   2  -2   4  -6  -2   2   2  -2  -5  -2  -2  -3  -4   3   0  -2  -6  -4  -4    7  10   1  20   0   1  15  15   1   0   4   1   0   1  15   5   2   0   0   1  0.51 0.35
  107 K     1  -1   2   2  -5  -1   1  -1  -1  -3  -1  -2  -2  -5   4  -1   2  -5  -4  -2   12   3  10  11   0   2   9   5   1   1   5   2   1   0  19   4  13   0   0   2  0.36 0.28
  108 Q     0  -1   2   2  -4   1   1   0   2  -2  -1  -3   1  -3  -3   1   2  -5  -4   0    8   3   9  13   0   6   8   6   6   2   5   0   5   1   0  10  12   0   0   6  0.22 0.21
  109 Y     0  -2  -3  -5  -4  -4  -4  -2   3  -1   3  -4   1   2  -4  -2   2   1   2   1    9   2   1   0   0   0   0   3   8   3  28   0   3   9   1   2  13   2   8   9  0.43 0.31
  110 E     2   3  -2   2  -3  -1   1  -1  -3  -3   0  -1  -2  -4   0  -1  -2  -5  -3  -2   21  19   2  11   0   3  11   5   0   1  12   2   1   0   5   4   2   0   0   2  0.31 0.27
  111 T     1   3  -2  -1  -4   0  -1   0   1  -1  -1  -1   0   0   0  -1   1  -4  -2   0   16  16   1   3   0   5   2   8   3   4   5   2   3   4   4   3  11   0   1   8  0.13 0.17
  112 L     1  -3  -3  -5  -4   0  -4  -1  -4   2   1  -2   4   2  -2   0  -1  -2  -2   2   13   0   1   0   0   4   0   5   0  14  12   2  11  11   1   8   4   0   1  13  0.31 0.25
  113 E    -1   0  -1   2  -8  -1   7  -3  -3  -4  -4  -4  -4  -7  -4  -3  -4  -7  -4  -5    5   5   2  11   0   1  64   2   1   1   2   0   0   0   1   2   1   0   0   1  1.46 0.73
  114 N     3   2   0   1  -3   0   0  -2   1  -3  -1  -1  -2  -3   1   0   1  -2  -3  -2   25  12   3   8   0   4   6   3   4   1   8   2   1   0   6   6   8   1   1   2  0.22 0.22
  115 Q     1  -1  -1  -3  -3   3  -1  -2   0  -1   1   1   2   0  -1  -1   1   3  -1  -1   14   3   3   0   0  14   4   2   3   3  13   8   6   4   3   3   8   4   1   4  0.15 0.18
  116 L    -4  -6  -7  -8  -4  -5  -7  -6  -7   3   5  -6   4  -1  -6  -6  -2  -6  -4   2    1   0   0   0   0   0   0   0   0  14  54   0  10   2   0   0   2   0   0  15  1.28 0.59
  117 A     3   4  -2  -1  -5   1   1   2  -2  -5  -6   0  -4  -6  -4   1  -1  -6  -5  -4   26  22   2   4   0   6   9  15   1   0   0   4   0   0   0   8   4   0   0   1  0.59 0.40
  118 F     3   1  -4  -4   1  -3  -3  -3  -1   0   0  -3   0   2  -2  -1   2  -3   0   2   25   8   0   0   2   1   1   1   1   3  10   0   2  11   2   4  11   0   2  13  0.30 0.27
  119 L    -2  -5  -8  -8  -1  -6  -7  -5  -7  -2   6  -7   4   2  -7  -5  -6   3  -2  -2    3   1   0   0   1   0   0   1   0   1  69   0   8   7   0   1   0   4   1   2  1.51 0.70
  120 C    -2   2  -4  -4   3  -2  -1  -4  -1   1   1  -3   0  -4  -5  -3   3  -6  -4   4    3  12   0   0   7   2   5   1   1   5  13   1   2   0   0   1  18   0   0  29  0.53 0.37
  121 Q     3   2  -2   4  -6   1   3   0  -2  -5  -5  -1  -5  -6  -5  -1  -1  -6  -5  -4   22  11   1  23   0   6  16   8   1   0   1   2   0   0   0   4   4   0   0   1  0.63 0.41
  122 Q     6  -1  -3  -4  -1   0  -3  -1  -1  -6  -5  -4  -4  -4  -6   1  -2  -7  -6  -3   68   4   1   1   1   5   1   5   1   0   1   0   0   1   0   8   2   0   0   2  1.31 0.69
  123 G    -5  -6  -6  -5  -5  -7  -6   8  -8 -10  -9  -7  -8  -9  -6  -6  -7  -8  -9  -9    0   0   0   1   0   0   0  98   0   0   0   0   0   0   0   0   0   0   0   0  2.93 1.13
  124 F     0  -4  -7  -7  -4  -6  -7  -7  -4   0   2  -7   2   8  -7  -6  -5  -1  -2   0    7   1   0   0   0   0   0   0   0   4  20   0   5  53   0   0   0   1   0   7  1.55 0.68
  125 S     0  -3  -2   2  -4  -4   0  -1  -4  -6  -6  -3  -5  -7   4   3   4  -7  -6  -5    7   1   2  10   0   0   6   5   0   0   0   1   0   0  17  24  26   0   0   0  0.82 0.52
  126 L     1   0  -4   0  -5  -2   2  -3  -3  -3   2  -4  -3  -4   5  -2  -1  -6  -5   0   10   5   0   6   0   2  13   2   1   1  23   0   0   0  26   2   3   0   0   6  0.57 0.39
  127 E     2   4  -2   1  -5   0   2   0   0  -4  -3   0  -4  -4   0  -1  -1  -3  -3  -2   18  25   1   7   0   4  14   8   2   1   2   3   0   0   5   3   3   0   1   4  0.42 0.32
  128 N     0   1  -2   4  -4   3   4  -3   0  -4  -1  -2  -4  -3  -3  -2   0  -6  -4  -3    7   7   2  26   0  13  23   2   3   0   6   1   0   1   1   2   5   0   0   1  0.64 0.42
  129 A     7  -6  -7  -7  -6  -6  -6  -2  -7  -5  -7  -6  -6  -8  -6  -1  -3  -8  -7  -3   90   0   0   0   0   0   0   3   0   1   0   0   0   0   0   3   1   0   0   2  2.28 1.01
  130 L     3   0  -3  -1  -4   1   0  -1  -3  -1   0  -2   2  -1  -3  -1   0  -3  -4   2   29   5   0   3   0   6   5   4   0   3  11   1   5   2   0   4   4   0   0  15  0.28 0.26
  131 Y    -2   5  -2   0  -2   0  -2  -3   0  -2   1  -3   2  -3  -5  -2  -1   7   0  -2    3  29   1   6   1   4   2   2   2   1  14   0   6   1   0   2   4  15   3   3  0.72 0.44
  132 A     5  -4  -4  -5  -3  -5  -5   1  -6   1   0  -5  -3  -3  -5  -1   2  -4  -4   0   50   1   0   0   0   0   0   8   0   7   8   0   1   1   0   4  13   0   0   5  0.85 0.52
  133 L     2  -4  -3  -4   1  -3  -4  -2  -4   1   2  -4   3   1  -4   0   1   4  -1   1   17   0   1   1   2   1   0   3   0   8  21   0   8   7   0   7   8   5   1  10  0.35 0.27
  134 S    -2  -2  -3   1  -4  -2  -3  -2  -2   1   1  -4   2   4  -1   0   1   5   2  -1    3   3   1   8   0   2   1   3   1   8  15   0   6  17   3   6   8   8   6   2  0.33 0.25
  135 A     4  -6  -3  -4  -2  -5  -5  -4  -4  -1  -1  -5  -4  -5  -5   1   6  -7  -6   0   28   0   1   1   1   0   0   0   0   3   6   0   0   0   0   9  44   0   0   5  1.07 0.62
  136 V     2  -6  -6  -6  -2  -4  -6  -4  -6   3   3  -5   0  -3  -6  -3  -1  -6  -5   4   17   0   0   0   1   1   0   1   0  16  28   0   2   0   0   2   4   0   0  29  0.85 0.46
  137 G    -1  -3  -1  -3  -4  -2  -2   2  -1   0   1  -4  -1   1  -5   2   2  -3   4   0    3   1   2   1   0   2   3  14   1   4  15   0   1   5   0  14  11   0  15   7  0.30 0.27
  138 H     1   3   1  -2   0  -1  -3  -3   6  -6  -3  -3  -2  -2  -4   1  -2  -4   5  -4   12  16   6   2   2   2   1   1  19   0   2   0   1   1   1  12   2   0  19   1  0.81 0.48
  139 F    -7  -7  -8  -9  -8  -7  -8  -8  -1  -5  -3  -8  -6   7  -9  -5  -7  -4   8  -5    0   0   0   0   0   0   0   0   1   0   2   0   0  40   0   1   0   0  55   0  2.77 1.05
  140 T    -3  -7  -6  -7  -6  -6  -6  -7  -7   1  -2  -6  -4  -6  -6  -5   6  -7  -6   5    2   0   0   0   0   0   0   0   0   7   3   0   0   0   0   0  46   0   0  42  1.69 0.80
  141 L    -4  -5  -1  -6  -5  -3  -6  -4  -6   3   4  -6   1  -1  -6  -4   0  -6  -3   4    1   0   3   0   0   2   0   2   0  17  33   0   3   2   0   1   5   0   1  31  0.90 0.46
  142 G    -4  -8  -6  -7  -8  -7  -7   8  -7  -9  -9  -7  -8  -8  -7  -3  -7  -8  -8  -8    1   0   0   0   0   0   0  97   0   0   0   0   0   0   0   2   0   0   0   0  2.86 1.07
  143 C    -2  -3  -4  -4   3  -1  -3  -5   5  -3   0  -5  -2   6  -4   1  -3   2   3  -3    3   1   1   1   7   3   2   0  13   1   8   0   1  38   1   9   1   3   7   1  1.05 0.52
  144 V     1  -7  -6  -7   0  -6  -6  -6  -7  -3  -4  -6  -4  -6  -6  -3   4  -7  -6   6   12   0   0   0   2   0   0   0   0   0   1   0   0   0   0   1  24   0   0  60  1.61 0.76
  145 L    -3  -3  -6  -6  -5   0  -5  -6  -6   5   4  -5   3  -3  -6  -4   0  -6  -5   1    2   1   0   0   0   5   0   0   0  34  37   0   6   1   0   1   6   0   0   7  1.03 0.50
  146 E    -5  -2  -4   1  -8   0   8  -7  -5  -8  -8  -4  -7  -8  -4  -4  -6  -8  -7  -7    1   2   0   7   0   4  85   0   0   0   0   0   0   0   1   1   0   0   0   0  2.38 0.99
  147 D    -5  -4  -5  -2  -8   3   7  -7  -4  -8  -8  -4  -7  -8  -6  -4  -4   1  -4  -4    1   1   0   2   0  10  79   0   0   0   0   0   0   0   0   1   1   2   1   1  2.20 0.95
  148 Q    -7  -2  -6  -6  -8   9  -4  -7  -4  -8  -8  -5  -6  -9  -5  -5  -6  -8  -7  -6    0   2   0   0   0  95   0   0   0   0   0   0   0   0   1   0   0   0   0   0  3.30 1.29
  149 E     5  -3  -3  -3  -5  -2   1   2  -3  -5  -4  -4  -5  -6  -3   2   0  -4  -5  -4   50   1   1   1   0   2  10  12   0   1   1   0   0   0   1  14   5   0   0   0  0.91 0.52
  150 H     2   3  -2   0  -3   0   1  -2   2  -2  -1  -2   0  -2   0  -1  -1  -1  -3   2   19  16   1   6   0   3   9   2   4   1   7   0   3   2   4   4   2   1   0  16  0.23 0.23
  151 Q     1   2  -2   0  -3   2   0   0   1  -2  -1  -1  -1  -1   3  -1   0  -3   0  -2   14  12   1   4   0   9   6   6   4   2   7   2   1   2  14   3   7   0   3   3  0.19 0.18
  152 V     1  -1  -2   1  -5   3   0   1  -3  -4  -1  -2  -3  -4   5  -1  -1  -5  -3  -2   13   3   1   8   0  13   6   9   0   1   5   1   0   1  27   5   3   0   1   3  0.53 0.34
  153 A     2   2  -2   2  -4  -2   0   0  -2  -2   0  -1   2  -3   1   1  -1  -5  -3  -1   21  12   1  11   0   1   5   7   1   1  10   2   5   1   7  10   2   0   0   4  0.22 0.22
  154 K     2   2  -2   2  -5  -1   1   1  -2  -5  -3  -2  -3  -3   4   0  -1  -4  -5  -3   15  10   1  10   0   2   9  11   1   0   2   2   1   1  24   7   3   0   0   2  0.49 0.33
  155 E     2   0  -2   2  -4   0   2   2  -2  -3  -3  -2   0  -4   1  -1  -2  -3  -1  -2   21   4   1  12   0   5  15  18   1   1   3   1   3   0   6   2   2   0   2   2  0.35 0.28
  156 E     1   0  -1   2  -5   1   4  -1  -2  -1  -2  -2  -1  -4   0   0  -1  -4  -3  -1   10   5   3  13   0   7  27   5   1   3   4   1   2   0   6   5   4   0   1   4  0.33 0.26
  157 R     1   4  -1   3  -5   0  -1   0  -2  -4  -2  -1   1  -2   1  -1  -2  -5  -3  -2   14  27   2  15   0   3   3   6   1   1   4   2   3   2   8   5   2   0   1   3  0.42 0.31
  158 E     1   1  -1   3  -4   0   1  -1  -2  -3   0  -1  -2  -4   3  -1  -1  -5  -3  -3   14  10   2  16   0   3  11   5   1   1  11   2   1   0  14   3   4   0   1   1  0.31 0.25
  159 S     3   0  -2   1  -4   0   2   1  -2  -3  -4  -1  -3  -5   1   1   0  -3  -4  -2   29   6   1   9   0   4  13   9   1   1   1   3   0   0   6  10   4   0   0   2  0.37 0.29
  160 M     1   3  -2   2  -4  -1   0   1   1  -3  -1  -1   0  -1   0   0   0  -2   0  -2   13  18   1  12   0   2   5  11   3   1   5   2   3   3   4   6   6   0   3   3  0.17 0.17
  161 P    -1  -3  -4  -2  -4  -3  -3  -1   4  -4  -3  -4  -4   4   4  -2  -2  -2   6  -4    5   1   1   2   0   1   2   6   9   1   2   1   0  16  18   3   2   0  30   1  1.01 0.51
  162 P     0  -3  -5   1  -6  -4  -2  -4  -1  -6  -2  -5  -6  -6   7  -1  -2  -7  -5  -4    7   2   0   8   0   1   2   2   2   0   5   0   0   0  62   4   2   0   0   1  1.68 0.75
  163 L     1  -1   0  -2  -2  -1  -2  -3   4  -1   3  -3  -1  -2  -2  -1   1  -4  -1   0   13   3   4   2   1   2   2   1  10   3  34   0   1   1   2   4   9   0   2   6  0.32 0.25
  164 L     2  -2  -3  -2  -2  -3  -2  -3  -3   0   4  -4   1  -2  -2  -2   1  -4  -3   1   19   2   1   3   1   1   3   2   1   3  38   0   2   1   2   3   8   0   1  11  0.43 0.30
  165 R     4   2  -2  -1  -3   0   1  -2   1  -2  -2  -1  -1  -3  -1   0   0   1  -3  -1   34  11   1   3   0   3   8   2   3   2   5   3   2   1   3   6   7   2   1   5  0.32 0.26
  166 Q     4   3  -3   0  -4   2   2  -2  -2  -3  -4  -1  -3  -5  -3  -1  -2  -5  -5  -3   35  18   1   5   0   9  14   3   1   1   2   2   1   0   1   3   2   0   0   1  0.63 0.41
  167 A     5  -3  -3  -1  -3  -4  -3   1  -2  -3  -1  -4  -2  -4  -3   0  -1  -4  -4   1   52   1   1   4   0   0   1  10   1   1   5   0   1   1   1   6   3   0   0   9  0.79 0.47
  168 I     1   1  -3  -2  -3  -2  -2   1  -2   1   1  -2   2   1  -2   0  -2   2  -2   1   13   8   0   1   0   1   3  13   1  10  15   1   6   5   2   7   1   3   1   9  0.14 0.15
  169 E     1   2  -2   2  -5   0   2  -1   1  -4  -3  -1  -2  -4   3  -1   0   0  -4  -3   15  12   1  12   0   3  16   5   3   1   3   2   1   0  14   4   6   2   0   1  0.36 0.28
  170 L     1  -1  -2   1  -4  -1   2  -1   3   0   1  -2   2  -2  -2  -1   0  -3  -2   0   13   4   1   8   0   1  16   4   9   5  13   1   5   2   1   4   6   0   1   7  0.17 0.18
  171 F     0  -1  -4  -3  -4  -2  -3   0  -1   2   3  -3   2   3  -3  -2  -2   0   2   0    8   3   0   1   0   1   2   9   2  10  27   1   5  12   1   2   2   1   9   6  0.32 0.23
  172 D     0   0  -2   2  -4  -1   1   1  -1  -2  -1  -2  -3   4  -1  -1   0  -2  -1  -1   10   7   1  14   0   2   8  11   2   1   5   1   0  18   3   4   7   1   2   4  0.22 0.20
  173 H     1   1   0   2  -3   0   1   0   2  -3  -2  -1  -2   0   0   1  -1  -3  -1  -2   12   8   4  13   0   4   9   9   6   1   3   2   1   4   5  10   4   0   2   2  0.17 0.15
  174 Q     1   0  -1   1  -4  -1   0   1  -2  -2  -2  -2  -2  -3   4   0   2  -4  -2  -1   12   4   2   8   0   3   7  10   1   3   5   1   1   1  19   5  11   0   1   3  0.27 0.21
  175 G    -2  -2   0   6  -6  -2  -1   3   0  -5  -4  -4  -3  -5  -3   0   0  -3  -5  -4    3   2   4  46   0   2   3  19   2   1   2   1   1   0   2   8   5   0   0   1  1.02 0.52
  176 A     1   0  -3  -3  -5  -2  -3   0   3  -3  -2  -3   0   4   3  -1  -1  -3   3  -2   11   5   1   1   0   2   2   8   7   1   4   1   3  20  17   4   4   0   8   2  0.47 0.32
  177 E    -1  -5  -3   7  -8  -3   4  -4  -2  -7  -7  -4  -3  -8  -4  -4   1  -8  -7  -5    5   0   0  53   0   1  26   2   1   0   0   0   1   0   1   1   9   0   0   1  1.60 0.78
  178 P     3   2  -3   2  -5   1   3  -2   0  -5  -4  -2  -1  -5  -2   0   0  -6  -5  -3   29  12   1  11   0   6  19   3   2   0   1   2   1   0   2   5   4   0   0   2  0.53 0.39
  179 A     2   6  -3  -1  -3   0  -1  -1   3  -4  -1  -3  -1  -4  -4  -2  -1  -6  -4  -2   18  38   1   4   0   3   3   5   7   1   8   0   1   1   0   3   4   0   0   3  0.69 0.45
  180 F    -9  -9  -9 -10  -9  -9  -9  -7  -4  -6  -5  -7  -6  10 -10  -9  -8  -5   1  -7    0   0   0   0   0   0   0   0   0   0   1   0   0  95   0   0   0   0   3   0  3.60 1.31
  181 L     0   0  -2   3  -8  -1   6  -3   0  -5  -3  -3  -5  -7  -6  -3  -3  -8  -7  -5    8   6   2  15   0   2  55   2   2   1   3   1   0   0   0   1   2   0   0   1  1.25 0.68
  182 F     1   1  -3   2  -6  -1   1  -5   4  -3  -3  -4  -4   5  -6  -3  -2  -1   3  -3   13   9   1  10   0   3  10   1   9   1   2   0   0  25   0   2   3   1  10   1  0.67 0.42
  183 G    -2  -8  -5  -7   0  -2  -5   7  -1  -9  -7  -7  -8  -9  -8  -4  -7  -8  -5  -7    3   0   0   0   2   2   1  88   2   0   1   0   0   0   0   1   0   0   0   0  2.45 1.01
  184 L    -6  -8  -9  -9  -6  -7  -8  -9  -8   0   7  -8  -1  -5  -8  -8  -5  -7  -6   0    0   0   0   0   0   0   0   0   0   3  88   0   1   0   0   0   1   0   0   7  2.14 0.90
  185 E     2   3   0   3  -4   1   2   0  -1  -5  -4  -1  -3  -6  -4   0   0  -4  -5  -4   18  18   3  15   0   7  13   8   2   0   1   2   0   0   0   6   5   0   0   1  0.48 0.35
  186 L     1  -1  -5  -6  -3  -3  -6  -6  -6   2   4  -4   3  -2  -6  -3  -2  -4  -2   2   11   3   0   0   0   1   0   0   0  11  45   1   6   1   0   2   2   0   2  14  0.78 0.44
  187 I    -5  -7  -7  -8  -5  -4  -7  -8  -6   5   3  -7   3   2  -7  -5  -5  -6  -4   3    0   0   0   0   0   1   0   0   0  35  30   0   6   9   0   0   0   0   0  19  1.26 0.58
  188 I    -4  -5  -8  -8  -5  -7  -7  -8  -7   5   4  -7   0  -4  -7  -6  -4  -7  -6   4    1   0   0   0   0   0   0   0   0  32  37   0   2   0   0   0   1   0   0  27  1.42 0.64
  189 C     4   1  -1   5  -4  -2   1  -1  -2  -4  -4  -2  -4  -6  -5   0   0  -5  -6  -4   31   7   2  29   0   1   7   4   1   1   1   2   0   0   0   6   6   0   0   0  0.72 0.45
  190 G    -3  -8  -6  -7  -8  -7  -7   8  -4  -9  -9  -7  -8  -9  -6  -4  -7  -8  -9  -9    2   0   0   0   0   0   0  97   0   0   0   0   0   0   0   1   0   0   0   0  2.87 1.10
  191 L     0  -5  -7  -7  -5  -6  -6  -7  -6   4   4  -6   3   1  -5  -5  -2  -6  -4   2    8   0   0   0   0   0   0   0   0  22  43   0   6   5   0   0   2   0   0  12  1.01 0.50
  192 E     3   5  -4  -2  -5   0   3  -1  -4  -6  -5   0  -4  -7  -5  -2  -3  -5  -5  -3   23  33   0   1   0   3  23   5   0   0   0   5   0   0   0   2   1   0   0   2  0.92 0.53
  193 K     5   1  -4  -4  -5   2  -2  -2   3  -5  -3  -1  -2  -4  -3   0   0  -3  -5  -1   50   6   0   0   0   9   2   2   7   0   2   3   1   1   1   6   5   0   0   4  0.80 0.49
  194 Q    -1   6  -3  -4  -6   2  -2  -4   0  -5  -2   0  -4  -6  -5   0   2  -2  -4  -2    5  50   1   1   0   8   2   1   2   0   4   4   0   0   0   5  13   1   0   2  1.05 0.56
  195 L    -3   0  -6  -7  -5  -5  -5  -7  -4   2   6  -5   0  -1  -6  -5  -3  -5  -1   1    1   5   0   0   0   0   0   0   0  11  68   0   1   2   0   0   1   0   2   8  1.20 0.52
  196 K     3   4  -2  -1  -4   0   1   0  -1  -5  -5   1  -4  -5  -1   1  -1  -5  -4  -4   25  28   1   3   0   3  11   7   1   0   0   7   0   0   2   9   3   0   0   0  0.54 0.32
  197 C     5  -4  -3  -4   0  -3  -3  -3  -4  -4  -4  -3  -3  -5  -3   2   3  -5  -4  -1   54   0   0   0   2   0   0   0   0   0   0   0   0   0   0  18  23   0   0   4  0.97 0.43

                      K         Lambda
Standard Ungapped    0.1360     0.3206
Standard Gapped      0.0532     0.2670
PSI Ungapped         0.1738     0.3177
PSI Gapped           0.0532     0.2670
