#seq	MI(mean)	MI(std)
20	0.411151365204	0.147075333993
30	0.274375190824	0.113381140674
40	0.192084816681	0.0864469060363
50	0.147200970645	0.0684281837768
60	0.123320141684	0.0589683475727
70	0.100940223328	0.0473293582561
80	0.0883733705689	0.0416724707211
90	0.0772222060893	0.0367803041323
100	0.0696921558789	0.0326990607244
110	0.0628413049082	0.0301858244217
120	0.0564171315524	0.0269225974692
130	0.0519695975304	0.0256532124099
140	0.0469961108443	0.0224956661762
150	0.0455935440915	0.0211331397118
160	0.0420511671008	0.020416200144
170	0.0392775337677	0.0191603346587
180	0.0373549387233	0.0179893416807
190	0.0359823718697	0.0169306771778
200	0.0337882681921	0.0154617859455
210	0.0314311594398	0.0148909853988
220	0.0297477573473	0.0144966865057
230	0.0286874862348	0.0131580521413
240	0.0277853137637	0.0128124607962
250	0.026685475086	0.0129117481031
260	0.0252880022879	0.011861360999
270	0.0236790465218	0.0113236776582
280	0.0235036625986	0.0108877227112
290	0.0225312674628	0.0100935074212
300	0.0214376201919	0.0102239636322
310	0.0213623745142	0.00999315095642
320	0.0207463789053	0.00961003371562
330	0.0201150057777	0.00943666381676
340	0.0193305984783	0.00892887589754
350	0.0189959029896	0.00890159680703
360	0.0185704584306	0.00853268300886
370	0.0178275578179	0.0084950628741
380	0.0177021116479	0.00875233425753
390	0.0170695823932	0.00769993574936
400	0.0164683266135	0.00767221600616
410	0.0163066151836	0.0078427261382
420	0.0154735929988	0.00729596400247
430	0.0152219042397	0.00724536744612
440	0.014876347608	0.00672592561481
450	0.0146623026762	0.00700078617442
460	0.0139791006102	0.00678272637209
470	0.0140758997058	0.00684067908572
480	0.0134833551903	0.00648304341601
490	0.0134009436646	0.00652461784587
500	0.0130014686309	0.00599710646182
510	0.0127227792153	0.00609626137921
520	0.0126431766662	0.00586647258604
530	0.0125785778071	0.00594672574065
540	0.0120572915035	0.00563801180508
550	0.0119773565357	0.00559691844186
560	0.0116489356428	0.00529060626201
570	0.0114144936814	0.00533594893098
580	0.0112319266411	0.00536353768809
590	0.0110990470626	0.00510630023675
600	0.010809593911	0.00513240470346
610	0.0108986250656	0.00503152794131
620	0.0104474255789	0.00513456609518
630	0.0104674232897	0.00481174602445
640	0.00997582832971	0.00477382783531
650	0.0100497528665	0.00468611487768
660	0.00996891784847	0.00475807979079
670	0.00953176921135	0.00453999476769
680	0.0094994155845	0.00451544954104
690	0.00932213278065	0.00453099839438
700	0.00930754813293	0.00435104314353
710	0.00918611984362	0.00430535302236
720	0.0088520436055	0.00423987903432
730	0.00875599105816	0.00415090097669
740	0.00883960826488	0.00430452332547
750	0.0086104863871	0.00419795985792
760	0.00855909321286	0.00397523723947
770	0.00845375508506	0.00402243700745
780	0.00831095676495	0.00402207237673
790	0.00821741424923	0.00390596036827
800	0.00807239915034	0.00373884202635
810	0.00792924477679	0.00379943746284
820	0.00799482391411	0.00363156321959
830	0.00794657951678	0.00361321536497
840	0.00778083518295	0.00383266914678
850	0.00764284743292	0.00370195634889
860	0.00755090795107	0.00361551436387
870	0.00737913583705	0.00341409436529
880	0.007510013392	0.00356057408733
890	0.00733842131835	0.00345747137688
900	0.00720561747009	0.00334786382236
910	0.00708447924681	0.00336557171069
920	0.00717011872039	0.00336030351975
930	0.00695533442738	0.00322523884272
940	0.00685121314116	0.00325813754909
950	0.00699757185774	0.00332323660555
960	0.00671289456568	0.00303947646053
970	0.00669792088069	0.00312224314669
980	0.00657850867289	0.00311952891473
990	0.0064398711832	0.00293665603665
1000	0.00635766178199	0.00307009128382
1010	0.00651006090952	0.00309151568551
1020	0.0064125910392	0.00293591598878
1030	0.00638182579289	0.00297046125022
1040	0.00626439688258	0.00295857078164
1050	0.00644757538099	0.00301582434972
1060	0.00624241025754	0.00287881102995
1070	0.00608920154861	0.00280886747788
1080	0.00599645265317	0.0029221521019
1090	0.00595820804059	0.00283849997504
1100	0.0058750814612	0.00275062671054
1110	0.00584410629408	0.00276437786214
1120	0.00575611794276	0.00270189836268
1130	0.00566995373322	0.00271268050694
1140	0.00556759611282	0.00261518465874
1150	0.00561970013453	0.00278328374582
1160	0.00561034581269	0.00276005521666
1170	0.00556194962723	0.00260897649596
1180	0.00548909696031	0.00257271744313
1190	0.00534444415317	0.00252657081431
1200	0.0054168598688	0.00264842649149
1210	0.0052494920558	0.00249354542241
1220	0.00533237503886	0.00236859065604
1230	0.00522966230358	0.0024331214082
1240	0.00527384003712	0.00244292121978
1250	0.00513919302928	0.00236998627926
1260	0.00518042425372	0.00243472327668
1270	0.00514670838576	0.00239031133312
1280	0.00502487622789	0.00237071388898
1290	0.0051140334184	0.00235048107648
1300	0.00490721089836	0.00228065673536
1310	0.00498474807022	0.00231252498912
1320	0.00488372642916	0.00229774689029
1330	0.00486456263197	0.00229870365563
1340	0.00498220843995	0.00242490959712
1350	0.00470343402871	0.00227697874184
1360	0.00477461221982	0.00227030744802
1370	0.00477165080811	0.00228374792592
1380	0.00476309581287	0.00226145215211
1390	0.00465481804673	0.00209902995413
1400	0.00455363229595	0.00218524859658
1410	0.00454523278281	0.00211017311735
1420	0.00463351773335	0.00219728245614
1430	0.00456336563429	0.00220095033044
1440	0.00460581681394	0.00210095311244
1450	0.00452705302501	0.00221332360796
1460	0.00449449409246	0.00209550226154
1470	0.00435081478713	0.00201039201682
1480	0.00436061798359	0.00204021129923
1490	0.00442091060819	0.0021014850024
1500	0.00430858363848	0.00203689441395
1510	0.00431359155204	0.00205070374155
1520	0.00429212772283	0.0020398727659
1530	0.00417459709938	0.0019738862718
1540	0.00420044640307	0.00191365604939
1550	0.00422732488614	0.0019451514975
1560	0.00411520787522	0.00187293549063
1570	0.00422080687102	0.00199503934033
1580	0.00417113438674	0.00197722689014
1590	0.00410982872754	0.00194929110084
1600	0.00409360508095	0.00198678113767
1610	0.00404294185791	0.00190383140316
1620	0.00407490386288	0.00196212081172
1630	0.00395036252637	0.00181135693414
1640	0.00396503270323	0.00189514106808
1650	0.00398739776426	0.00192504352201
1660	0.00393661459518	0.00190657263949
1670	0.00399457347791	0.00191203035783
1680	0.0038583702283	0.00178627094872
1690	0.00382885629224	0.00178784235219
1700	0.00380961078118	0.00173157260059
1710	0.00383615289284	0.00180377672558
1720	0.00378265958738	0.0017852145301
1730	0.00382524518948	0.00183554894205
1740	0.00371999651165	0.00186547960368
1750	0.00377464732093	0.00180095449438
1760	0.00366970565078	0.00177300994626
1770	0.00372132295039	0.00169520170308
1780	0.00355882601236	0.00166706003759
1790	0.00360529490027	0.00170755661259
1800	0.00362355166433	0.00171699490379
1810	0.00352662557534	0.00166416239227
1820	0.00357831753127	0.00170399728484
1830	0.00347138620165	0.00163726834729
1840	0.00355495180741	0.00167905906978
1850	0.00355226837192	0.00162263727252
1860	0.00348364812467	0.00171358566425
1870	0.00358019013812	0.00170218563802
1880	0.00345771818808	0.00167644384262
1890	0.00356416693272	0.00165474126075
1900	0.00342662175605	0.00163962237264
1910	0.00347948973041	0.0016379326881
1920	0.00340702030173	0.00162793301966
1930	0.0034264379731	0.00165708409315
1940	0.00342228972156	0.00154817717184
1950	0.00331335284374	0.0015376915634
1960	0.00331183208774	0.00165453164166
1970	0.00328479359851	0.00153343835965
1980	0.00321268064255	0.0015727191234
1990	0.00327950957371	0.00160990686385
2000	0.00329794058752	0.00157768483361
2010	0.00315647879304	0.00152223071946
2020	0.00324648387743	0.00155140838447
2030	0.00322716483801	0.00154445867741
2040	0.00318978642949	0.0015618747919
2050	0.00320186959948	0.00155588034917
2060	0.0030965253968	0.00139238040053
2070	0.00311108780218	0.00141480417562
2080	0.00316009022072	0.00149597392253
2090	0.00317283233496	0.00149125168133
2100	0.0030094667218	0.001385437524
2110	0.00304442202377	0.00147294488638
2120	0.00309939268678	0.00149008482999
2130	0.0030505954961	0.00148636550312
2140	0.00306956254801	0.00145112394906
2150	0.00313221911098	0.00145172545996
2160	0.00303579661436	0.00147151941558
2170	0.00300385355768	0.00138956207115
2180	0.00299866886403	0.00144441296858
2190	0.00304289680369	0.00147305357268
2200	0.00291106903826	0.00136098906715
2210	0.00293879822735	0.00134033663386
2220	0.00292885682144	0.00137583547914
2230	0.00293417604621	0.00137498746786
2240	0.00289548152931	0.00134817923325
2250	0.00282545278979	0.00137812841845
2260	0.00282742409784	0.0013250241911
2270	0.00282803856094	0.00137336938503
2280	0.00284549066098	0.00136833446952
2290	0.00287835024161	0.00139945343429
2300	0.00279342341814	0.00128875759453
2310	0.00276557537905	0.00130683577848
2320	0.00277828085159	0.00131862263915
2330	0.00281587432198	0.00130091905532
2340	0.0027561246677	0.00124838047573
2350	0.00277227405075	0.00128894432522
2360	0.00273812262673	0.0013225928132
2370	0.00281840608411	0.00136575644401
2380	0.00268544690522	0.00126930214553
2390	0.00278107896536	0.00129510876416
2400	0.00271324822837	0.00127412993355
2410	0.00270415221379	0.00124069567293
2420	0.00267723703517	0.00124533302727
2430	0.00273942622295	0.0013196851948
2440	0.0026800463272	0.00123373011737
2450	0.00264301852079	0.00121351650153
2460	0.00271979212278	0.00123757962729
2470	0.00270412630636	0.00126806335962
2480	0.00267171396767	0.00124772880325
2490	0.00261956151497	0.00125861129513
2500	0.00263394176888	0.00125944173638
2510	0.00259347204848	0.00124623735328
2520	0.00259646915112	0.00127438922117
2530	0.00249484033196	0.00113459482293
2540	0.00263759893645	0.00124845703986
2550	0.00253771555763	0.00120847898818
2560	0.00259484216339	0.00124002553146
2570	0.00254502063315	0.0011846897587
2580	0.00251524115204	0.00116798820439
2590	0.00254578796993	0.00116614045245
2600	0.00250253435269	0.00116469242765
2610	0.00250206095979	0.0011165228679
2620	0.0024517753601	0.00113279258172
2630	0.00246219706299	0.0011270064406
2640	0.00248527361253	0.00118234066034
2650	0.00241032385169	0.00115515520776
2660	0.0024548921958	0.00115249463189
2670	0.00243200898595	0.00112501112394
2680	0.00243455392755	0.00117492309411
2690	0.00247252155642	0.00111855783935
2700	0.00240009450658	0.00114395590213
2710	0.00240861968171	0.00110841890574
2720	0.00239303940615	0.00115492703513
2730	0.00238678988147	0.00115655756309
2740	0.00237240525232	0.00115918175109
2750	0.00241736585865	0.00114841083162
2760	0.00232423502521	0.00109849903674
2770	0.00232000593044	0.0010998544979
2780	0.0023718569554	0.00112361835961
2790	0.00232492610556	0.00108447195624
2800	0.00230689769798	0.00106662748647
2810	0.00234283985241	0.00109502560754
2820	0.00231650592582	0.00108370778563
2830	0.00228434007941	0.00111835676081
2840	0.00229300248535	0.0010319133688
2850	0.00230751131002	0.00105363619784
2860	0.00230779506832	0.00109186296673
2870	0.00226901543345	0.00107389742802
2880	0.00219959144604	0.00104579210423
2890	0.00222990631667	0.00103817673253
2900	0.00219125636619	0.00101530726533
2910	0.00225228593367	0.0010596513901
2920	0.00224209409999	0.00104815894798
2930	0.00218291539195	0.00101438512257
2940	0.00221379654043	0.00105289883463
2950	0.00221662418217	0.00102610236367
2960	0.00212066186779	0.0010050583863
2970	0.00221709120113	0.00102161510917
2980	0.00219703632597	0.00103874782171
2990	0.00220991774865	0.00108447677568
3000	0.00215571276016	0.0010227353647
3010	0.00219386261768	0.0010176877772
3020	0.00219099901992	0.00106742852036
3030	0.00212162226282	0.00101771225938
3040	0.00216096117672	0.00103555657263
3050	0.00218214755028	0.00106452276859
3060	0.00213406226696	0.0010511306057
3070	0.00212371652446	0.000989502736905
3080	0.00211342523505	0.00103514478907
3090	0.00208891214064	0.000986096934498
3100	0.00211448347821	0.00103019382146
3110	0.00209318870131	0.00102614663031
3120	0.00204372502081	0.00092523916717
3130	0.00208103104063	0.000963551328762
3140	0.00206817498681	0.000995266579401
3150	0.00203706241493	0.000992725217507
3160	0.0020088989251	0.000948833850396
3170	0.00205780138699	0.000965052817839
3180	0.00206229857481	0.000984809956446
3190	0.00197048953806	0.000901555803109
3200	0.00204118173541	0.000963932034858
3210	0.00202854028724	0.000961648239418
3220	0.00200455338391	0.000944188127381
3230	0.00205404596977	0.000961706318679
3240	0.0020367515942	0.000970921814089
3250	0.00193457130103	0.000898022570567
3260	0.00199513084803	0.000960204424181
3270	0.00202947719197	0.00095644713298
3280	0.0019639430878	0.00091076027537
3290	0.00193695150502	0.000948630127077
3300	0.00197331018922	0.000915701732715
3310	0.00197392943474	0.000979772058671
3320	0.00189283724718	0.000900472659565
3330	0.00196808174332	0.000960388331361
3340	0.00193934983332	0.000914336134329
3350	0.00195319080219	0.000939682723575
3360	0.00192816129675	0.000902124552399
3370	0.00196231416011	0.000924272440251
3380	0.00189841257045	0.00088081231397
3390	0.00189743241752	0.000885565797714
3400	0.00193798934907	0.00091571242236
3410	0.00188077156713	0.000871297849104
3420	0.00189590225841	0.00085857274124
3430	0.00192320544185	0.000898114703958
3440	0.00193697145009	0.000921089950266
3450	0.00189556709499	0.000878854239215
3460	0.00188208854867	0.000882838367854
3470	0.00185354520935	0.000888013136653
3480	0.00184891579502	0.000877941288561
3490	0.00183789623263	0.000852270572847
3500	0.00185720814552	0.000880117819883
3510	0.00191980333263	0.000959586088621
3520	0.00189189443462	0.000880715563673
3530	0.00186866190504	0.000840852608884
3540	0.00185407718955	0.000876925519388
3550	0.00183339016115	0.000843822949282
3560	0.00183911627213	0.00082911434674
3570	0.00184353896757	0.000855307406337
3580	0.00184780803182	0.000865846957
3590	0.00183768499081	0.000857459193474
3600	0.00178150714299	0.000850792925583
3610	0.001766550245	0.00084445007686
3620	0.00175980062882	0.000825558246652
3630	0.00175722616623	0.000844509370829
3640	0.00179029261406	0.000868171931222
3650	0.00176020116701	0.000831636672936
3660	0.00174639101055	0.000814443016183
3670	0.00175278820711	0.000850340816575
3680	0.00177658576304	0.000839172527292
3690	0.00175300714444	0.000837585184897
3700	0.00175649847011	0.000861081620025
3710	0.00177014580067	0.000832424417861
3720	0.00178505594574	0.000839536051926
3730	0.00174198876798	0.000814263348313
3740	0.0017390113078	0.000852383799228
3750	0.00174398514497	0.000815746073308
3760	0.00174875859112	0.000809527426888
3770	0.00172439715841	0.000836638993259
3780	0.00171871405739	0.000844281293457
3790	0.00170994105716	0.000809717530441
3800	0.00169733199652	0.000798881921522
3810	0.0017205931107	0.000803612624878
3820	0.00171404673692	0.000838147192182
3830	0.00171312789058	0.00077172323833
3840	0.00168372314674	0.000775752358032
3850	0.00167004139142	0.000815457971874
3860	0.00166528716902	0.000811306441371
3870	0.0016825527367	0.00079987297933
3880	0.00170713294216	0.000794689135152
3890	0.00164621076669	0.000785813097058
3900	0.00163802706944	0.000781691666326
3910	0.00166997086584	0.000763481492758
3920	0.00166998520835	0.000808847661144
3930	0.0016113460625	0.000761141132284
3940	0.00162291672607	0.00078527557568
3950	0.00163020778258	0.000758983402737
3960	0.00163041445679	0.000772052103091
3970	0.0016515746421	0.00077924747219
3980	0.00164098191129	0.000798611512674
3990	0.00160458322968	0.00076655911627
4000	0.00165181733584	0.000762606636028
4010	0.00160477801544	0.000764055742683
4020	0.0016076692236	0.000765450842193
4030	0.00158940530255	0.000732295695867
4040	0.0015618519436	0.000723859364551
4050	0.00159175512891	0.000733241888465
4060	0.00157793929965	0.000731194418303
4070	0.00159205873454	0.000761617705518
4080	0.00157651906937	0.000740173841098
4090	0.00159821254913	0.000722315589324
4100	0.00160858770989	0.000748991695846
4110	0.00159384865513	0.000785814319355
4120	0.0015618925446	0.000727664914167
4130	0.00155757890101	0.000716423585901
4140	0.00158049255145	0.00076619128876
4150	0.0015947506385	0.000722100460616
4160	0.00155761311045	0.000725846477035
4170	0.00152603697739	0.000724492895725
4180	0.00156999694749	0.000746847607545
4190	0.00155195654896	0.000737685451259
4200	0.00156110835001	0.000732307827227
4210	0.00153063655244	0.000680483911367
4220	0.0015235929761	0.000706131733038
4230	0.0015203859466	0.000726409378142
4240	0.00154930156673	0.000757997884679
4250	0.00153703989683	0.000702165493425
4260	0.00152861993588	0.000728098737417
4270	0.00149719643997	0.000701256504635
4280	0.00151440292369	0.000702442330962
4290	0.00150424718082	0.000702252425257
4300	0.0015104080863	0.000707011624652
4310	0.00146081246414	0.000696165349624
4320	0.00148352838135	0.000673317947103
4330	0.00150810739548	0.000704360468378
4340	0.00150121030593	0.000733597871497
4350	0.00149280992491	0.000715888040885
4360	0.00146124981188	0.000715432043767
4370	0.00148899655218	0.000688353841163
4380	0.00146820647599	0.00070414114654
4390	0.00149288272119	0.000732749008647
4400	0.00145460296392	0.000679283128492
4410	0.00152180498334	0.000714783287109
4420	0.00149797589039	0.000735770175604
4430	0.00146722276137	0.000664082798854
4440	0.00146682276081	0.000691430318581
4450	0.00147181207349	0.000679309330538
4460	0.00144853803433	0.000674552408298
4470	0.00143492066268	0.00066558804906
4480	0.00141798981978	0.000654359143104
4490	0.00140279447291	0.000667094471746
4500	0.0014492010661	0.000674938420376
4510	0.001418737068	0.000676082305114
4520	0.00143711896507	0.000644199967054
4530	0.0014309778691	0.000674309157988
4540	0.00142595060434	0.000656502244149
4550	0.00142569584125	0.000659566301885
4560	0.0014076430352	0.000665557006784
4570	0.00142839175625	0.00068432844327
4580	0.00142435800754	0.000636374497435
4590	0.00140854619861	0.000656039306057
4600	0.00142502724844	0.000666416396573
4610	0.00140265191812	0.00063734514394
4620	0.00138272671644	0.000658394022445
4630	0.00141914091137	0.000663228638986
4640	0.00141183296563	0.000639462619926
4650	0.00141675508409	0.000670481740461
4660	0.00139384725151	0.000644478307128
4670	0.00140049402064	0.000665385655559
4680	0.00137744102106	0.000658791466047
4690	0.00138579995609	0.000626962686698
4700	0.00137000809085	0.000648439813181
4710	0.00140455923956	0.000664393340261
4720	0.00137453383821	0.000658307379503
4730	0.00138223107094	0.000657284316795
4740	0.0013753309445	0.000644796638816
4750	0.00137071518163	0.000648310906203
4760	0.0013488164667	0.000657812164889
4770	0.00137409425427	0.000635667864425
4780	0.00137467849923	0.000669035094222
4790	0.00133527654428	0.000636426884469
4800	0.00134634745581	0.000621976781095
4810	0.001390343053	0.000663114825322
4820	0.00134336617001	0.000600586973642
4830	0.00134666858658	0.000626299403231
4840	0.0013412731334	0.000597028335707
4850	0.00134844847099	0.000645949662715
4860	0.00134725106814	0.000643728203994
4870	0.00135261212002	0.000608788058262
4880	0.00133272684174	0.000621181697678
4890	0.00132566599859	0.000628994750056
4900	0.00132600768886	0.000605029870492
4910	0.00130678231878	0.000623061417721
4920	0.0013264574964	0.000612097750091
4930	0.0013449659992	0.000637804029538
4940	0.00130140678399	0.000600865692694
4950	0.00129207895845	0.000598328821382
4960	0.00130190643156	0.000607521933116
4970	0.00133381440944	0.000644731941537
4980	0.00130945566295	0.000602766565744
4990	0.00129217690695	0.000619866282045
5000	0.00130779250177	0.000605918359158
5010	0.0012848664543	0.000598514466743
5020	0.00132446253556	0.000630820096674
5030	0.00131142987369	0.000591205353682
5040	0.0013132274426	0.000617360896136
5050	0.00128433918137	0.000614555848729
5060	0.00129846476953	0.000610141109612
5070	0.00129896571332	0.000603402742584
5080	0.00127736331812	0.000602989215665
5090	0.00127714204366	0.000587270625471
5100	0.00128142793407	0.000596104577304
5110	0.00126384450872	0.000587773933959
5120	0.00126437736212	0.000606706461753
5130	0.00126247455306	0.00059745793999
5140	0.00127018569316	0.00059650999614
5150	0.00126479016705	0.00059700886109
5160	0.00126551876373	0.000574648804696
5170	0.00124459650003	0.000596008255396
5180	0.00128765053178	0.000619843511808
5190	0.00124989052166	0.00060700771285
5200	0.00121365124011	0.000547837745646
5210	0.00127353274577	0.000623103492789
5220	0.00125169923444	0.000588496247799
5230	0.0012387179135	0.000570996489504
5240	0.00127363056112	0.000593924703712
5250	0.0012081379581	0.000564010826303
5260	0.00124865329205	0.000625409519951
5270	0.00122096598155	0.000573483162784
5280	0.0012666063799	0.000608688678111
5290	0.00123113419107	0.000582316616656
5300	0.00124328605943	0.000577823074216
5310	0.00122599255702	0.000586027189791
5320	0.00118858257191	0.000555740634014
5330	0.00119241318253	0.000561173260538
5340	0.00121859369843	0.000576070066921
5350	0.00122774383381	0.00056501374227
5360	0.00122608404677	0.000575259064119
5370	0.00120039251386	0.000597114423768
5380	0.00120835541351	0.000582709225694
5390	0.00120877131745	0.00056550335782
5400	0.00118383439463	0.000561351286193
5410	0.00120561065654	0.000578333701351
5420	0.00118949782257	0.000576973171519
5430	0.00117651257053	0.000552255070125
5440	0.00118705156322	0.000545205433718
5450	0.00118011508668	0.000556766611714
5460	0.0011964394159	0.00057518032624
5470	0.00118493061443	0.000574914496881
5480	0.00118883163394	0.000551718361751
5490	0.0011634391476	0.000545040202038
5500	0.00119232788758	0.000554068787935
5510	0.00116736804133	0.000548183279283
5520	0.00117937042842	0.000558710831767
5530	0.00118670291184	0.000556285604338
5540	0.00118255284303	0.000561189909527
5550	0.00113928546396	0.000535539558511
5560	0.0011436978174	0.00054286833736
5570	0.00117278403683	0.000553473218438
5580	0.00115144328631	0.000545441843743
5590	0.00115169622503	0.00052782782575
5600	0.0011473873073	0.000541966035994
5610	0.00115212182418	0.00054964396956
5620	0.00115550329209	0.000531304534755
5630	0.00115088026014	0.000544687708852
5640	0.00115444994947	0.000511611826738
5650	0.00114988689121	0.000541482529259
5660	0.00114760944602	0.000530440065326
5670	0.00113878490607	0.00051900369082
5680	0.00116875399986	0.000535198983744
5690	0.00112897411819	0.000517301541037
5700	0.00116849882962	0.000548942681874
5710	0.0011442158583	0.0005469391111
5720	0.00114100708355	0.000545616245352
5730	0.00110717383445	0.000523560794314
5740	0.00111754822616	0.000516408482509
5750	0.00110930613636	0.000527249184958
5760	0.00114835571877	0.000547222137921
5770	0.00114103624527	0.000535231933397
5780	0.00112493648502	0.000529262078666
5790	0.00112590341513	0.000516551580651
5800	0.00111814126602	0.000516379551675
5810	0.00110091022588	0.00051798146474
5820	0.00114922824352	0.00052193771592
5830	0.00111366266846	0.000514428892018
5840	0.00109707729143	0.000538052706424
5850	0.00110595184151	0.000525234825227
5860	0.00112315328175	0.000523907247049
5870	0.00112206391396	0.000558808228093
5880	0.00111708169961	0.00053716231691
5890	0.00111545500595	0.000513993135865
5900	0.00109600963319	0.00053206827012
5910	0.00111567421415	0.000528250935221
5920	0.00108900188657	0.000497720705005
5930	0.00109436712727	0.000508899291391
5940	0.00109621726925	0.000503355738637
5950	0.00110327844842	0.00053242094428
5960	0.00109526568893	0.000509879430774
5970	0.00109945281685	0.000511969787839
5980	0.00107551174918	0.000496304801875
5990	0.00108056561636	0.00051467526835
6000	0.001078242713	0.000507377622433
6010	0.00108115056611	0.000505348553343
6020	0.00109700322503	0.000536551073987
6030	0.00107803202674	0.000505505112632
6040	0.0010711533132	0.000500058223401
6050	0.00106981607304	0.000482585817364
6060	0.00107517215377	0.000507975817703
6070	0.00104452053537	0.00049375439512
6080	0.00106249647484	0.000500302177166
6090	0.00104872178129	0.000494360932078
6100	0.00107354272557	0.000481872069557
6110	0.00106857523058	0.00050855112561
6120	0.00107574841008	0.000510219579487
6130	0.00106477518032	0.000488157641319
6140	0.00104713113684	0.000509978383711
6150	0.00105475584546	0.000491826226277
6160	0.00103954994912	0.000460804729746
6170	0.00103975174632	0.000486194198096
6180	0.00105491362733	0.00048525088889
6190	0.00104252202039	0.000508758082407
6200	0.00103021523008	0.000477295918572
6210	0.00107726360932	0.00050274900043
6220	0.00104541535828	0.000496107449941
6230	0.00105832256211	0.000479776534606
6240	0.00105318143747	0.000479561251963
6250	0.00101780780791	0.000475335935968
6260	0.00104423278293	0.000485543523008
6270	0.00101304247632	0.000471889504061
6280	0.00101493721383	0.000465568222607
6290	0.00103520726004	0.000496319711356
6300	0.00103451437501	0.000503732322995
6310	0.00099853136307	0.000477018843654
6320	0.00100845304563	0.000475339447172
6330	0.00102474824518	0.000493154173914
6340	0.00101738505588	0.000470727896581
6350	0.00101201655074	0.000483908684894
6360	0.00102194645548	0.000491756205937
6370	0.0010166729647	0.000488535777067
6380	0.00100473493304	0.000481953581144
6390	0.00102389493265	0.000483353260503
6400	0.00103615910822	0.000491138546105
6410	0.00100742098846	0.000492696153936
6420	0.00101384757078	0.000478164317251
6430	0.000989416575566	0.000463867612807
6440	0.00101571600901	0.000461649506045
6450	0.0010192530981	0.00045360059827
6460	0.000990342540124	0.000484847754178
6470	0.000988943722974	0.000458958742634
6480	0.00100228171585	0.000488210744558
6490	0.00103018841337	0.000501750371781
6500	0.00100447038271	0.00048083421751
6510	0.00100794387274	0.000460748207772
6520	0.000971271011027	0.000460523143669
6530	0.00100799084691	0.000477456217532
6540	0.000989195890348	0.000450117459079
6550	0.000978360446032	0.000463601590526
6560	0.000979681772823	0.000469642659817
6570	0.00100957615705	0.00046824329015
6580	0.00100279475259	0.000451267617141
6590	0.000976648535843	0.000448161907297
6600	0.000980436487475	0.000452124937912
6610	0.000992561071644	0.00048916162536
6620	0.00097316150761	0.000444556839745
6630	0.000992720785576	0.00046366692896
6640	0.000972997199615	0.000447681929401
6650	0.000975161779696	0.000459056106017
6660	0.000971976559347	0.000453980878834
6670	0.000964002863264	0.000451451961061
6680	0.000990000035015	0.00046082335728
6690	0.00099543071708	0.000473806470121
6700	0.000995833163203	0.000460752582324
6710	0.000964674910623	0.000489633174592
6720	0.000957519555006	0.000453243188236
6730	0.000961277057242	0.000443352708315
6740	0.000971549979375	0.000450034291635
6750	0.000968794133019	0.000460836369354
6760	0.00094813027501	0.000453630307465
6770	0.000956667505411	0.000445136943261
6780	0.000989189335511	0.000474361333075
6790	0.000956017245065	0.000462950083588
6800	0.000983134481796	0.000460221574815
6810	0.000949277308581	0.000435744728521
6820	0.000954686009841	0.000445044194818
6830	0.000960113723645	0.000455252435788
6840	0.000973900258827	0.000460168792604
6850	0.000938544781636	0.000457833332797
6860	0.000964075812561	0.000445327593188
6870	0.000956918590217	0.000450488072562
6880	0.000936345314367	0.000444252806001
6890	0.000964151828121	0.000454208506865
6900	0.000915203870678	0.000428900132166
6910	0.000932372489811	0.000459371373199
6920	0.000904710181095	0.000422988640583
6930	0.000919629205515	0.000439469915143
6940	0.000924456364684	0.000421864251582
6950	0.00096353985106	0.000457657079994
6960	0.000928731511228	0.000445994454327
6970	0.000950191669294	0.000435931851132
6980	0.000951666178197	0.000459591578879
6990	0.000899420805038	0.000417403011428
7000	0.000934601269686	0.000439876300096
7010	0.000942730750256	0.000446323151763
7020	0.00094359057443	0.000455859848531
7030	0.000938998625655	0.000444512323573
7040	0.000900045997739	0.000421940117885
7050	0.000918825770216	0.00041717830117
7060	0.000922021270833	0.000438976815397
7070	0.000907151467058	0.000432741154806
7080	0.000923818212081	0.000428229641998
7090	0.000939105228265	0.000444396224685
7100	0.00090084051213	0.000414919021624
7110	0.00091717099807	0.000421635263104
7120	0.000892966216475	0.00042652910941
7130	0.000896550406763	0.000410867239944
7140	0.000915127503638	0.000433799020379
7150	0.000925750610118	0.00043747825611
7160	0.000901930843069	0.000419744935831
7170	0.000918469063951	0.000442243942667
7180	0.000904452994296	0.000425208378152
7190	0.000893438664316	0.00043413045448
7200	0.000921673475451	0.000451173571727
7210	0.000919706687155	0.000435965026701
7220	0.000901595397551	0.000412648408169
7230	0.000896071949006	0.000424432294662
7240	0.000907105409921	0.00042674990036
7250	0.000900044442013	0.000409297486145
7260	0.000874359322601	0.000412113871925
7270	0.000881574364839	0.000399246050188
7280	0.00090518809849	0.0004319441618
7290	0.000859723562463	0.000410309413459
7300	0.000916855041763	0.000424157803246
7310	0.000888725697963	0.000417538314006
7320	0.000898710480676	0.000420301043983
7330	0.000909727900218	0.000447842808116
7340	0.000887424376753	0.000415079046719
7350	0.00090053241907	0.000422954623412
7360	0.000880034495987	0.000424400235492
7370	0.000884570256881	0.000416438478155
7380	0.000870827564497	0.000412817903924
7390	0.000866819055122	0.000414113915848
7400	0.000881955083541	0.000415132818395
7410	0.000873174667024	0.00042001005576
7420	0.000875279821092	0.000409928534271
7430	0.000870109923721	0.000411766833956
7440	0.000865887788839	0.000406512316867
7450	0.000876839484379	0.000429947431012
7460	0.000847361803135	0.000392689581996
7470	0.00085696700125	0.000410811795853
7480	0.000857804034566	0.000410336315592
7490	0.000858435282553	0.000406098788333
7500	0.00087060884897	0.000403320860117
7510	0.000867255253796	0.000404872165479
7520	0.000860665035167	0.000411048086438
7530	0.000856959841119	0.000412134663214
7540	0.000852646423898	0.000395935991644
7550	0.000862337537309	0.000397202137111
7560	0.000864519207288	0.000407733849804
7570	0.000866047975731	0.000415485316957
7580	0.000841114513841	0.000396691173868
7590	0.000876674968634	0.00039666420539
7600	0.00085379586181	0.000416037386062
7610	0.000865384232181	0.000397236908029
7620	0.000841098667952	0.000393218248624
7630	0.000844952477781	0.000407593525219
7640	0.00086222512657	0.000404522586872
7650	0.000834375387995	0.000390509535228
7660	0.000857091137388	0.000387365422332
7670	0.000844102205439	0.000384176107764
7680	0.00086142907447	0.0004278875693
7690	0.000845075133668	0.000405088894813
7700	0.000832952015198	0.000387423265806
7710	0.0008517821325	0.000403754674768
7720	0.000841089768041	0.000390801328274
7730	0.000823427188448	0.000383734165854
7740	0.000850031280769	0.000395423294269
7750	0.000854527473576	0.000384852733637
7760	0.000824035005572	0.000382514426211
7770	0.000835647980719	0.000392754746909
7780	0.000833511140192	0.000412371336628
7790	0.000834787501888	0.000388774361058
7800	0.000833921032611	0.000383212784635
7810	0.000839093001215	0.000394071564277
7820	0.000822306514982	0.000381042421697
7830	0.000840613952278	0.000402956511901
7840	0.000830620495518	0.00039797491477
7850	0.00081624094406	0.000386301473498
7860	0.000812329345298	0.000382543499327
7870	0.000842418871344	0.000390147009644
7880	0.000822667913568	0.000386140866243
7890	0.000847463649731	0.000382073087149
7900	0.000821343484398	0.000387514501098
7910	0.00080913470688	0.000374710955768
7920	0.000814136241648	0.000400849897778
7930	0.000830560934571	0.000379582045805
7940	0.000827906036006	0.000389561439213
7950	0.000819270063472	0.0003870993645
7960	0.000815023661904	0.000383856544673
7970	0.000829365507556	0.000403939422371
7980	0.000820028486104	0.00037182127424
7990	0.000792658472387	0.000376055987535
8000	0.000804247142198	0.000371991659114
8010	0.000800835876023	0.000374874228089
8020	0.000811840389261	0.00038495220257
8030	0.000805802081161	0.000380677360385
8040	0.000791014288977	0.00036508209692
8050	0.000834794982628	0.000380948077707
8060	0.000817966437316	0.000383698987658
8070	0.000826678145242	0.000389805072378
8080	0.000809200215378	0.00037870079465
8090	0.000829720573043	0.000396795711035
8100	0.000806167897789	0.000380288335902
8110	0.000800967800676	0.000386434689955
8120	0.000782791120814	0.000352324965715
8130	0.000789387481108	0.000369466960177
8140	0.000790752164535	0.000367474593435
8150	0.000795938631508	0.000379559269964
8160	0.000821053842148	0.000385772273391
8170	0.000790296058433	0.00037065449259
8180	0.000805084321439	0.000394389759735
8190	0.000810395678093	0.000387085842943
8200	0.000802923173615	0.000385732893708
8210	0.000802445140922	0.000387069848823
8220	0.000772969145892	0.000370337553995
8230	0.000792844351143	0.000377310001513
8240	0.000777920355596	0.000364080824917
8250	0.000777418267088	0.000370016324163
8260	0.000795162256106	0.000378855984924
8270	0.00077523782069	0.000360174983385
8280	0.000777416667473	0.000363608776055
8290	0.000778230099772	0.000362538740008
8300	0.000773977658934	0.00036472820206
8310	0.000771084574696	0.000366209241588
8320	0.000786968275391	0.00037334321689
8330	0.000775522259991	0.000373377436061
8340	0.000771958279208	0.000375692687139
8350	0.000768808713309	0.000363091783235
8360	0.000778903692922	0.000366221693428
8370	0.000751678835545	0.000364573504433
8380	0.000775510731525	0.000359925105454
8390	0.000767266916752	0.000371484016239
8400	0.000777607250239	0.000374276782025
8410	0.000782574954373	0.000357331332744
8420	0.000759190013646	0.000367149549616
8430	0.000756744930854	0.000355036009631
8440	0.000756869503515	0.00035626943664
8450	0.000755647524596	0.000350881123361
8460	0.000773360403872	0.00037868086394
8470	0.000758906509227	0.000354976679028
8480	0.000761811194406	0.000351227633955
8490	0.000763078420412	0.000367987049454
8500	0.000747363639332	0.000341320606421
8510	0.000760109372577	0.000366033276183
8520	0.000762118100406	0.000359834835838
8530	0.000766121073663	0.000367197730713
8540	0.000762352166124	0.000357146056954
8550	0.000764832723473	0.000348309557167
8560	0.000765448439142	0.000370098939505
8570	0.000772389782884	0.000358342609857
8580	0.000751036525583	0.000357157835071
8590	0.000764354684202	0.00036156779445
8600	0.000753657485413	0.000349484845956
8610	0.000753344812239	0.000373614752255
8620	0.000776159875568	0.000361449695645
8630	0.000762503237311	0.000351268845343
8640	0.000750658917549	0.000360481650285
8650	0.000744755623122	0.000344557392779
8660	0.000734502711787	0.000357079902023
8670	0.000733167504668	0.000348975188616
8680	0.000767577571231	0.000362512366663
8690	0.000758409257004	0.00034305168788
8700	0.000738740831279	0.000354621590517
8710	0.000731421778654	0.000343581406869
8720	0.000757462853723	0.000369161507625
8730	0.000740648174384	0.000338679330156
8740	0.000743936428296	0.000342229050247
8750	0.000753090120967	0.000351745606796
8760	0.000727073203254	0.000334704796006
8770	0.000752634445607	0.000348085136112
8780	0.000752743454737	0.000365560316454
8790	0.00075283183134	0.000354116745537
8800	0.000741673346494	0.000341102019087
8810	0.000727853894563	0.000335332519323
8820	0.000740634522095	0.000360771650538
8830	0.000773398084439	0.000352305678754
8840	0.00073781786625	0.000347459552025
8850	0.000738726028849	0.000346070247262
8860	0.000719396748652	0.000344294444424
8870	0.000727793407912	0.000337473029788
8880	0.000730527377687	0.000346613474735
8890	0.000709396328964	0.000328364858577
8900	0.000723244728077	0.000325839977561
8910	0.000736312846163	0.000350015635464
8920	0.000736744612872	0.000345673581707
8930	0.000719640688129	0.00034930103603
8940	0.000720954033603	0.000332707602082
8950	0.000748221892148	0.000340977981838
8960	0.000712821843125	0.000343668205067
8970	0.000727575223308	0.000352211264682
8980	0.000723645724305	0.000332791444648
8990	0.000712461741869	0.000335116845353
9000	0.000741603775453	0.000342897646024
9010	0.000718927068792	0.000332506129592
9020	0.000732956201059	0.000357911267465
9030	0.000716568258597	0.000327190040454
9040	0.000726029402952	0.00034490215209
9050	0.000728963757822	0.00034408662595
9060	0.000719976921723	0.000347646314766
9070	0.000703164563095	0.000328366456037
9080	0.000718475428444	0.000347162325153
9090	0.000701550125353	0.000331997587556
9100	0.000713884939333	0.000335091320995
9110	0.000701394195263	0.00033180699423
9120	0.000707155519234	0.000336391346428
9130	0.00072086132304	0.000340668676638
9140	0.000700244231181	0.00032489495811
9150	0.000718042724681	0.000349841871197
9160	0.000708342997431	0.000322177229866
9170	0.000697968660309	0.000316050483511
9180	0.000709756715587	0.000327207648253
9190	0.000706670578547	0.000331271620454
9200	0.000705621129838	0.000337858408101
9210	0.000710532818568	0.000323486044569
9220	0.000693819510387	0.000321968157594
9230	0.000695587111783	0.000326703707512
9240	0.00071459962077	0.000352590311977
9250	0.000689644281199	0.000330127622328
9260	0.00070427726836	0.000333065283025
9270	0.000708424311854	0.000329128793657
9280	0.000697401126481	0.000328841112254
9290	0.000701769657679	0.000337153041127
9300	0.000711297961761	0.000334214190286
9310	0.000708418128957	0.000322470783108
9320	0.000697556802393	0.000327122573367
9330	0.000688103240344	0.000318303734399
9340	0.000708338964132	0.00033117918514
9350	0.000696812623155	0.000331185409823
9360	0.000707131135871	0.00033144637961
9370	0.000690530937312	0.000315949283933
9380	0.000714765174375	0.000345780919999
9390	0.000697065259451	0.000330203392432
9400	0.000675180588157	0.000318666244377
9410	0.000686640104614	0.00033414492424
9420	0.000708501759571	0.00032105677113
9430	0.000688468462553	0.000328857088883
9440	0.000708000499896	0.000333374478967
9450	0.000686381236716	0.00032649163338
9460	0.000669639901764	0.000301724186909
9470	0.000687274791615	0.000331127051884
9480	0.00069015962444	0.000320392996196
9490	0.000676679095442	0.000314523759639
9500	0.000688418109642	0.000332882650548
9510	0.000680292239693	0.000334412595711
9520	0.00068358613958	0.0003092583547
9530	0.000686058863117	0.000321080422126
9540	0.000698398100146	0.00033003587563
9550	0.000677956459809	0.000322810607841
9560	0.000687197232271	0.000334450484785
9570	0.000672269014517	0.000309543980833
9580	0.000705907403641	0.000347769553457
9590	0.000683112158143	0.000339425859316
9600	0.000680951984076	0.000322030737118
9610	0.000665389998147	0.000309780800079
9620	0.000668934364923	0.000309351934585
9630	0.000671346571922	0.000303059958863
9640	0.000674315870475	0.000316593048031
9650	0.000662840522192	0.000301470893325
9660	0.000663557632658	0.000306618126664
9670	0.0006640877251	0.000314142511684
9680	0.000668963125814	0.000308631647923
9690	0.000663664394653	0.00032177235196
9700	0.000663246389923	0.000311399542984
9710	0.000659863725705	0.000307060405647
9720	0.000681545859403	0.000325194624264
9730	0.000682141516856	0.000314006770549
9740	0.000667405477512	0.000314211363763
9750	0.000669972432144	0.00031608125663
9760	0.000662562587554	0.000314387318965
9770	0.000658166712428	0.000314391287171
9780	0.000663914281196	0.000309704058848
9790	0.000670317861807	0.000318249758423
9800	0.000660528694568	0.000317377774115
9810	0.000673457331645	0.000315207419689
9820	0.000655655302096	0.000318011970419
9830	0.00066650123682	0.000315277279931
9840	0.000649402922017	0.000310133205704
9850	0.000663504063901	0.000298141317899
9860	0.000658839543147	0.000308831164267
9870	0.000650037379549	0.000303769295819
9880	0.000658820814564	0.000306095974341
9890	0.000650742215406	0.00030006715015
9900	0.000640580592558	0.000310501463593
9910	0.000639832040448	0.000308281756206
9920	0.000647438768144	0.000296495437507
9930	0.000649384382677	0.000304739159348
9940	0.000649055947789	0.000317041376876
9950	0.000651209889654	0.000297616057163
9960	0.000663994301508	0.000309778447818
9970	0.000663027551603	0.000303321633245
9980	0.00065361891144	0.0003056302906
9990	0.000666221383697	0.000307821562462
10000	0.000651828194925	0.000316694411701