S21I,11.0,145.0,2.579
T86H,16.0,143.0,2.19
T86Q,16.0,117.0,1.99
T32Y,11.0,76.0,1.933
P59D,15.0,99.0,1.887
F47C,19.0,124.0,1.876
G40L,14.0,90.0,1.861
N51C,13.0,83.0,1.854
F8T,31.0,194.0,1.834
T90E,79.0,492.0,1.829
D10F,12.0,69.0,1.749
G55P,11.0,58.0,1.663
D10Q,12.0,60.0,1.609
Y93L,69.0,343.0,1.604
S21D,29.0,136.0,1.545
W89K,15.0,70.0,1.54
I14R,40.0,184.0,1.526
A66M,21.0,90.0,1.455
T90F,19.0,80.0,1.438
G11C,18.0,74.0,1.414
S83Q,34.0,139.0,1.408
K94Y,44.0,179.0,1.403
S83T,80.0,320.0,1.386
V36Q,24.0,93.0,1.355
N53A,11.0,42.0,1.34
G23V,13.0,47.0,1.285
D3F,22.0,79.0,1.278
A58N,12.0,43.0,1.276
N60R,38.0,133.0,1.253
N7M,12.0,42.0,1.253
T2Y,19.0,66.0,1.245
W62E,36.0,125.0,1.245
S73K,31.0,105.0,1.22
T43K,16.0,54.0,1.216
S73Y,16.0,54.0,1.216
T71C,33.0,111.0,1.213
G95C,11.0,37.0,1.213
A64C,18.0,60.0,1.204
S73H,15.0,50.0,1.204
N16Q,12.0,40.0,1.204
R48Q,22.0,70.0,1.157
G40S,39.0,123.0,1.149
F8A,53.0,166.0,1.142
V68A,50.0,155.0,1.131
L6N,41.0,127.0,1.131
S83Y,42.0,129.0,1.122
S21N,16.0,49.0,1.119
N7C,48.0,145.0,1.106
R88T,53.0,158.0,1.092
Y87S,81.0,240.0,1.086
W41V,50.0,148.0,1.085
T86N,21.0,62.0,1.083
V27P,19.0,56.0,1.081
D10L,16.0,47.0,1.078
T49K,15.0,44.0,1.076
Y93A,91.0,267.0,1.076
N51H,14.0,41.0,1.075
N24A,40.0,117.0,1.073
T86Y,32.0,91.0,1.045
N51W,27.0,76.0,1.035
Y93R,211.0,588.0,1.025
K39M,22.0,61.0,1.02
P46Q,30.0,83.0,1.018
N24M,18.0,49.0,1.001
W84I,14.0,38.0,0.999
G55C,46.0,124.0,0.992
S34K,16.0,43.0,0.989
F35D,25.0,67.0,0.986
Y93K,58.0,153.0,0.97
T86D,11.0,29.0,0.969
W62H,46.0,121.0,0.967
L65V,45.0,118.0,0.964
N28I,50.0,130.0,0.956
Y25D,45.0,117.0,0.956
S73F,34.0,88.0,0.951
L67*,12.0,31.0,0.949
V56L,73.0,188.0,0.946
G38I,14.0,36.0,0.944
N31E,26.0,66.0,0.932
A66E,32.0,80.0,0.916
D10A,28.0,69.0,0.902
I14W,28.0,69.0,0.902
T42N,22.0,54.0,0.898
V56P,29.0,71.0,0.895
S1H,17.0,41.0,0.88
G85T,38.0,91.0,0.873
I76C,38.0,91.0,0.873
N28T,39.0,93.0,0.869
T2E,39.0,93.0,0.869
P59T,40.0,95.0,0.865
R88P,30.0,71.0,0.861
G12Y,55.0,130.0,0.86
T32M,14.0,33.0,0.857
I14V,74.0,174.0,0.855
S1Q,32.0,75.0,0.852
T90P,99.0,232.0,0.852
V56K,25.0,58.0,0.842
N24S,84.0,193.0,0.832
T86L,86.0,197.0,0.829
N31V,66.0,149.0,0.814
D10Y,29.0,65.0,0.807
N28K,30.0,67.0,0.803
Y4M,13.0,29.0,0.802
A66I,27.0,60.0,0.799
G23C,14.0,31.0,0.795
T90A,175.0,385.0,0.788
S26F,56.0,123.0,0.787
D3A,72.0,155.0,0.767
S1K,21.0,45.0,0.762
D10R,28.0,60.0,0.762
T32R,64.0,137.0,0.761
G12C,118.0,252.0,0.759
D10E,30.0,64.0,0.758
W62M,37.0,78.0,0.746
N24G,95.0,200.0,0.744
F47G,57.0,120.0,0.744
N28A,59.0,124.0,0.743
Y79Q,49.0,103.0,0.743
Y93S,122.0,252.0,0.725
V56T,32.0,66.0,0.724
K94T,182.0,374.0,0.72
V81D,80.0,164.0,0.718
N60S,116.0,237.0,0.714
A77H,24.0,49.0,0.714
N31Y,26.0,53.0,0.712
N24C,43.0,87.0,0.705
T92H,142.0,287.0,0.704
D3C,30.0,60.0,0.693
R48M,23.0,46.0,0.693
G63Q,14.0,28.0,0.693
S21K,18.0,36.0,0.693
I50N,95.0,189.0,0.688
V15I,111.0,219.0,0.68
G91Y,64.0,126.0,0.677
I76D,30.0,59.0,0.676
V36C,27.0,53.0,0.674
G55R,105.0,206.0,0.674
S34A,51.0,100.0,0.673
T2I,48.0,94.0,0.672
T92E,244.0,475.0,0.666
Y79K,34.0,66.0,0.663
W57D,47.0,91.0,0.661
S26G,185.0,352.0,0.643
G33R,121.0,229.0,0.638
S73T,59.0,111.0,0.632
N60G,66.0,124.0,0.631
W89P,53.0,99.0,0.625
N31S,74.0,138.0,0.623
V37I,25.0,46.0,0.61
L65A,31.0,57.0,0.609
L75C,62.0,114.0,0.609
A77M,36.0,66.0,0.606
G40T,23.0,42.0,0.602
W41T,22.0,40.0,0.598
A66L,89.0,161.0,0.593
G55V,65.0,117.0,0.588
Y87D,30.0,54.0,0.588
L75M,35.0,63.0,0.588
W5F,68.0,122.0,0.585
G22Q,13.0,23.0,0.571
V15L,206.0,363.0,0.567
T90M,21.0,37.0,0.566
N28M,12.0,21.0,0.56
I14S,35.0,61.0,0.556
A66V,173.0,301.0,0.554
P59H,15.0,26.0,0.55
S26K,18.0,31.0,0.544
W70S,76.0,130.0,0.537
A64R,27.0,46.0,0.533
A64T,36.0,61.0,0.527
N24L,87.0,146.0,0.518
S34D,31.0,52.0,0.517
R88E,24.0,40.0,0.511
F35C,24.0,40.0,0.511
Y79G,132.0,219.0,0.506
V80E,29.0,48.0,0.504
W89T,69.0,114.0,0.502
K94M,106.0,175.0,0.501
A58K,28.0,46.0,0.496
G55N,25.0,41.0,0.495
A54S,55.0,90.0,0.492
Y93E,52.0,85.0,0.491
N24T,24.0,39.0,0.486
N16A,24.0,39.0,0.486
L75D,32.0,52.0,0.486
V68L,37.0,60.0,0.483
Y93T,118.0,191.0,0.482
T49A,89.0,144.0,0.481
G63E,26.0,42.0,0.48
T90S,160.0,258.0,0.478
G12A,147.0,236.0,0.473
A58T,57.0,91.0,0.468
S1Y,42.0,67.0,0.467
V81M,33.0,52.0,0.455
D100V,14.0,22.0,0.452
S34L,63.0,99.0,0.452
T2V,93.0,146.0,0.451
W5M,137.0,214.0,0.446
T86M,16.0,25.0,0.446
T92D,184.0,286.0,0.441
T86R,76.0,118.0,0.44
V68E,11.0,17.0,0.435
T86V,35.0,54.0,0.434
V15P,87.0,134.0,0.432
I14L,61.0,94.0,0.432
A77T,106.0,163.0,0.43
S26E,47.0,72.0,0.427
G33*,42.0,64.0,0.421
S30D,23.0,35.0,0.42
N51G,69.0,105.0,0.42
A58H,25.0,38.0,0.419
W62D,35.0,53.0,0.415
A66C,55.0,83.0,0.412
D3Q,30.0,45.0,0.405
R72T,28.0,42.0,0.405
W89L,132.0,198.0,0.405
N51V,48.0,72.0,0.405
Y79L,93.0,138.0,0.395
W70T,17.0,25.0,0.386
T32C,32.0,47.0,0.384
W62S,95.0,139.0,0.381
G11V,26.0,38.0,0.379
T42L,24.0,35.0,0.377
V18K,44.0,64.0,0.375
S45T,132.0,191.0,0.369
T49D,18.0,26.0,0.368
A66T,68.0,98.0,0.365
V15Y,65.0,93.0,0.358
Y25K,26.0,37.0,0.353
T43H,12.0,17.0,0.348
K98*,27.0,38.0,0.342
S30A,32.0,45.0,0.341
W5C,136.0,191.0,0.34
S83D,42.0,59.0,0.34
V56F,45.0,63.0,0.336
G85D,72.0,100.0,0.329
P59Q,41.0,57.0,0.329
A58G,114.0,158.0,0.326
A17E,76.0,105.0,0.323
F8V,77.0,106.0,0.32
G85P,32.0,44.0,0.318
R72H,110.0,151.0,0.317
R48S,81.0,111.0,0.315
F8G,122.0,167.0,0.314
S73M,52.0,71.0,0.311
T43E,33.0,45.0,0.31
I50C,213.0,290.0,0.309
G22A,57.0,77.0,0.301
W62P,54.0,73.0,0.301
W62F,70.0,94.0,0.295
T96S,21.0,28.0,0.288
G85M,15.0,20.0,0.288
T49S,104.0,138.0,0.283
S30G,74.0,98.0,0.281
Y4E,34.0,45.0,0.28
T32L,34.0,45.0,0.28
N19A,222.0,292.0,0.274
I76V,99.0,130.0,0.272
Y93P,91.0,119.0,0.268
V18W,98.0,128.0,0.267
G33C,63.0,82.0,0.264
G55D,44.0,57.0,0.259
N51S,78.0,101.0,0.258
A66Q,17.0,22.0,0.258
G22V,75.0,97.0,0.257
F47E,31.0,40.0,0.255
S26I,38.0,49.0,0.254
L75V,85.0,109.0,0.249
F8W,78.0,100.0,0.248
P74S,69.0,88.0,0.243
G12W,103.0,131.0,0.24
T90R,207.0,263.0,0.239
N28S,63.0,80.0,0.239
P46E,26.0,33.0,0.238
K94L,286.0,362.0,0.236
N31H,15.0,19.0,0.236
V18A,220.0,278.0,0.234
N28V,53.0,67.0,0.234
N19P,81.0,102.0,0.231
N24K,62.0,78.0,0.23
N60K,31.0,39.0,0.23
G12H,74.0,93.0,0.229
S26T,76.0,95.0,0.223
W70N,16.0,20.0,0.223
V18D,77.0,96.0,0.221
N24R,57.0,71.0,0.22
T92G,697.0,865.0,0.216
V27Y,25.0,31.0,0.215
G12V,186.0,230.0,0.212
W57M,26.0,32.0,0.208
G85C,52.0,64.0,0.208
F8L,99.0,121.0,0.201
A77L,81.0,99.0,0.201
N31C,37.0,45.0,0.196
G20W,33.0,40.0,0.192
L6H,64.0,77.0,0.185
T90L,104.0,125.0,0.184
V80D,65.0,78.0,0.182
F47R,50.0,60.0,0.182
S26V,80.0,95.0,0.172
S45V,253.0,300.0,0.17
N24I,65.0,77.0,0.169
G20*,33.0,39.0,0.167
T49R,77.0,91.0,0.167
V68G,50.0,59.0,0.166
S1T,50.0,59.0,0.166
T2N,51.0,60.0,0.163
G95S,12.0,14.0,0.154
I50L,359.0,418.0,0.152
I76R,148.0,171.0,0.144
V81L,115.0,132.0,0.138
N16S,75.0,86.0,0.137
D82E,70.0,80.0,0.134
A58V,175.0,200.0,0.134
Y93G,183.0,209.0,0.133
W70C,52.0,59.0,0.126
F35E,30.0,34.0,0.125
N19Y,109.0,123.0,0.121
W89R,171.0,193.0,0.121
I14T,60.0,67.0,0.11
L6M,86.0,96.0,0.11
N53V,62.0,69.0,0.107
K98R,18.0,20.0,0.105
M0L,18.0,20.0,0.105
N16W,27.0,30.0,0.105
G33V,94.0,104.0,0.101
S1G,195.0,215.0,0.098
D3E,62.0,68.0,0.092
W57T,64.0,70.0,0.09
T32G,96.0,105.0,0.09
R72K,11.0,12.0,0.087
T96N,11.0,12.0,0.087
D10V,45.0,49.0,0.085
T42V,34.0,37.0,0.085
N51E,34.0,37.0,0.085
K94E,152.0,165.0,0.082
K98I,12.0,13.0,0.08
V15W,162.0,175.0,0.077
V18T,121.0,130.0,0.072
W62C,81.0,87.0,0.071
L6T,169.0,181.0,0.069
T86A,100.0,107.0,0.068
N16K,29.0,31.0,0.067
G22D,44.0,47.0,0.066
Y52F,75.0,80.0,0.065
F47I,16.0,17.0,0.061
S26A,84.0,89.0,0.058
W29*,83.0,88.0,0.058
G22L,70.0,74.0,0.056
G20M,20.0,21.0,0.049
R88N,20.0,21.0,0.049
V18S,306.0,321.0,0.048
G20L,71.0,74.0,0.041
F47Y,25.0,26.0,0.039
N24Y,52.0,54.0,0.038
G91N,35.0,36.0,0.028
G12T,120.0,123.0,0.025
G63D,53.0,54.0,0.019
S21G,158.0,161.0,0.019
A17C,63.0,64.0,0.016
S45E,139.0,141.0,0.014
P46G,81.0,81.0,0.0
D3N,47.0,47.0,0.0
T9S,43.0,43.0,0.0
A66F,32.0,32.0,0.0
K98N,14.0,14.0,0.0
W29D,32.0,32.0,0.0
G22M,20.0,20.0,0.0
D100N,39.0,39.0,0.0
Y78N,11.0,11.0,0.0
Y87F,40.0,40.0,0.0
Y87P,25.0,25.0,0.0
R88C,92.0,91.0,-0.011
S26Y,62.0,61.0,-0.016
T92P,314.0,309.0,-0.016
T71I,52.0,51.0,-0.019
N24Q,42.0,41.0,-0.024
N7R,83.0,81.0,-0.024
T9G,37.0,36.0,-0.027
N16D,37.0,36.0,-0.027
M0I,73.0,71.0,-0.028
F8D,31.0,30.0,-0.033
G63C,31.0,30.0,-0.033
M0V,30.0,29.0,-0.034
A17G,279.0,269.0,-0.037
T42I,55.0,53.0,-0.037
D3T,47.0,45.0,-0.043
N60Y,61.0,58.0,-0.05
Y4L,62.0,59.0,-0.05
P59L,100.0,95.0,-0.051
G22W,20.0,19.0,-0.051
V56E,36.0,34.0,-0.057
Y87E,35.0,33.0,-0.059
V18I,118.0,111.0,-0.061
S30V,33.0,31.0,-0.063
G11D,33.0,31.0,-0.063
D3V,145.0,136.0,-0.064
N51D,48.0,45.0,-0.065
K39L,62.0,58.0,-0.067
K94I,89.0,83.0,-0.07
P59R,74.0,69.0,-0.07
N16R,44.0,41.0,-0.071
V18N,68.0,63.0,-0.076
N53T,40.0,37.0,-0.078
Y87H,66.0,61.0,-0.079
P59V,51.0,47.0,-0.082
T32A,93.0,85.0,-0.09
R48H,78.0,71.0,-0.094
T92M,133.0,121.0,-0.095
T86I,66.0,60.0,-0.095
S99P,11.0,10.0,-0.095
L75R,133.0,121.0,-0.095
T2G,86.0,78.0,-0.098
A66Y,53.0,48.0,-0.099
F35L,134.0,121.0,-0.102
S45L,192.0,172.0,-0.11
S73E,56.0,50.0,-0.113
N24D,45.0,40.0,-0.118
A77D,27.0,24.0,-0.118
S99F,27.0,24.0,-0.118
V18L,331.0,293.0,-0.122
T86S,107.0,94.0,-0.13
N19K,98.0,86.0,-0.131
G61Y,16.0,14.0,-0.134
N19S,325.0,284.0,-0.135
Y4V,84.0,73.0,-0.14
N24F,38.0,33.0,-0.141
R48V,105.0,91.0,-0.143
G23S,30.0,26.0,-0.143
S45C,74.0,64.0,-0.145
L65P,89.0,77.0,-0.145
Y87A,50.0,43.0,-0.151
P46W,28.0,24.0,-0.154
G61K,21.0,18.0,-0.154
G44D,28.0,24.0,-0.154
N7L,83.0,71.0,-0.156
Y93V,117.0,100.0,-0.157
W57Y,34.0,29.0,-0.159
N19C,122.0,104.0,-0.16
W70L,128.0,109.0,-0.161
S45F,67.0,57.0,-0.162
T43R,66.0,56.0,-0.164
K39E,59.0,50.0,-0.166
A58S,70.0,59.0,-0.171
N16Y,44.0,37.0,-0.173
D82G,4460.0,3736.0,-0.177
I50F,211.0,176.0,-0.181
T42D,12.0,10.0,-0.182
S1R,125.0,104.0,-0.184
W62*,95.0,79.0,-0.184
G22R,89.0,74.0,-0.185
A64S,52.0,43.0,-0.19
T43I,52.0,43.0,-0.19
N53D,40.0,33.0,-0.192
G11S,63.0,52.0,-0.192
G61V,86.0,71.0,-0.192
S34C,51.0,42.0,-0.194
T49I,39.0,32.0,-0.198
V68I,33.0,27.0,-0.201
T90C,49.0,40.0,-0.203
N51I,38.0,31.0,-0.204
T9A,81.0,66.0,-0.205
G38V,59.0,48.0,-0.206
R48L,91.0,74.0,-0.207
R88H,53.0,43.0,-0.209
V97A,21.0,17.0,-0.211
S83C,73.0,59.0,-0.213
V56Y,26.0,21.0,-0.214
T92A,748.0,603.0,-0.215
Y4A,113.0,91.0,-0.217
N7A,56.0,45.0,-0.219
R88A,86.0,69.0,-0.22
F8R,96.0,77.0,-0.221
G33H,20.0,16.0,-0.223
W70*,90.0,72.0,-0.223
S21Q,25.0,20.0,-0.223
S26D,64.0,51.0,-0.227
S73L,102.0,81.0,-0.231
S45I,58.0,46.0,-0.232
T92K,136.0,107.0,-0.24
N60E,14.0,11.0,-0.241
T92Q,158.0,124.0,-0.242
S1V,88.0,69.0,-0.243
S21W,51.0,40.0,-0.243
V81F,37.0,29.0,-0.244
D100E,37.0,29.0,-0.244
Y78H,37.0,29.0,-0.244
N24V,110.0,86.0,-0.246
K94C,169.0,132.0,-0.247
P46L,77.0,60.0,-0.249
K98E,27.0,21.0,-0.251
W70M,27.0,21.0,-0.251
D100Y,27.0,21.0,-0.251
I50M,127.0,98.0,-0.259
L67P,35.0,27.0,-0.26
G33D,61.0,47.0,-0.261
W84*,95.0,73.0,-0.263
S26R,134.0,103.0,-0.263
G13C,30.0,23.0,-0.266
V56C,17.0,13.0,-0.268
Y78F,34.0,26.0,-0.268
S21R,126.0,96.0,-0.272
W62K,29.0,22.0,-0.276
Y93F,62.0,47.0,-0.277
G40C,33.0,25.0,-0.278
W89I,37.0,28.0,-0.279
V68R,45.0,34.0,-0.28
Y4C,65.0,49.0,-0.283
D3R,145.0,109.0,-0.285
V68D,28.0,21.0,-0.288
N53I,20.0,15.0,-0.288
F47L,127.0,95.0,-0.29
V36L,71.0,53.0,-0.292
I50V,518.0,387.0,-0.292
D10N,58.0,43.0,-0.299
W29G,142.0,105.0,-0.302
G12Q,61.0,45.0,-0.304
T92S,542.0,400.0,-0.304
G69V,42.0,31.0,-0.304
N19E,133.0,98.0,-0.305
Y25L,78.0,57.0,-0.314
G12F,116.0,84.0,-0.323
V97I,47.0,34.0,-0.324
G22T,36.0,26.0,-0.325
P59G,104.0,75.0,-0.327
W57*,120.0,86.0,-0.333
L75P,113.0,81.0,-0.333
V56A,56.0,40.0,-0.336
N53K,49.0,35.0,-0.336
V97D,21.0,15.0,-0.336
A54Y,14.0,10.0,-0.336
T86G,129.0,92.0,-0.338
A66G,104.0,74.0,-0.34
V81A,114.0,81.0,-0.342
L6V,284.0,201.0,-0.346
L6A,249.0,176.0,-0.347
T42A,68.0,48.0,-0.348
S83F,111.0,78.0,-0.353
W41C,37.0,26.0,-0.353
G38S,57.0,40.0,-0.354
G55S,80.0,56.0,-0.357
T96I,33.0,23.0,-0.361
T96A,33.0,23.0,-0.361
N60I,23.0,16.0,-0.363
V97L,13.0,9.0,-0.368
S45A,279.0,193.0,-0.369
G13S,55.0,38.0,-0.37
S21C,29.0,20.0,-0.372
T2A,105.0,72.0,-0.377
A64V,143.0,98.0,-0.378
V56G,92.0,63.0,-0.379
S21L,76.0,52.0,-0.379
W84C,82.0,56.0,-0.381
R48W,60.0,41.0,-0.381
V36I,56.0,38.0,-0.388
G63V,71.0,48.0,-0.391
T43S,108.0,73.0,-0.392
W89Y,37.0,25.0,-0.392
N19L,233.0,157.0,-0.395
A17V,199.0,134.0,-0.395
A17T,138.0,93.0,-0.395
G13D,39.0,26.0,-0.405
G55Q,21.0,14.0,-0.405
S34Q,27.0,18.0,-0.405
S83A,96.0,64.0,-0.405
S45G,405.0,269.0,-0.409
S73G,113.0,75.0,-0.41
G12R,238.0,158.0,-0.41
G44S,62.0,41.0,-0.414
L6P,203.0,134.0,-0.415
S1E,41.0,27.0,-0.418
K94G,449.0,295.0,-0.42
Y79V,113.0,74.0,-0.423
Y93H,251.0,164.0,-0.426
V18C,144.0,94.0,-0.427
W89N,23.0,15.0,-0.427
S83P,86.0,56.0,-0.429
T92W,189.0,122.0,-0.438
A77F,31.0,20.0,-0.438
M0T,28.0,18.0,-0.442
G38D,53.0,34.0,-0.444
Y78C,39.0,25.0,-0.445
R72V,100.0,64.0,-0.446
V27F,36.0,23.0,-0.448
N31T,36.0,23.0,-0.448
A77G,149.0,95.0,-0.45
V81C,66.0,42.0,-0.452
T86F,22.0,14.0,-0.452
A77V,137.0,87.0,-0.454
Y4F,71.0,45.0,-0.456
T49G,84.0,53.0,-0.461
V18G,235.0,148.0,-0.462
W41*,100.0,63.0,-0.462
W62G,124.0,78.0,-0.464
S1M,43.0,27.0,-0.465
V36A,64.0,40.0,-0.47
N53Y,21.0,13.0,-0.48
A54F,21.0,13.0,-0.48
L65Q,13.0,8.0,-0.486
T71S,91.0,56.0,-0.486
W89*,109.0,67.0,-0.487
A58R,82.0,50.0,-0.495
V27G,163.0,99.0,-0.499
L6W,127.0,77.0,-0.5
N60T,38.0,23.0,-0.502
G22S,93.0,56.0,-0.507
S83G,213.0,128.0,-0.509
W70I,15.0,9.0,-0.511
R88G,169.0,101.0,-0.515
S21F,52.0,31.0,-0.517
T71A,94.0,56.0,-0.518
Y87M,27.0,16.0,-0.523
F47A,54.0,32.0,-0.523
G63T,22.0,13.0,-0.526
N7I,66.0,39.0,-0.526
W5D,95.0,56.0,-0.529
S45K,68.0,40.0,-0.531
V68F,41.0,24.0,-0.536
S73R,130.0,76.0,-0.537
K94V,403.0,235.0,-0.539
S1F,67.0,39.0,-0.541
N60H,31.0,18.0,-0.544
L75I,19.0,11.0,-0.547
Y25F,57.0,33.0,-0.547
Y79A,75.0,43.0,-0.556
G20I,35.0,20.0,-0.56
S21V,49.0,28.0,-0.56
W62Y,44.0,25.0,-0.565
Y79T,51.0,29.0,-0.565
Y79F,90.0,51.0,-0.568
L6R,367.0,208.0,-0.568
S30R,53.0,30.0,-0.569
V18Q,62.0,35.0,-0.572
W70V,78.0,44.0,-0.573
V27I,64.0,36.0,-0.575
N16L,48.0,27.0,-0.575
A17F,57.0,32.0,-0.577
T9I,59.0,33.0,-0.581
G44R,43.0,24.0,-0.583
G95D,18.0,10.0,-0.588
G91D,114.0,63.0,-0.593
G69C,29.0,16.0,-0.595
S45M,78.0,43.0,-0.596
D3Y,42.0,23.0,-0.602
V18R,219.0,120.0,-0.602
F8I,33.0,18.0,-0.606
Y52P,33.0,18.0,-0.606
D100G,33.0,18.0,-0.606
R48C,101.0,55.0,-0.608
V18Y,101.0,55.0,-0.608
A17L,162.0,88.0,-0.61
N19D,127.0,69.0,-0.61
D82N,59.0,32.0,-0.612
Y52H,50.0,27.0,-0.616
A64D,13.0,7.0,-0.619
G40D,41.0,22.0,-0.623
K94R,529.0,283.0,-0.626
G22K,15.0,8.0,-0.629
A58L,75.0,40.0,-0.629
N28R,62.0,33.0,-0.631
T43N,32.0,17.0,-0.633
N60V,36.0,19.0,-0.639
V80F,36.0,19.0,-0.639
N7K,36.0,19.0,-0.639
G61A,57.0,30.0,-0.642
G20C,57.0,30.0,-0.642
S99Y,19.0,10.0,-0.642
T2L,80.0,42.0,-0.644
W5*,208.0,109.0,-0.646
I14F,42.0,22.0,-0.647
K39N,42.0,22.0,-0.647
S21P,65.0,34.0,-0.648
Y93C,46.0,24.0,-0.651
S30Y,48.0,25.0,-0.652
P46V,29.0,15.0,-0.659
N19V,286.0,148.0,-0.659
Y93I,58.0,30.0,-0.659
N19Q,89.0,46.0,-0.66
N53G,93.0,48.0,-0.661
G20S,78.0,40.0,-0.668
N51Y,43.0,22.0,-0.67
N28Y,51.0,26.0,-0.674
F8C,53.0,27.0,-0.674
G91A,320.0,161.0,-0.687
W5Y,78.0,39.0,-0.693
G12D,94.0,47.0,-0.693
S83W,66.0,33.0,-0.693
V27D,38.0,19.0,-0.693
T32S,88.0,44.0,-0.693
G44C,28.0,14.0,-0.693
T2D,30.0,15.0,-0.693
G22C,78.0,39.0,-0.693
Y87Q,24.0,12.0,-0.693
F8Y,24.0,12.0,-0.693
N7Y,64.0,32.0,-0.693
F35S,127.0,63.0,-0.701
I76T,63.0,31.0,-0.709
A54T,59.0,29.0,-0.71
T32I,49.0,24.0,-0.714
S34P,47.0,23.0,-0.715
V81I,74.0,36.0,-0.721
W62T,72.0,35.0,-0.721
G69D,35.0,17.0,-0.722
A66S,95.0,46.0,-0.725
G22*,31.0,15.0,-0.726
L75Q,29.0,14.0,-0.728
G40V,48.0,23.0,-0.736
Y93Q,46.0,22.0,-0.738
V56I,44.0,21.0,-0.74
N31R,76.0,36.0,-0.747
V15K,76.0,36.0,-0.747
A54V,87.0,41.0,-0.752
Y79C,136.0,64.0,-0.754
Y25H,51.0,24.0,-0.754
R72D,32.0,15.0,-0.758
R88S,111.0,52.0,-0.758
P46S,47.0,22.0,-0.759
G33T,43.0,20.0,-0.765
S83H,43.0,20.0,-0.765
V15S,238.0,110.0,-0.772
N60A,26.0,12.0,-0.773
N31K,39.0,18.0,-0.773
Y87W,37.0,17.0,-0.778
V15G,538.0,246.0,-0.783
A17N,22.0,10.0,-0.788
W62Q,33.0,15.0,-0.788
S26P,53.0,24.0,-0.792
N19R,337.0,152.0,-0.796
T9N,20.0,9.0,-0.799
V15F,76.0,34.0,-0.804
S34R,74.0,33.0,-0.808
G11T,18.0,8.0,-0.811
N60F,18.0,8.0,-0.811
Y87N,50.0,22.0,-0.821
T90I,57.0,25.0,-0.824
N7G,187.0,82.0,-0.824
G55L,39.0,17.0,-0.83
Y93W,30.0,13.0,-0.836
S45D,88.0,38.0,-0.84
W57R,204.0,88.0,-0.841
W84L,70.0,30.0,-0.847
R72C,105.0,45.0,-0.847
A64E,21.0,9.0,-0.847
G20D,35.0,15.0,-0.847
T49P,14.0,6.0,-0.847
N53S,94.0,40.0,-0.854
W29L,87.0,37.0,-0.855
G13A,33.0,14.0,-0.857
G38P,26.0,11.0,-0.86
S30L,45.0,19.0,-0.862
W84G,93.0,39.0,-0.869
T43A,67.0,28.0,-0.872
G20A,36.0,15.0,-0.875
N31F,12.0,5.0,-0.875
I50S,365.0,152.0,-0.876
S26L,101.0,42.0,-0.877
V15A,263.0,109.0,-0.881
T42S,99.0,41.0,-0.882
W57L,116.0,48.0,-0.882
S30P,92.0,38.0,-0.884
Y4H,51.0,21.0,-0.887
T32N,17.0,7.0,-0.887
S21Y,34.0,14.0,-0.887
G38C,39.0,16.0,-0.891
Y87R,83.0,34.0,-0.892
W62A,71.0,29.0,-0.895
G13R,49.0,20.0,-0.896
K39R,157.0,64.0,-0.897
P74L,113.0,46.0,-0.899
S1W,64.0,26.0,-0.901
P46R,52.0,21.0,-0.907
G12S,290.0,117.0,-0.908
Y79H,92.0,37.0,-0.911
V36F,30.0,12.0,-0.916
W29C,35.0,14.0,-0.916
G12N,73.0,29.0,-0.923
S30F,68.0,27.0,-0.924
G69S,63.0,25.0,-0.924
W5S,257.0,101.0,-0.934
W84R,128.0,50.0,-0.94
K94H,59.0,23.0,-0.942
G85A,77.0,30.0,-0.943
I76Q,18.0,7.0,-0.944
S73V,93.0,36.0,-0.949
N7D,44.0,17.0,-0.951
T32P,26.0,10.0,-0.956
A17I,39.0,15.0,-0.956
V15M,86.0,33.0,-0.958
T92N,131.0,50.0,-0.963
N31D,63.0,24.0,-0.965
T49L,61.0,23.0,-0.975
N60D,56.0,21.0,-0.981
N28C,24.0,9.0,-0.981
G13E,24.0,9.0,-0.981
Y93N,64.0,24.0,-0.981
W41R,121.0,45.0,-0.989
K39I,35.0,13.0,-0.99
I50T,165.0,61.0,-0.995
Y79R,141.0,52.0,-0.998
N24W,19.0,7.0,-0.999
S30T,38.0,14.0,-0.999
V36D,30.0,11.0,-1.003
V80I,90.0,33.0,-1.003
A77E,52.0,19.0,-1.007
A77S,116.0,42.0,-1.016
N7V,75.0,27.0,-1.022
T90G,228.0,82.0,-1.023
K94S,276.0,99.0,-1.025
P59S,78.0,28.0,-1.025
N31I,28.0,10.0,-1.03
Y87*,42.0,15.0,-1.03
S1P,48.0,17.0,-1.038
N31P,17.0,6.0,-1.041
V80*,34.0,12.0,-1.041
D10G,74.0,26.0,-1.046
N16I,37.0,13.0,-1.046
S34F,52.0,18.0,-1.061
I14M,26.0,9.0,-1.061
W57C,122.0,42.0,-1.066
D3G,160.0,55.0,-1.068
L75S,64.0,22.0,-1.068
T2R,137.0,47.0,-1.07
I76F,44.0,15.0,-1.076
G85W,47.0,16.0,-1.078
N51R,53.0,18.0,-1.08
N28D,59.0,20.0,-1.082
S73P,75.0,25.0,-1.099
A58C,42.0,14.0,-1.099
W57G,204.0,68.0,-1.099
W29F,15.0,5.0,-1.099
T2S,120.0,40.0,-1.099
I14N,39.0,13.0,-1.099
T92R,448.0,148.0,-1.108
G33P,61.0,20.0,-1.115
I76N,58.0,19.0,-1.116
V18F,144.0,47.0,-1.12
W62R,141.0,46.0,-1.12
L67G,40.0,13.0,-1.124
N53C,31.0,10.0,-1.131
T86E,28.0,9.0,-1.135
D82R,184.0,59.0,-1.137
N60C,25.0,8.0,-1.139
S34T,50.0,16.0,-1.139
I50A,204.0,65.0,-1.144
L6S,270.0,86.0,-1.144
L6K,66.0,21.0,-1.145
G22Y,19.0,6.0,-1.153
V15D,140.0,44.0,-1.157
T49Y,16.0,5.0,-1.163
W41S,45.0,14.0,-1.168
T9V,29.0,9.0,-1.17
L6C,110.0,34.0,-1.174
G63S,68.0,21.0,-1.175
S83E,65.0,20.0,-1.179
G91S,273.0,84.0,-1.179
R48G,182.0,56.0,-1.179
N16H,13.0,4.0,-1.179
G20V,33.0,10.0,-1.194
V81E,20.0,6.0,-1.204
S73Q,30.0,9.0,-1.204
T2Q,30.0,9.0,-1.204
F35G,114.0,34.0,-1.21
K94Q,47.0,14.0,-1.211
G61S,111.0,33.0,-1.213
W41L,54.0,16.0,-1.216
W89D,54.0,16.0,-1.216
R88L,85.0,25.0,-1.224
K94A,284.0,83.0,-1.23
A64L,24.0,7.0,-1.232
A58E,31.0,9.0,-1.237
W89M,52.0,15.0,-1.243
D3H,14.0,4.0,-1.253
M0K,21.0,6.0,-1.253
G20P,28.0,8.0,-1.253
A58D,28.0,8.0,-1.253
G61D,60.0,17.0,-1.261
G33W,39.0,11.0,-1.266
K39F,25.0,7.0,-1.273
F35K,25.0,7.0,-1.273
V37D,50.0,14.0,-1.273
S21T,54.0,15.0,-1.281
S45R,372.0,103.0,-1.284
A77R,130.0,36.0,-1.284
Y25W,76.0,21.0,-1.286
G12L,273.0,75.0,-1.292
T71P,51.0,14.0,-1.293
P46T,22.0,6.0,-1.299
K39*,33.0,9.0,-1.299
N7S,103.0,28.0,-1.303
A54E,37.0,10.0,-1.308
F35Y,41.0,11.0,-1.316
G33S,146.0,39.0,-1.32
D82V,165.0,44.0,-1.322
R48P,30.0,8.0,-1.322
G23D,45.0,12.0,-1.322
F8Q,15.0,4.0,-1.322
Y25N,45.0,12.0,-1.322
F8S,109.0,29.0,-1.324
N51K,46.0,12.0,-1.344
V37S,58.0,15.0,-1.352
A17W,74.0,19.0,-1.36
Y25*,63.0,16.0,-1.371
G38A,40.0,10.0,-1.386
G20E,24.0,6.0,-1.386
F47S,105.0,26.0,-1.396
A64G,81.0,20.0,-1.399
W5L,304.0,75.0,-1.4
Y93*,69.0,17.0,-1.401
Y79N,53.0,13.0,-1.405
N51L,45.0,11.0,-1.409
P74Q,37.0,9.0,-1.414
D82Y,33.0,8.0,-1.417
Y4D,29.0,7.0,-1.421
A54P,25.0,6.0,-1.427
L75T,46.0,11.0,-1.431
W70R,198.0,47.0,-1.438
Y79W,59.0,14.0,-1.438
S73C,55.0,13.0,-1.442
K94N,89.0,21.0,-1.444
G40A,17.0,4.0,-1.447
Y25C,81.0,19.0,-1.45
T71N,26.0,6.0,-1.466
T86W,74.0,17.0,-1.471
V15E,135.0,31.0,-1.471
S45P,96.0,22.0,-1.473
S45Y,92.0,21.0,-1.477
W29R,162.0,37.0,-1.477
T2W,57.0,13.0,-1.478
Y4Q,31.0,7.0,-1.488
G33L,93.0,21.0,-1.488
I76K,31.0,7.0,-1.488
G85S,89.0,20.0,-1.493
D3S,76.0,17.0,-1.498
T49N,27.0,6.0,-1.504
T2M,27.0,6.0,-1.504
V15T,90.0,20.0,-1.504
A58P,54.0,12.0,-1.504
P59W,41.0,9.0,-1.516
Y87C,110.0,24.0,-1.522
W57I,23.0,5.0,-1.526
D82H,23.0,5.0,-1.526
V56D,23.0,5.0,-1.526
L75E,51.0,11.0,-1.534
D10C,14.0,3.0,-1.54
N28E,28.0,6.0,-1.54
T2P,70.0,15.0,-1.54
V81W,75.0,16.0,-1.545
N28L,66.0,14.0,-1.551
L6G,466.0,98.0,-1.559
Y52L,87.0,18.0,-1.576
G85V,93.0,19.0,-1.588
T43G,79.0,16.0,-1.597
Y25S,84.0,17.0,-1.598
T42P,15.0,3.0,-1.609
A77Q,20.0,4.0,-1.609
W89Q,20.0,4.0,-1.609
V81R,146.0,29.0,-1.616
T92V,798.0,157.0,-1.626
G91C,153.0,30.0,-1.629
S1C,46.0,9.0,-1.631
A54G,41.0,8.0,-1.634
W89C,129.0,25.0,-1.641
G33M,31.0,6.0,-1.642
G61C,63.0,12.0,-1.658
G33A,74.0,14.0,-1.665
W5V,344.0,65.0,-1.666
Y79*,64.0,12.0,-1.674
G11R,27.0,5.0,-1.686
W62I,38.0,7.0,-1.692
V27A,98.0,18.0,-1.695
G61W,33.0,6.0,-1.705
R88V,72.0,13.0,-1.712
Y52N,67.0,12.0,-1.72
G61T,56.0,10.0,-1.723
L65*,17.0,3.0,-1.735
A54R,51.0,9.0,-1.735
Y25G,204.0,36.0,-1.735
S1I,40.0,7.0,-1.743
T49V,63.0,11.0,-1.745
W89H,29.0,5.0,-1.758
L67M,29.0,5.0,-1.758
T92L,635.0,109.0,-1.762
Y4N,35.0,6.0,-1.764
W89F,41.0,7.0,-1.768
L65M,41.0,7.0,-1.768
T42G,47.0,8.0,-1.771
W5A,290.0,49.0,-1.778
G91E,113.0,19.0,-1.783
G91L,252.0,42.0,-1.792
G44A,18.0,3.0,-1.792
L6Q,114.0,19.0,-1.792
Y4*,61.0,10.0,-1.808
T90N,31.0,5.0,-1.825
Y52C,112.0,18.0,-1.828
V37A,126.0,20.0,-1.841
G12I,101.0,16.0,-1.843
V15*,146.0,23.0,-1.848
W5K,96.0,15.0,-1.856
A17S,155.0,24.0,-1.865
L67Q,26.0,4.0,-1.872
S30C,33.0,5.0,-1.887
L75A,73.0,11.0,-1.893
V80A,93.0,14.0,-1.894
L67C,20.0,3.0,-1.897
I50E,61.0,9.0,-1.914
T71R,95.0,14.0,-1.915
I50W,129.0,19.0,-1.915
V15R,328.0,48.0,-1.922
G44V,48.0,7.0,-1.925
S73W,70.0,10.0,-1.946
Y87K,14.0,2.0,-1.946
I50G,339.0,48.0,-1.955
G13V,78.0,11.0,-1.959
N31G,114.0,16.0,-1.964
Y52*,57.0,8.0,-1.964
N19G,450.0,63.0,-1.966
T92I,179.0,25.0,-1.969
S83N,36.0,5.0,-1.974
F35V,94.0,13.0,-1.978
N19I,117.0,16.0,-1.99
S21A,96.0,13.0,-1.999
S26W,52.0,7.0,-2.005
W62L,172.0,23.0,-2.012
K39T,30.0,4.0,-2.015
N19M,106.0,14.0,-2.024
V37F,38.0,5.0,-2.028
Y25V,123.0,16.0,-2.04
N53R,55.0,7.0,-2.061
N19T,127.0,16.0,-2.072
S34G,139.0,17.0,-2.101
G85R,123.0,15.0,-2.104
R72L,100.0,12.0,-2.12
S83K,50.0,6.0,-2.12
I76G,92.0,11.0,-2.124
G69R,67.0,8.0,-2.125
L75W,67.0,8.0,-2.125
F47V,42.0,5.0,-2.128
W29A,76.0,9.0,-2.134
S26C,51.0,6.0,-2.14
T43M,17.0,2.0,-2.14
G22E,17.0,2.0,-2.14
N7H,17.0,2.0,-2.14
S73A,104.0,12.0,-2.159
S34I,26.0,3.0,-2.159
N19H,70.0,8.0,-2.169
G13W,44.0,5.0,-2.175
G20R,44.0,5.0,-2.175
W41G,71.0,8.0,-2.183
R72A,81.0,9.0,-2.197
S30W,27.0,3.0,-2.197
G63L,45.0,5.0,-2.197
F35I,27.0,3.0,-2.197
K39G,92.0,10.0,-2.219
G12P,120.0,13.0,-2.223
D3W,56.0,6.0,-2.234
P74T,28.0,3.0,-2.234
V37L,56.0,6.0,-2.234
W5R,498.0,53.0,-2.24
Y52R,113.0,12.0,-2.242
R72S,123.0,13.0,-2.247
A77P,38.0,4.0,-2.251
I76S,95.0,10.0,-2.251
K94P,162.0,17.0,-2.254
V80L,125.0,13.0,-2.263
K94*,77.0,8.0,-2.264
A66P,58.0,6.0,-2.269
W57S,145.0,15.0,-2.269
K39W,29.0,3.0,-2.269
W89G,146.0,15.0,-2.276
K94W,185.0,19.0,-2.276
R88W,49.0,5.0,-2.282
L65R,69.0,7.0,-2.288
V15C,140.0,14.0,-2.303
V36R,41.0,4.0,-2.327
N16T,41.0,4.0,-2.327
W5G,546.0,53.0,-2.332
R72P,62.0,6.0,-2.335
V18M,93.0,9.0,-2.335
W84S,42.0,4.0,-2.351
A17P,76.0,7.0,-2.385
P46F,11.0,1.0,-2.398
V36K,11.0,1.0,-2.398
L65D,11.0,1.0,-2.398
T9P,11.0,1.0,-2.398
N53Q,11.0,1.0,-2.398
V68P,11.0,1.0,-2.398
R88*,11.0,1.0,-2.398
G63I,11.0,1.0,-2.398
N60W,11.0,1.0,-2.398
G13H,11.0,1.0,-2.398
P74Y,11.0,1.0,-2.398
L65Y,11.0,1.0,-2.398
N31*,11.0,1.0,-2.398
W41I,11.0,1.0,-2.398
S21H,11.0,1.0,-2.398
G55K,11.0,1.0,-2.398
S34N,11.0,1.0,-2.398
N51P,11.0,1.0,-2.398
G63R,67.0,6.0,-2.413
A17K,45.0,4.0,-2.42
N28G,103.0,9.0,-2.438
P46M,12.0,1.0,-2.485
V68Q,12.0,1.0,-2.485
S30M,12.0,1.0,-2.485
S30K,12.0,1.0,-2.485
S30H,12.0,1.0,-2.485
G11K,12.0,1.0,-2.485
G63Y,12.0,1.0,-2.485
G38E,12.0,1.0,-2.485
N60*,12.0,1.0,-2.485
G69E,12.0,1.0,-2.485
N28F,12.0,1.0,-2.485
G40M,12.0,1.0,-2.485
G40E,12.0,1.0,-2.485
P74H,12.0,1.0,-2.485
D82I,12.0,1.0,-2.485
G44I,12.0,1.0,-2.485
F35N,12.0,1.0,-2.485
N31A,48.0,4.0,-2.485
R48*,12.0,1.0,-2.485
G44M,12.0,1.0,-2.485
W41D,12.0,1.0,-2.485
W41Q,12.0,1.0,-2.485
Y87T,12.0,1.0,-2.485
S34H,12.0,1.0,-2.485
I14P,12.0,1.0,-2.485
W29S,73.0,6.0,-2.499
D82L,110.0,9.0,-2.503
G11A,37.0,3.0,-2.512
R72G,149.0,12.0,-2.519
V27S,50.0,4.0,-2.526
V56R,63.0,5.0,-2.534
I14G,51.0,4.0,-2.546
Y93D,51.0,4.0,-2.546
P46*,13.0,1.0,-2.565
R88Y,13.0,1.0,-2.565
R72N,26.0,2.0,-2.565
S30*,13.0,1.0,-2.565
S30E,13.0,1.0,-2.565
D10T,13.0,1.0,-2.565
D10K,13.0,1.0,-2.565
I14C,26.0,2.0,-2.565
G40P,13.0,1.0,-2.565
D3I,13.0,1.0,-2.565
P74M,13.0,1.0,-2.565
S73N,13.0,1.0,-2.565
T32K,13.0,1.0,-2.565
Y25Q,13.0,1.0,-2.565
T32F,13.0,1.0,-2.565
G69K,13.0,1.0,-2.565
T86K,13.0,1.0,-2.565
T71F,13.0,1.0,-2.565
T71K,13.0,1.0,-2.565
R48I,13.0,1.0,-2.565
T2F,13.0,1.0,-2.565
G44K,13.0,1.0,-2.565
W41M,13.0,1.0,-2.565
G55*,13.0,1.0,-2.565
G55F,13.0,1.0,-2.565
N51*,13.0,1.0,-2.565
W89V,105.0,8.0,-2.575
P74R,69.0,5.0,-2.625
V56N,14.0,1.0,-2.639
V68M,14.0,1.0,-2.639
A66H,14.0,1.0,-2.639
T42W,14.0,1.0,-2.639
A64I,14.0,1.0,-2.639
P74C,14.0,1.0,-2.639
G69Q,14.0,1.0,-2.639
W29Y,14.0,1.0,-2.639
R88K,14.0,1.0,-2.639
R88M,14.0,1.0,-2.639
G33I,14.0,1.0,-2.639
T71Y,14.0,1.0,-2.639
A77I,14.0,1.0,-2.639
G85L,84.0,6.0,-2.639
N31W,14.0,1.0,-2.639
T49C,14.0,1.0,-2.639
W41K,14.0,1.0,-2.639
W41N,14.0,1.0,-2.639
W70Q,14.0,1.0,-2.639
G55I,14.0,1.0,-2.639
Y52D,43.0,3.0,-2.663
G38W,29.0,2.0,-2.674
S45W,145.0,10.0,-2.674
Y79I,29.0,2.0,-2.674
S83V,163.0,11.0,-2.696
N53H,15.0,1.0,-2.708
V68Y,15.0,1.0,-2.708
G11E,15.0,1.0,-2.708
G11L,15.0,1.0,-2.708
T42Q,15.0,1.0,-2.708
L67E,15.0,1.0,-2.708
A64*,15.0,1.0,-2.708
A64W,15.0,1.0,-2.708
V27M,15.0,1.0,-2.708
Y25A,90.0,6.0,-2.708
W29N,15.0,1.0,-2.708
G61I,15.0,1.0,-2.708
A54N,15.0,1.0,-2.708
G85K,15.0,1.0,-2.708
R48F,15.0,1.0,-2.708
W41P,15.0,1.0,-2.708
Y87I,15.0,1.0,-2.708
F47K,15.0,1.0,-2.708
F47D,15.0,1.0,-2.708
F35W,46.0,3.0,-2.73
V36E,16.0,1.0,-2.773
R72I,16.0,1.0,-2.773
G11F,16.0,1.0,-2.773
D10P,16.0,1.0,-2.773
G69P,16.0,1.0,-2.773
G13I,16.0,1.0,-2.773
L67T,16.0,1.0,-2.773
T43F,16.0,1.0,-2.773
V27Q,16.0,1.0,-2.773
V27H,16.0,1.0,-2.773
V27N,16.0,1.0,-2.773
T32E,16.0,1.0,-2.773
G20F,16.0,1.0,-2.773
A54Q,16.0,1.0,-2.773
I76M,48.0,3.0,-2.773
N31M,16.0,1.0,-2.773
T49H,16.0,1.0,-2.773
T49Q,16.0,1.0,-2.773
N24P,16.0,1.0,-2.773
N51Q,16.0,1.0,-2.773
N16P,16.0,1.0,-2.773
L75N,16.0,1.0,-2.773
I14Y,16.0,1.0,-2.773
N7T,32.0,2.0,-2.773
F47Q,16.0,1.0,-2.773
F47*,16.0,1.0,-2.773
I76L,97.0,6.0,-2.783
G55A,49.0,3.0,-2.793
N60L,50.0,3.0,-2.813
T86P,50.0,3.0,-2.813
V81N,17.0,1.0,-2.833
V56Q,17.0,1.0,-2.833
D3K,17.0,1.0,-2.833
W84M,17.0,1.0,-2.833
N53W,17.0,1.0,-2.833
V68K,17.0,1.0,-2.833
S30Q,17.0,1.0,-2.833
G11W,17.0,1.0,-2.833
D10I,17.0,1.0,-2.833
S26H,17.0,1.0,-2.833
K39Y,17.0,1.0,-2.833
G20N,17.0,1.0,-2.833
K39Q,34.0,2.0,-2.833
P59M,17.0,1.0,-2.833
L65H,17.0,1.0,-2.833
G85Q,17.0,1.0,-2.833
W29H,17.0,1.0,-2.833
W29I,17.0,1.0,-2.833
W29M,17.0,1.0,-2.833
G44*,17.0,1.0,-2.833
G44F,17.0,1.0,-2.833
G33N,17.0,1.0,-2.833
T90H,17.0,1.0,-2.833
N51M,17.0,1.0,-2.833
F8H,17.0,1.0,-2.833
V80H,17.0,1.0,-2.833
G40R,69.0,4.0,-2.848
V68H,18.0,1.0,-2.89
V68N,18.0,1.0,-2.89
G13N,18.0,1.0,-2.89
T42K,18.0,1.0,-2.89
Y4K,18.0,1.0,-2.89
G38F,18.0,1.0,-2.89
T71Q,18.0,1.0,-2.89
A77Y,18.0,1.0,-2.89
I76H,18.0,1.0,-2.89
T49F,18.0,1.0,-2.89
T49W,18.0,1.0,-2.89
F8N,18.0,1.0,-2.89
S34M,18.0,1.0,-2.89
L75H,18.0,1.0,-2.89
V37*,18.0,1.0,-2.89
V37H,18.0,1.0,-2.89
L75G,166.0,9.0,-2.915
V37R,93.0,5.0,-2.923
V36G,75.0,4.0,-2.931
W84E,19.0,1.0,-2.944
W84Q,19.0,1.0,-2.944
N24E,19.0,1.0,-2.944
S30I,19.0,1.0,-2.944
S26Q,19.0,1.0,-2.944
G69A,38.0,2.0,-2.944
N28Q,19.0,1.0,-2.944
Y4P,19.0,1.0,-2.944
G85Y,19.0,1.0,-2.944
T32Q,19.0,1.0,-2.944
A54M,19.0,1.0,-2.944
A54I,19.0,1.0,-2.944
I76*,19.0,1.0,-2.944
G44P,19.0,1.0,-2.944
I14E,19.0,1.0,-2.944
V80N,19.0,1.0,-2.944
V37T,38.0,2.0,-2.944
S26M,39.0,2.0,-2.97
V27L,59.0,3.0,-2.979
V36N,20.0,1.0,-2.996
W84T,20.0,1.0,-2.996
N53*,20.0,1.0,-2.996
G38M,20.0,1.0,-2.996
G63P,20.0,1.0,-2.996
G40*,20.0,1.0,-2.996
T42F,20.0,1.0,-2.996
A64M,20.0,1.0,-2.996
P74I,20.0,1.0,-2.996
K39C,20.0,1.0,-2.996
K39D,20.0,1.0,-2.996
P59E,20.0,1.0,-2.996
P59N,20.0,1.0,-2.996
G69M,20.0,1.0,-2.996
D82F,20.0,1.0,-2.996
W70H,20.0,1.0,-2.996
G22H,20.0,1.0,-2.996
G55Y,20.0,1.0,-2.996
L67R,41.0,2.0,-3.02
Y79S,125.0,6.0,-3.037
V36H,21.0,1.0,-3.045
T90Q,21.0,1.0,-3.045
V68*,21.0,1.0,-3.045
Y52Q,21.0,1.0,-3.045
D10W,21.0,1.0,-3.045
G12E,21.0,1.0,-3.045
T42Y,21.0,1.0,-3.045
T42C,21.0,1.0,-3.045
T90V,105.0,5.0,-3.045
L67V,63.0,3.0,-3.045
G20H,21.0,1.0,-3.045
L65E,21.0,1.0,-3.045
Y52K,21.0,1.0,-3.045
G20Q,21.0,1.0,-3.045
G20T,21.0,1.0,-3.045
G44T,21.0,1.0,-3.045
W70F,21.0,1.0,-3.045
W70K,21.0,1.0,-3.045
W62V,107.0,5.0,-3.063
V36*,22.0,1.0,-3.091
R72E,22.0,1.0,-3.091
V68T,22.0,1.0,-3.091
S1A,22.0,1.0,-3.091
W57K,22.0,1.0,-3.091
P74K,22.0,1.0,-3.091
T32W,22.0,1.0,-3.091
W29E,22.0,1.0,-3.091
N53P,22.0,1.0,-3.091
A54L,22.0,1.0,-3.091
G55H,22.0,1.0,-3.091
S34*,22.0,1.0,-3.091
I14K,22.0,1.0,-3.091
I14H,22.0,1.0,-3.091
V37Q,22.0,1.0,-3.091
V18E,67.0,3.0,-3.106
W5Q,92.0,4.0,-3.135
V36M,23.0,1.0,-3.135
R72Q,23.0,1.0,-3.135
G61E,23.0,1.0,-3.135
G61F,23.0,1.0,-3.135
S73I,23.0,1.0,-3.135
G61Q,23.0,1.0,-3.135
G44L,23.0,1.0,-3.135
F35M,23.0,1.0,-3.135
F35H,23.0,1.0,-3.135
T2K,23.0,1.0,-3.135
G22I,23.0,1.0,-3.135
G55M,23.0,1.0,-3.135
F8P,23.0,1.0,-3.135
L75Y,23.0,1.0,-3.135
A58W,23.0,1.0,-3.135
I14*,23.0,1.0,-3.135
V80K,23.0,1.0,-3.135
S83I,23.0,1.0,-3.135
V56H,24.0,1.0,-3.178
V68C,24.0,1.0,-3.178
R88D,24.0,1.0,-3.178
S1D,24.0,1.0,-3.178
G61P,24.0,1.0,-3.178
R88Q,24.0,1.0,-3.178
F35Q,24.0,1.0,-3.178
A77K,24.0,1.0,-3.178
R48K,24.0,1.0,-3.178
R48D,24.0,1.0,-3.178
T49E,24.0,1.0,-3.178
W70D,24.0,1.0,-3.178
N16*,24.0,1.0,-3.178
F8K,24.0,1.0,-3.178
N7*,24.0,1.0,-3.178
G63A,49.0,2.0,-3.199
P59A,49.0,2.0,-3.199
D82A,124.0,5.0,-3.211
V81K,25.0,1.0,-3.219
V68W,25.0,1.0,-3.219
T42R,25.0,1.0,-3.219
P59Y,25.0,1.0,-3.219
V27*,25.0,1.0,-3.219
G69*,25.0,1.0,-3.219
G44W,25.0,1.0,-3.219
I76E,25.0,1.0,-3.219
R48T,25.0,1.0,-3.219
W89S,100.0,4.0,-3.219
V80M,25.0,1.0,-3.219
N51T,50.0,2.0,-3.219
V37M,25.0,1.0,-3.219
V36W,26.0,1.0,-3.258
R48Y,26.0,1.0,-3.258
D3M,26.0,1.0,-3.258
W84P,26.0,1.0,-3.258
G61*,26.0,1.0,-3.258
A66D,26.0,1.0,-3.258
G13F,26.0,1.0,-3.258
R72*,26.0,1.0,-3.258
G85H,26.0,1.0,-3.258
T43W,26.0,1.0,-3.258
G20Y,26.0,1.0,-3.258
G55T,26.0,1.0,-3.258
F8M,26.0,1.0,-3.258
Y25R,133.0,5.0,-3.281
P74G,107.0,4.0,-3.287
N24H,27.0,1.0,-3.296
A66N,27.0,1.0,-3.296
W57Q,27.0,1.0,-3.296
K39P,27.0,1.0,-3.296
V27E,27.0,1.0,-3.296
T49M,27.0,1.0,-3.296
N16E,27.0,1.0,-3.296
S34E,27.0,1.0,-3.296
Y25I,27.0,1.0,-3.296
G91V,245.0,9.0,-3.304
V36T,28.0,1.0,-3.332
A66K,28.0,1.0,-3.332
W57N,28.0,1.0,-3.332
L67D,28.0,1.0,-3.332
L67W,28.0,1.0,-3.332
L67S,28.0,1.0,-3.332
G69L,28.0,1.0,-3.332
Y52E,28.0,1.0,-3.332
T86C,28.0,1.0,-3.332
W70P,28.0,1.0,-3.332
W70E,28.0,1.0,-3.332
A58Q,28.0,1.0,-3.332
G61M,29.0,1.0,-3.367
S26N,29.0,1.0,-3.367
N28*,29.0,1.0,-3.367
N28P,29.0,1.0,-3.367
Y25T,29.0,1.0,-3.367
D82K,29.0,1.0,-3.367
G85*,29.0,1.0,-3.367
A54K,29.0,1.0,-3.367
G33F,29.0,1.0,-3.367
T71D,29.0,1.0,-3.367
N16V,29.0,1.0,-3.367
F47W,29.0,1.0,-3.367
R72F,30.0,1.0,-3.401
R72M,30.0,1.0,-3.401
G38L,30.0,1.0,-3.401
T43P,30.0,1.0,-3.401
G22F,30.0,1.0,-3.401
P59C,30.0,1.0,-3.401
V27T,30.0,1.0,-3.401
T32*,30.0,1.0,-3.401
G69T,30.0,1.0,-3.401
A54*,30.0,1.0,-3.401
G33K,30.0,1.0,-3.401
G85E,30.0,1.0,-3.401
A58M,30.0,1.0,-3.401
V37C,30.0,1.0,-3.401
V81H,31.0,1.0,-3.434
W89E,31.0,1.0,-3.434
G85F,31.0,1.0,-3.434
V15H,31.0,1.0,-3.434
T2C,31.0,1.0,-3.434
G33Q,31.0,1.0,-3.434
N16C,31.0,1.0,-3.434
N16G,31.0,1.0,-3.434
A58F,31.0,1.0,-3.434
Y52M,31.0,1.0,-3.434
V37E,31.0,1.0,-3.434
V81Q,32.0,1.0,-3.466
V56M,32.0,1.0,-3.466
I14A,32.0,1.0,-3.466
N28W,32.0,1.0,-3.466
L65C,32.0,1.0,-3.466
A54C,32.0,1.0,-3.466
N16F,32.0,1.0,-3.466
G55W,32.0,1.0,-3.466
G55E,32.0,1.0,-3.466
Y87V,64.0,2.0,-3.466
F8*,32.0,1.0,-3.466
A58*,32.0,1.0,-3.466
Y25P,32.0,1.0,-3.466
V80Q,32.0,1.0,-3.466
V37W,32.0,1.0,-3.466
W70G,163.0,5.0,-3.484
S73D,33.0,1.0,-3.497
A66W,33.0,1.0,-3.497
V27W,33.0,1.0,-3.497
N53L,33.0,1.0,-3.497
G85I,33.0,1.0,-3.497
F35P,33.0,1.0,-3.497
F47P,33.0,1.0,-3.497
V56*,34.0,1.0,-3.526
S45N,34.0,1.0,-3.526
W57F,34.0,1.0,-3.526
L65W,34.0,1.0,-3.526
F35T,34.0,1.0,-3.526
I76P,34.0,1.0,-3.526
G22P,34.0,1.0,-3.526
Y79P,34.0,1.0,-3.526
N7E,34.0,1.0,-3.526
N7F,34.0,1.0,-3.526
G38R,69.0,2.0,-3.541
D3P,35.0,1.0,-3.555
N24*,35.0,1.0,-3.555
S26*,35.0,1.0,-3.555
G13T,35.0,1.0,-3.555
G40W,35.0,1.0,-3.555
T43*,35.0,1.0,-3.555
Y25E,35.0,1.0,-3.555
T49*,35.0,1.0,-3.555
T2H,35.0,1.0,-3.555
T2*,35.0,1.0,-3.555
V56W,36.0,1.0,-3.584
F8E,36.0,1.0,-3.584
D10S,36.0,1.0,-3.584
G13P,36.0,1.0,-3.584
G13*,36.0,1.0,-3.584
L65F,36.0,1.0,-3.584
A17H,36.0,1.0,-3.584
W29T,36.0,1.0,-3.584
T71M,36.0,1.0,-3.584
Y52W,36.0,1.0,-3.584
V81*,37.0,1.0,-3.611
V68S,37.0,1.0,-3.611
A66*,37.0,1.0,-3.611
W29Q,37.0,1.0,-3.611
S21*,37.0,1.0,-3.611
R72Y,38.0,1.0,-3.638
G61N,38.0,1.0,-3.638
P74E,38.0,1.0,-3.638
G33Y,38.0,1.0,-3.638
I76Y,38.0,1.0,-3.638
A58Y,38.0,1.0,-3.638
Y52I,38.0,1.0,-3.638
V37P,38.0,1.0,-3.638
F47T,38.0,1.0,-3.638
S1N,39.0,1.0,-3.664
Y4T,39.0,1.0,-3.664
Y52T,39.0,1.0,-3.664
T71*,39.0,1.0,-3.664
W57E,40.0,1.0,-3.689
D82P,40.0,1.0,-3.689
L75K,40.0,1.0,-3.689
V80Y,40.0,1.0,-3.689
V80C,40.0,1.0,-3.689
Y52S,81.0,2.0,-3.701
D3*,41.0,1.0,-3.714
V81Y,41.0,1.0,-3.714
A77C,41.0,1.0,-3.714
R48E,41.0,1.0,-3.714
T86*,41.0,1.0,-3.714
W41A,41.0,1.0,-3.714
L75F,41.0,1.0,-3.714
Y25M,41.0,1.0,-3.714
G13L,42.0,1.0,-3.738
T71E,42.0,1.0,-3.738
A77*,42.0,1.0,-3.738
Y79E,42.0,1.0,-3.738
P46A,43.0,1.0,-3.761
P74W,43.0,1.0,-3.761
R48A,43.0,1.0,-3.761
V80W,43.0,1.0,-3.761
P74*,44.0,1.0,-3.784
D82T,44.0,1.0,-3.784
F35*,44.0,1.0,-3.784
S34W,44.0,1.0,-3.784
S83M,44.0,1.0,-3.784
L65T,45.0,1.0,-3.807
W29P,45.0,1.0,-3.807
T71W,45.0,1.0,-3.807
S21M,45.0,1.0,-3.807
D82M,46.0,1.0,-3.829
T43V,46.0,1.0,-3.829
S34Y,46.0,1.0,-3.829
G61R,93.0,2.0,-3.839
W5N,47.0,1.0,-3.85
P74V,47.0,1.0,-3.85
T43L,47.0,1.0,-3.85
Y93M,47.0,1.0,-3.85
V27C,47.0,1.0,-3.85
A17D,47.0,1.0,-3.85
W62N,47.0,1.0,-3.85
N51A,47.0,1.0,-3.85
W84V,48.0,1.0,-3.871
G33E,48.0,1.0,-3.871
L75*,48.0,1.0,-3.871
Y79D,48.0,1.0,-3.871
S83*,48.0,1.0,-3.871
V36S,50.0,1.0,-3.912
W84A,50.0,1.0,-3.912
S1*,51.0,1.0,-3.932
Y4W,51.0,1.0,-3.932
D82Q,51.0,1.0,-3.932
Y87L,51.0,1.0,-3.932
A77W,52.0,1.0,-3.951
Y52A,52.0,1.0,-3.951
V37G,104.0,2.0,-3.951
V56S,53.0,1.0,-3.97
A17Q,53.0,1.0,-3.97
D82*,54.0,1.0,-3.989
I76W,54.0,1.0,-3.989
Y79M,54.0,1.0,-3.989
V15Q,54.0,1.0,-3.989
R72W,55.0,1.0,-4.007
G63W,55.0,1.0,-4.007
S45H,55.0,1.0,-4.007
A17Y,55.0,1.0,-4.007
L67A,56.0,1.0,-4.025
W70A,56.0,1.0,-4.025
V80P,56.0,1.0,-4.025
V81P,57.0,1.0,-4.043
D3L,57.0,1.0,-4.043
D82C,57.0,1.0,-4.043
K94F,57.0,1.0,-4.043
A17*,57.0,1.0,-4.043
V15N,57.0,1.0,-4.043
W29V,58.0,1.0,-4.06
A17M,59.0,1.0,-4.078
N7W,59.0,1.0,-4.078
W5H,60.0,1.0,-4.094
G61L,60.0,1.0,-4.094
F35A,60.0,1.0,-4.094
S45Q,62.0,1.0,-4.127
K39V,62.0,1.0,-4.127
L6*,62.0,1.0,-4.127
S21E,63.0,1.0,-4.143
W5I,64.0,1.0,-4.159
T90D,64.0,1.0,-4.159
P74A,64.0,1.0,-4.159
I50K,64.0,1.0,-4.159
L6I,64.0,1.0,-4.159
N31L,65.0,1.0,-4.174
G91K,66.0,1.0,-4.19
S73*,66.0,1.0,-4.19
S34V,66.0,1.0,-4.19
V81T,68.0,1.0,-4.22
Y4S,68.0,1.0,-4.22
T32V,68.0,1.0,-4.22
T71V,68.0,1.0,-4.22
L6Y,68.0,1.0,-4.22
L6D,68.0,1.0,-4.22
G91R,344.0,5.0,-4.231
G12M,69.0,1.0,-4.234
T90W,69.0,1.0,-4.234
V80T,69.0,1.0,-4.234
W57P,70.0,1.0,-4.248
G91Q,72.0,1.0,-4.277
V18*,73.0,1.0,-4.29
K94D,73.0,1.0,-4.29
T71L,73.0,1.0,-4.29
G91F,75.0,1.0,-4.317
G12K,76.0,1.0,-4.331
L65S,77.0,1.0,-4.344
L6F,78.0,1.0,-4.357
K39S,79.0,1.0,-4.369
K39A,80.0,1.0,-4.382
G91H,82.0,1.0,-4.407
W57A,84.0,1.0,-4.431
N19F,84.0,1.0,-4.431
S1L,86.0,1.0,-4.454
T92Y,86.0,1.0,-4.454
F35R,87.0,1.0,-4.466
I76A,87.0,1.0,-4.466
G91I,88.0,1.0,-4.477
W57V,89.0,1.0,-4.489
D82W,89.0,1.0,-4.489
V27R,89.0,1.0,-4.489
V80S,89.0,1.0,-4.489
D82S,90.0,1.0,-4.5
I50H,92.0,1.0,-4.522
S45*,97.0,1.0,-4.575
A66R,99.0,1.0,-4.595
Y52G,99.0,1.0,-4.595
G91T,101.0,1.0,-4.615
I50Q,101.0,1.0,-4.615
T71G,102.0,1.0,-4.625
V80G,102.0,1.0,-4.625
V18H,103.0,1.0,-4.635
W89A,103.0,1.0,-4.635
G12*,104.0,1.0,-4.644
Y4G,104.0,1.0,-4.644
V81S,105.0,1.0,-4.654
V18P,106.0,1.0,-4.663
L65G,106.0,1.0,-4.663
V80R,106.0,1.0,-4.663
I50P,110.0,1.0,-4.7
I50D,113.0,1.0,-4.727
Y4R,120.0,1.0,-4.787
L6E,123.0,1.0,-4.812
I50Y,125.0,1.0,-4.828
N19*,127.0,1.0,-4.844
Y52V,131.0,1.0,-4.875
W5P,139.0,1.0,-4.934
S83L,139.0,1.0,-4.934
G91M,140.0,1.0,-4.942
W5T,142.0,1.0,-4.956
G91*,142.0,1.0,-4.956
T92*,145.0,1.0,-4.977
G91W,147.0,1.0,-4.99
I50*,147.0,1.0,-4.99
T92F,152.0,1.0,-5.024
S83R,156.0,1.0,-5.05
N19W,167.0,1.0,-5.118
G91P,176.0,1.0,-5.17
V81G,181.0,1.0,-5.198
W5E,186.0,1.0,-5.226
A17R,198.0,1.0,-5.288
I50R,270.0,1.0,-5.598
T92C,346.0,1.0,-5.846
