
Last position-specific scoring matrix computed, weighted observed percentages rounded down, information per position, and relative weight of gapless real matches to pseudocounts
            A   R   N   D   C   Q   E   G   H   I   L   K   M   F   P   S   T   W   Y   V   A   R   N   D   C   Q   E   G   H   I   L   K   M   F   P   S   T   W   Y   V
    1 L    -2  -3  -4  -4  -2  -3  -4  -4  -3   2   4  -3   2   2  -4  -3  -2  -2  -1   2    0   0   0   0   0   0   0   0   0   5  67   0   5  11   0   0   0   0   0  13  0.60 0.13
    2 A     2  -3  -2  -2   0  -2  -1   0  -3  -3  -1  -2  -2  -3   4   2   1  -4  -3  -1   25   0   0   0   2   0   2   8   0   0   6   1   0   0  24  23   7   0   0   3  0.50 0.17
    3 L    -1  -3  -2  -4   0  -2  -3  -3  -3   2   3  -3   3  -1   0   1  -1  -3   0   2    3   0   1   0   2   1   0   0   0  10  38   0   8   1   6  14   1   0   3  13  0.31 0.16
    4 S     1  -3  -2  -2   1  -1  -2   0  -2  -3  -4  -1  -3  -4   2   4   3  -4  -2  -2    9   0   0   1   3   2   0   7   1   1   0   2   0   0   9  41  21   0   1   1  0.57 0.28
    5 L    -1  -3  -4  -5  -3   1  -4  -3  -4   1   4  -3   5   0  -4  -1  -3  -3  -2   0    6   0   0   0   0   7   0   1   0   5  52   0  16   4   0   4   0   0   0   4  0.65 0.29
    6 T    -1  -3  -1   0  -3  -2   2  -2  -3  -3  -1  -2  -2  -4   2   4   3  -5  -4  -2    2   0   2   4   0   0  14   1   0   1   7   0   1   0  10  36  21   0   0   2  0.53 0.30
    7 A     0   1  -2   3  -4  -2   1  -2  -3  -4  -4  -2  -2  -5   5   0  -1  -5  -4   0    7   8   0  17   0   0  10   2   0   0   0   1   1   0  35   7   3   0   0   7  0.73 0.30
    8 D    -4  -3   6   2  -6  -2   4  -4  -2  -1  -5  -2  -5  -6   2  -2  -3  -6  -5  -5    0   0  45  12   0   1  24   0   0   5   0   1   0   0  10   0   0   0   0   0  1.10 0.44
    9 Q    -2  -1  -3  -2  -5   5   1  -4   0  -4  -5   5  -2  -5   0  -2   1  -5  -4  -2    2   1   0   1   0  32   8   0   2   1   0  37   1   0   4   1   8   0   0   3  0.89 0.41
   10 M    -4  -5  -5  -6  -4  -4  -5  -6  -5   4   3  -5   5   2  -5  -5  -3  -4  -3   3    0   0   0   0   0   0   0   0   0  22  33   0  18   8   0   0   1   0   0  19  0.93 0.37
   11 V    -4  -5  -6  -6  -4  -4  -5  -6  -6   5   4  -5   1  -3  -5  -5  -3  -5  -4   4    0   0   0   0   0   1   0   0   0  29  38   0   2   0   0   0   0   0   0  31  1.09 0.41
   12 S     0  -3   0  -1  -2   0   2  -3   0  -3   0  -1  -2  -3  -3   5   1  -4   0  -3    5   0   3   2   1   4  12   1   2   1  11   2   0   1   0  46   6   0   3   0  0.50 0.33
   13 A     2   1  -2  -3   2   0  -2  -3   4   0   1  -1   0  -2  -3  -1   0  -4   0   0   21  10   0   0   4   5   0   1  15   6  14   2   2   0   0   3   6   0   2   6  0.23 0.19
   14 L    -5  -6  -7  -7  -4  -5  -6  -7  -6   3   6  -6   1  -2  -6  -6  -4  -5  -4  -2    0   0   0   0   0   0   0   0   0  13  84   0   2   0   0   0   0   0   0   0  1.64 0.56
   15 L    -1  -1  -2  -4  -4   2  -1  -3  -3   1   4   0   4  -2  -4  -2  -2  -4  -3   0    3   2   1   0   0  11   3   1   0   6  45   6  11   0   0   3   1   0   0   5  0.48 0.28
   16 D     1  -1   0   0  -2   0   3   1  -1  -2  -1  -1  -1  -4  -3   1  -1  -4  -3   1   14   1   4   3   1   3  26  10   1   0   7   3   1   0   0   9   1   0   0  15  0.23 0.19
   17 A     5  -4  -2  -5   5  -4  -4  -3  -4   3  -2  -4   0  -2  -4  -1   0  -5  -2   0   49   0   2   0  14   0   0   0   0  18   1   0   2   2   0   2   4   0   2   5  0.81 0.39
   18 E    -4  -4  -4   0  -8  -2   8  -6  -4  -7  -7  -3  -6  -7  -5  -4  -5  -7  -4  -5    0   0   0   3   0   0  96   0   0   0   0   0   0   0   0   0   0   0   0   0  2.37 0.78
   19 P    -5  -6  -3  -5  -7  -4  -5  -6  -6  -6  -3  -5  -4  -7   9  -2  -4  -7  -4  -5    0   0   1   0   0   0   0   0   0   0   3   0   0   0  91   3   0   0   1   0  2.83 0.82
   20 P     0  -3  -3   3  -6  -1   4  -3  -1  -6  -5  -3  -4  -6   6  -3  -2  -6  -3  -4    7   0   0  15   0   2  33   2   2   0   0   0   0   0  37   0   1   0   1   0  1.15 0.46
   21 I    -1  -1  -1  -1  -1   0   1  -2  -2   2  -1   2   1  -3   2  -1   0  -4  -3   1    2   1   3   2   1   3  12   2   1  14   2  20   5   0  12   2   7   0   0  12  0.22 0.18
   22 L    -3  -5  -5  -6  -4  -3  -5  -4  -5   4   4  -5   0  -1  -4  -4  -3  -4  -3   3    0   0   0   0   0   1   0   1   0  29  48   0   1   1   0   1   0   0   0  16  0.94 0.37
   23 Y    -2  -2  -1  -3   4   0  -2  -4   0  -2   0  -4  -2   2  -3  -1  -1  -1   7  -2    4   2   3   2   9   4   2   0   1   1  10   0   0   8   1   5   3   0  44   2  0.86 0.37
   24 S     4  -4  -3  -4   0  -2  -3  -2  -4  -1   1  -3  -2  -2  -3   3  -1  -4  -4   0   46   0   0   0   2   1   0   1   0   2  17   0   0   1   0  21   2   0   0   7  0.60 0.33
   25 E    -1   1   1  -2  -2  -1   0   2  -2  -2  -1  -1   7  -1  -3   0  -1  -4  -2  -2    4   8   7   1   1   1   7  15   1   1   3   2  33   2   1   8   3   0   1   2  0.45 0.30
   26 Y    -2  -1   0  -3  -4   3   1  -3   4  -2  -4   0  -2  -3   5  -2  -2  -3   4  -3    2   3   5   0   0  13   8   1  10   3   1   6   1   0  30   2   1   0  14   1  0.69 0.32
   27 D    -4  -3   2   7  -5  -1   0  -4  -3  -4  -4   1  -5  -5   0  -1  -2  -6  -3  -5    1   1   7  64   0   2   3   0   0   1   2   7   0   0   5   4   1   0   1   1  1.26 0.46
   28 P    -1  -3   1  -1  -3  -2  -2  -3   1  -2   1  -3   2  -4   5   1   0  -5  -3  -1    3   0   8   4   0   1   1   1   5   1  17   0   6   0  34  10   5   0   0   4  0.61 0.29
   29 T     1  -1   1   0  -2  -1  -1   0   0  -3  -3   2  -2  -3  -2   3   3  -4  -3  -2   12   1   8   4   0   0   2   7   2   0   2  13   1   1   1  26  19   0   0   1  0.34 0.23
   30 R    -1   2  -1  -2  -3   1  -1  -1  -1   0   1   2   2  -2  -3  -1   1  -2  -2   1    4  15   1   0   0   7   2   5   1   6  14  17   6   0   0   2   8   0   1   9  0.15 0.14
   31 P    -3  -3   0  -3  -5  -2  -2  -4  -3  -2  -2  -2  -3  -6   8  -1  -2  -6  -5  -4    1   1   5   1   0   1   3   1   0   2   4   1   0   0  72   3   2   0   0   1  1.81 0.55
   32 F    -3  -3  -1   5  -5  -2   2  -3  -1  -3  -1  -2  -3   4  -2  -2  -3  -3   3  -3    1   0   2  37   0   0  16   1   1   1   5   1   0  20   2   1   0   0  10   1  0.70 0.32
   33 S    -1  -3   0   1  -2  -2  -2   1  -3  -3  -3  -3  -1  -4  -1   3   5  -1  -3  -2    1   1   2   8   0   1   0  12   0   0   1   0   2   0   3  24  43   1   0   1  0.65 0.34
   34 E    -1  -1   0   3  -5   0   5  -2   2  -5  -5   0  -4  -4   2   1  -2  -2  -3  -4    3   2   2  19   0   1  40   1   4   0   0   3   0   0  10  11   1   1   0   0  0.69 0.31
   35 A     3  -3  -1  -3  -2  -1  -2  -3   1   2   1  -2  -1  -1  -2   0   0  -1  -1   1   28   0   3   0   0   2   1   0   4  13  18   0   0   2   1   6   6   1   2  12  0.21 0.17
   36 S    -1   3   1  -2  -3  -1  -1  -3   0  -4  -3   3  -3  -4   0   3   1  -4  -3  -3    1  21   5   1   0   1   1   0   2   0   2  24   0   0   4  24  11   0   1   0  0.50 0.28
   37 M     1  -3  -2  -4  -3  -3  -3  -4  -2   1   2  -3   5   1  -3  -2   2  -3  -2   1   16   0   2   0   0   0   0   0   1   6  19   0  25   5   0   1  14   0   1  10  0.43 0.25
   38 M    -2  -3  -3  -4  -1  -2  -4  -5  -4   0   4  -3   8  -2  -5  -4  -3  -4  -3   0    2   0   1   1   1   1   0   0   0   2  40   1  42   1   0   0   0   0   1   6  1.11 0.42
   39 G     0  -3   1  -2  -1  -2  -2   0  -3  -2  -1  -2   5  -3  -3   1   4  -4  -3  -1    9   0   7   1   1   0   1   6   0   1   5   1  18   0   0  12  37   0   0   1  0.50 0.29
   40 L     0  -2  -2  -3  -1  -1  -3  -3  -3   0   1  -2  -1  -3  -1   3   4  -4  -3   0    5   1   0   0   1   2   0   1   0   5  16   0   1   0   3  24  37   0   0   5  0.47 0.27
   41 L    -2  -4  -5  -6  -4  -4  -5  -6  -1   0   6  -5   0  -1  -5  -4  -3  -4  -3  -1    2   0   0   0   0   0   0   0   2   2  87   0   0   2   0   0   1   0   0   2  1.28 0.44
   42 T    -1  -3   3  -3   7  -3  -3  -3  -2  -1  -3  -3  -3  -3  -4   2   4  -1  -4  -2    2   0  14   0  25   0   0   1   0   3   0   0   0   0   0  17  34   1   0   1  0.87 0.36
   43 N    -2   1   3   5  -4   0   1  -3  -1  -4  -3   0  -3  -4  -3   1  -2  -5  -4  -4    1   8  17  39   0   4   8   0   1   0   2   6   1   0   0  11   1   0   0   0  0.67 0.26
   44 L    -2  -4  -5  -5   0  -4  -5  -5  -5   0   6  -4   3  -1  -2  -4  -3  -4  -3  -1    2   0   0   0   2   0   0   0   0   2  80   0   8   1   2   0   0   0   0   0  1.14 0.40
   45 A     5  -3  -3  -4   1  -3  -3   1  -3  -2  -1  -3  -2  -1  -3  -1  -1  -3   2   0   57   0   0   0   3   0   0  12   0   1   6   0   1   2   0   1   2   0   9   5  0.61 0.31
   46 D    -4  -4   2   7  -5  -2   1   0  -2  -5  -5  -3  -5  -5  -4  -2  -1  -5  -1  -5    0   0   7  70   0   0   9   7   1   0   0   0   0   0   0   0   3   0   2   0  1.38 0.44
   47 R    -3   7  -3  -4  -5   0  -2  -4  -3  -5  -4   5  -3  -5  -4  -3  -3   1  -4  -5    1  60   0   0   0   2   1   0   0   0   0  33   0   0   0   0   0   2   0   0  1.44 0.47
   48 E    -2  -2  -3  -1  -6   3   7  -4  -1  -5  -5  -1  -4  -6  -4  -3  -3  -5  -4  -5    2   0   0   1   0  14  77   0   1   0   0   2   0   0   0   0   0   0   0   0  1.56 0.52
   49 L    -4  -4  -5  -5  -4  -4  -3  -6  -5   1   6  -3   1  -2  -4  -4  -3  -2  -3   0    0   0   0   0   0   0   2   0   0   6  82   1   2   0   0   0   0   1   0   5  1.19 0.42
   50 V    -3  -5  -5  -5  -3  -4  -4  -5  -5   2   2  -5  -1  -2  -5  -4  -3  -5  -3   6    0   0   0   0   0   0   0   0   0   8  14   0   0   1   0   0   0   0   0  74  1.24 0.45
   51 H     0  -3   0  -3  -1  -1  -2   0   6  -1  -1  -2   0   1  -3   0  -1   0   0   2    7   0   4   0   1   2   1   6  27   3   4   0   2   7   0  10   4   2   2  19  0.36 0.22
   52 M     0  -3   0  -4  -3  -1  -4  -4  -4   3   0  -3   7  -2  -4  -2   2  -4  -3   2    6   0   5   0   0   2   0   0   0  18   6   0  34   0   0   0  16   0   0  11  0.68 0.33
   53 I    -3  -5  -5  -5  -4  -5  -4  -6  -2   7  -1  -5  -1  -3  -5  -4  -2  -5  -4   3    0   0   0   0   0   0   1   0   1  76   2   0   0   0   0   0   1   0   0  16  1.47 0.48
   54 N     1   0   2  -2  -3  -1  -2   4  -1  -4  -4   1  -3  -4  -3   3   0  -4  -4  -3   10   4  12   1   0   2   1  32   1   0   0   8   0   0   0  24   4   0   0   1  0.52 0.24
   55 W    -5  -6  -7  -7   1  -5  -6  -6  -6  -6  -5  -6  -5  -1  -4  -6  -6  13  -2  -6    1   0   0   0   3   0   0   0   0   0   0   0   0   1   1   0   0  92   0   0  4.23 0.93
   56 A     6  -4  -4  -3  -3  -3  -3  -2  -4  -4  -4  -3  -3  -5  -3   0  -1  -5  -2  -2   86   0   0   1   0   0   0   0   0   0   0   0   0   0   1   4   2   0   1   2  1.38 0.52
   57 K    -4   0  -3  -4  -6  -1  -2  -4  -4  -5  -4   8  -4  -6  -2  -3  -4  -6  -5  -5    0   1   0   0   0   1   0   0   0   0   1  93   0   0   1   0   0   0   0   0  1.99 0.65
   58 R     0   1  -1  -3  -4   4  -1  -3   5  -4  -4   4  -3  -4  -3   1  -2  -4  -3  -3    6   6   2   0   0  26   1   1  16   0   1  29   0   1   0  10   1   0   0   1  0.71 0.34
   59 V    -3  -5  -5  -5  -3  -5  -5  -6  -5   6   2  -4   0  -1  -4  -4  -3  -4  -3   3    0   0   0   0   0   0   0   0   0  57  18   1   1   1   0   1   0   0   0  19  1.07 0.39
   60 P    -4  -5  -5  -4  -6  -5  -4  -4  -5  -6  -6  -4  -6  -7   9  -3  -4  -7  -6  -6    0   0   0   0   0   0   0   1   0   0   0   0   0   0  95   2   0   0   0   0  2.95 0.77
   61 G    -1  -4  -3   0  -4  -4  -2   7  -5  -6  -6  -4  -5  -6  -5  -3  -4  -5  -6  -6    4   0   0   6   0   0   2  86   0   0   0   0   0   0   0   0   0   0   0   0  1.81 0.55
   62 F    -5  -5  -6  -6  -5  -6  -6  -6  -4  -3   0  -6  -3   9  -6  -5  -5  -2   2  -1    0   0   0   0   0   0   0   0   0   0   9   0   0  80   0   0   0   0   5   4  2.07 0.61
   63 V    -1   2   1  -2   1  -1  -2  -2  -2   0  -1   0   0  -1  -1   2   2   1  -2   1    2  12   6   0   3   1   0   1   0   3   6   4   2   2   3  23  13   2   0  15  0.16 0.17
   64 D    -1  -2   3   3  -2   0   3  -1  -2  -3  -3   0  -3  -4  -2   2   0  -5  -4  -3    4   0  20  16   1   3  22   3   0   1   2   6   0   0   1  15   5   0   0   1  0.45 0.23
   65 L    -4  -4  -5  -5  -4  -4  -5  -5  -5   0   6  -4   1   0  -5  -4  -3  -4  -3  -2    0   0   0   0   0   0   0   0   0   2  84   0   1   3   0   0   0   0   0   0  1.26 0.48
   66 T    -1  -2  -1  -1  -1  -1  -2  -1   4  -4  -3  -2  -3  -4   1   5   2  -4  -2  -3    3   1   1   2   1   2   1   3  12   1   1   1   0   0   6  50  14   0   1   1  0.69 0.35
   67 L    -3  -4  -5  -5  -3  -4  -4  -5  -3   2   6   0   0  -2  -4  -4  -2  -4  -3   0    0   0   0   0   0   0   0   0   1   8  77   6   1   0   0   0   1   0   0   3  1.07 0.40
   68 H     0  -2   3   2  -2  -1  -1   0   3   0  -1  -2  -1  -2  -1   1   0  -3  -1   0    8   1  21  12   1   1   1   5   8   7   4   0   1   1   3  11   3   0   2  10  0.19 0.15
   69 D    -4  -4  -1   8  -5  -3  -1  -4  -3  -5  -5  -3  -5  -5  -4  -3  -4  -6   0  -3    0   0   2  82   0   0   1   1   0   0   1   0   0   0   0   0   0   0   3   2  1.81 0.60
   70 Q    -4  -2  -3  -3  -5   8   1  -4   2  -5  -4  -1  -3  -6  -4  -1  -3  -5  -4  -5    0   0   0   0   0  81   6   0   5   0   1   1   0   0   0   3   0   0   0   0  1.92 0.65
   71 V    -3  -4  -5  -5  -4  -4  -5  -5  -5   1  -1  -4   9  -3  -5  -4   0  -4  -4   4    1   0   0   0   0   0   0   0   0   7   0   0  58   0   0   0   5   0   0  25  1.55 0.56
   72 H    -1   3   2  -2  -3   1  -2  -2   6  -4  -3   0  -2  -3  -3   3   1  -4  -1  -3    4  15   9   0   0   5   0   1  23   0   2   4   1   0   0  23  10   0   1   1  0.53 0.28
   73 L    -3  -4  -5  -5  -4   0  -4  -4  -5  -1   6  -4   0  -2  -5  -4  -3  -4  -3   0    1   0   0   0   0   6   0   2   0   1  83   0   0   0   0   1   0   0   0   6  1.20 0.45
   74 L    -4  -4  -5  -5  -4  -4  -5  -6  -5   2   6  -1  -1  -2  -2  -4  -3  -4  -3  -1    0   0   0   0   0   0   0   0   0   8  82   5   0   0   2   1   0   0   0   0  1.22 0.46
   75 E    -4  -1  -3  -2  -6   7   4  -5  -1  -5  -5   0  -4  -5  -4  -3  -3  -4   1  -5    0   1   0   1   0  63  24   0   1   0   0   4   0   0   0   0   0   0   5   0  1.54 0.57
   76 C    -1  -3   0  -3   6  -3  -3  -2   1   0  -2  -1  -2  -1  -3   4   0   0   1  -2    2   0   5   0  18   0   0   1   4   5   2   3   0   3   0  41   5   2   6   2  0.58 0.32
   77 A     2  -3  -2  -3   4  -3  -3   1  -3  -3  -1  -3  -3  -4  -1   3   2  -4  -4  -1   17   0   0   0  12   0   0  12   0   0   6   0   0   0   3  31  14   0   0   5  0.47 0.27
   78 W    -6  -6  -7  -8   0  -6  -6  -6  -6  -6  -6  -1  -5  -3  -7  -6  -6  13  -2  -7    0   0   0   0   2   0   0   0   0   0   0   5   0   0   0   0   0  92   0   0  4.30 1.01
   79 L     1  -4  -4  -4  -2  -3  -4  -3  -4   1   3  -1   7   0  -2  -2  -2  -4  -3  -1   13   0   0   1   1   0   0   1   0   5  33   4  33   4   1   2   1   0   0   1  0.76 0.38
   80 E    -4  -3  -2   0  -6  -1   7  -2  -3  -1  -5   0  -4   0  -4  -1  -3  -5  -4  -5    0   0   1   3   0   0  76   4   0   4   0   4   0   5   0   3   1   0   0   0  1.37 0.55
   81 I    -1  -4  -5  -5  -3  -4  -4  -5  -5   5   2  -2   1  -2  -4  -3   0  -5  -3   4    6   0   0   0   0   0   0   0   0  41  14   3   2   0   0   0   6   0   0  29  0.79 0.35
   82 L    -4  -5  -3  -6   1  -5  -5  -6  -5   0   6  -5   5   0  -6  -5  -4  -4  -3  -1    0   0   1   0   3   0   0   0   0   4  75   0  13   3   0   0   0   0   0   1  1.30 0.50
   83 M    -2  -4  -2  -4   2  -3  -4  -4  -4   3   1  -4   5  -1  -4   1   1  -4  -3   2    2   0   2   0   4   0   0   0   0  19  13   0  21   2   0  11  11   0   0  16  0.51 0.30
   84 I    -3  -1  -5  -5   1  -4  -5  -6  -2   2   4  -4   1   4  -1  -4  -2  -3  -2   1    0   3   0   0   3   0   0   0   1  11  50   0   2  18   3   0   1   0   0   8  0.75 0.35
   85 G     0   0   2  -2  -2  -1  -2   5  -3  -5  -5  -3  -1  -5  -1   2   0  -5  -4  -4    6   5  12   2   1   2   1  45   0   0   0   0   2   0   3  17   5   0   0   0  0.72 0.34
   86 L    -3  -4  -5  -6  -1  -4  -5  -6  -5   3   5  -5   0   0  -5  -3  -1  -4  -3   3    0   1   0   0   1   0   0   0   0  14  54   0   1   2   0   2   3   0   0  21  0.86 0.37
   87 V     3  -4  -4  -4   2  -3  -4   1  -4   2  -2  -3   3  -3  -4  -1   0  -4  -3   3   29   0   0   0   5   0   0  11   0  12   0   0   8   1   0   4   5   0   0  25  0.47 0.30
   88 W    -5  -4  -4  -6  -3   1  -5  -6  -1  -5  -3  -5  -4   5  -6  -3  -5  10   6  -4    0   1   1   0   1   7   0   0   2   0   1   0   0  19   0   2   0  42  25   1  2.12 0.67
   89 R    -5   8  -4  -5  -7  -1  -4  -6  -2  -2  -3  -1  -5  -6  -6  -4  -5  -6  -5  -6    0  91   0   0   0   1   0   0   1   3   2   1   0   0   0   0   0   0   0   0  2.28 0.76
   90 S    -2  -4  -3  -4   1  -4  -4  -2  -4  -2  -5  -4  -5  -6  -4   7   0   0  -5  -5    0   0   0   0   2   0   0   3   0   3   0   0   0   0   0  87   3   1   0   0  1.65 0.70
   91 M    -2  -3  -4  -5   3   0  -4  -5  -2   2   3  -3   4   0  -3  -3  -1  -3   2   1    3   1   0   0   6   5   0   0   0  12  29   0  15   2   1   1   3   0   8  11  0.42 0.26
   92 E    -1  -2  -1   2  -2   2   1   0   3  -5  -5  -1  -4  -5   5   0   0  -5  -3  -4    3   1   2  10   1  10  10   6   7   0   0   3   0   0  34   5   5   0   0   0  0.68 0.32
   93 H    -2  -1   1  -2   4   1  -3  -3   5  -4  -1  -2  -1   1  -2   0   0  -3   5  -3    2   2   6   2  10   6   0   1  17   0   6   2   2   6   2   6   6   0  21   0  0.51 0.34
   94 P    -1  -1   2   0   2   0   1  -1  -1  -3  -2   0  -3  -3   5   1   0  -4  -4  -2    4   2  10   5   5   4   8   4   2   1   4   4   0   1  26   9   5   0   0   2  0.38 0.24
   95 G    -2  -2   1   3  -2  -2  -1   5  -1  -5  -4  -3  -4  -5   1   0  -3  -5  -2  -4    1   2   6  17   1   1   4  42   1   0   1   1   0   0   6   7   1   0   2   1  0.65 0.35
   96 K    -2   2  -1  -2  -4   0   3  -2   1  -4  -2   4   2  -3  -2   0  -1  -4   0  -2    2   9   2   1   0   2  19   2   4   0   2  30   8   1   2   5   3   0   3   2  0.41 0.30
   97 L    -4  -5  -5  -5  -4  -4  -5  -5  -1   1   6  -5  -1  -1  -5  -5  -4  -4  -4  -1    1   0   0   0   0   0   0   1   2   7  81   0   0   2   0   1   0   0   0   3  1.41 0.54
   98 L     0   0  -2  -3   3  -1  -2  -3  -1   2   0  -1   0  -1  -1  -1  -2  -1   2   3    6   7   2   0   8   3   1   1   2  15   6   4   2   1   3   5   0   1   8  26  0.24 0.19
   99 F    -5  -5  -5  -6  -5  -5  -5  -5  -4  -1  -1  -5  -3   8  -6  -5  -5   1   4  -2    1   0   0   0   0   0   0   1   0   3   4   0   0  72   0   1   0   2  12   2  2.04 0.66
  100 A     6  -4  -4  -4  -1  -3  -3  -2  -4  -4  -2  -3  -3  -1  -3   1  -1  -4  -4  -2   72   1   0   1   1   0   1   2   0   1   4   1   0   3   1  10   2   0   0   1  1.17 0.52
  101 P    -1  -2  -1   1  -1   2   3  -1  -1  -3  -2  -1  -3  -4   5   0  -1  -4  -3  -2    4   1   2   8   1   9  21   5   1   1   4   2   0   0  27   7   4   0   0   2  0.53 0.26
  102 N    -4  -4   4   7  -5  -3  -1  -3  -3  -5  -5  -3  -5  -5  -4  -1  -1  -5  -2  -4    1   1  18  64   0   0   1   2   0   1   1   1   0   0   1   3   3   0   1   1  1.55 0.57
  103 L    -3  -4  -4  -4   1  -3  -4  -4  -3  -1   4  -4   1   4  -4  -3  -1  -2   2   0    1   0   0   0   3   0   1   1   0   0  49   0   3  20   0   1   3   0   8   5  0.68 0.32
  104 L     0   0  -2  -3   2   0  -2  -2   0   2   0   0   0  -2  -1   0   0   2  -2   2    5   7   0   0   6   5   1   2   3  15   5   7   1   0   2   6   5   3   0  24  0.15 0.14
  105 L    -2  -3  -4  -4   2  -3  -3  -4  -3   2   4  -3   3   2  -3  -3  -2  -2  -2   1    1   1   1   1   5   1   1   1   0  14  42   1  10  11   1   1   1   0   0   9  0.54 0.25
  106 D    -1  -2   3   4  -3  -2   0   0   1  -3  -2  -1  -3  -1   0   2   1  -4  -3  -3    3   0  17  26   0   0   3   6   3   0   5   3   0   3   3  17  10   0   0   0  0.40 0.24
  107 R     0   0   1   0  -3   1   0   0   2   0  -2   0   1  -3   1   0   0   4  -2   0    6   6   6   6   0   6   6   6   6   6   1   6   6   0   6   6   6   6   0   6  0.11 0.14
  108 N     0   1   2   3  -4   2   4  -2   0  -3  -3   0  -1  -4  -2   0  -2  -4  -1  -2    6   8   9  17   0   7  27   2   2   1   2   5   2   0   1   6   1   0   2   2  0.40 0.29
  109 Q    -2   2  -2   0  -5   5   3  -3   1  -3  -1  -1   1  -3  -4  -1  -2  -4  -1  -3    2  13   1   5   0  33  18   2   3   1   7   2   4   1   0   4   1   0   2   1  0.61 0.43
  110 G     3  -1  -2  -4   4  -3  -3   3  -4  -3  -2  -3   4  -4  -4   1  -3   2  -4  -1   29   4   2   0   8   0   1  22   0   0   2   0  13   0   0  12   0   3   0   3  0.60 0.43
  111 K    -1   4   0  -1  -1   1   0  -2  -1  -4  -3   4   1  -4  -3   0  -1  -4  -2  -2    5  28   4   2   1   6   5   3   1   0   1  24   5   0   0   7   3   0   1   3  0.49 0.34
  112 C     0   1   1   0   5   1   2  -1  -1  -3  -1   0  -1  -3  -2   0   0  -3  -3  -2   10   9   6   5  17   5  17   3   1   1   5   4   1   1   2   6   4   0   1   2  0.29 0.21
  113 V     2  -4  -4  -2   6  -3  -3  -3  -1   0   1  -3   1  -3  -3  -2  -1  -1   1   3   19   0   0   2  17   0   1   1   1   3  11   1   4   0   0   1   4   1   5  28  0.52 0.34
  114 E     0  -1   0  -1   0   1   2   0   2  -2  -2   1   0  -2   1   2   0  -2  -1  -2    6   3   5   2   3   7  16   6   5   1   2   7   4   1   8  17   4   0   3   2  0.18 0.14
  115 G     0  -3  -2  -3   3  -4  -4   6  -4  -3  -4  -4  -4  -1   0   1  -2  -5   0  -2    7   2   2   1   6   0   0  56   0   1   1   0   0   3   5   9   2   0   3   2  0.95 0.51
  116 M    -1  -3  -3  -2   1  -1  -3  -1  -3   1   2  -3   4   3   1  -1  -1  -3   0   0    5   0   0   2   3   2   0   5   0   9  22   0  14  13   7   5   3   0   3   5  0.26 0.22
  117 V     0   0  -1  -1  -2   0   0   0   0  -1   0   0   1   0  -1   1   0   0   1   0    7   4   2   2   0   4   8   6   2   2  12   5   6   3   3  11   7   1   8   7  0.04 0.07
  118 E    -2  -3  -1   4  -5   0   5  -1   0  -3  -3  -3  -4  -5   2  -1  -2  -5  -4  -4    2   0   3  24   0   3  41   5   2   2   2   0   0   0   9   4   2   0   0   0  0.83 0.48
  119 I    -3  -2  -1  -4  -3   0  -1  -5   0   3   3  -1   1   1  -2  -3  -3  -3   0   1    0   2   3   0   0   5   4   0   2  20  36   4   2   5   2   0   0   0   3   8  0.40 0.29
  120 F    -3  -4   0   1   5  -4  -4  -1   3  -4  -2  -4   1   5  -5  -2  -4   1   5  -4    1   0   6   8  14   0   0   4   6   0   2   0   4  24   0   3   0   2  22   0  0.93 0.50
  121 D     1   0   1   3  -2   2   1  -1   0  -2   0   0  -1  -2  -3   0   0  -3  -1   0   11   4   7  17   1   9  12   4   2   2   8   3   1   2   0   6   5   0   2   6  0.14 0.15
  122 M     1   0  -1  -3   0   2  -1  -1   5  -1   0  -1   4  -2  -2  -1   0  -4  -1  -1   16   4   3   0   2  11   2   5  14   2   7   3  12   1   1   4   6   0   2   5  0.25 0.25
  123 L    -1  -4  -3  -5   6  -4  -2  -5  -5   2   3  -4   5  -1  -5  -2   0  -4  -4   1    4   0   1   0  15   0   2   0   0  13  28   0  16   2   0   2   5   0   0   9  0.71 0.41
  124 L    -1   3  -2  -4   2  -1  -2  -3  -1   0   3  -1   2  -1  -4  -1  -2   3  -3   0    4  17   1   0   4   2   3   1   1   5  34   3   5   2   0   6   2   5   0   5  0.35 0.28
  125 A     2   1  -1  -3  -2   5  -1  -3   4  -4  -2   2  -2  -2  -2   0  -1  -5  -2  -3   16   5   2   0   1  27   2   2  10   0   5  14   1   2   1   5   3   0   1   2  0.55 0.40
  126 T    -1  -4  -3  -4  -3  -2  -4  -4   0   3   4  -4   1  -1  -4  -2   1  -4  -3   1    5   0   1   0   0   1   0   1   2  17  40   0   2   2   0   3  10   0   0  10  0.54 0.34
  127 S     1  -3  -3  -2   2  -2  -3  -2   0   1  -1  -3  -1  -3   0   1   2  -4  -3   3   13   0   0   2   4   1   0   3   3   5   3   0   1   0   4  13  15   0   0  30  0.34 0.28
  128 S    -1   2   0   0  -2   3   2  -1  -1  -3  -3   1  -3  -4  -3   2   0  -4  -3  -3    4  12   3   5   1  15  16   3   1   1   2  10   0   0   0  18   7   0   0   1  0.37 0.27
  129 R    -2   6  -2  -3  -5   0   2  -4   0  -5  -4   4  -4  -5  -1  -2  -3  -5  -4  -5    3  47   1   0   0   3  13   0   2   0   1  24   0   0   2   1   0   0   0   0  1.12 0.54
  130 F    -4  -4  -5  -5  -4  -3  -4  -5  -3   0   3  -4   2   6  -5  -2  -4  -2   5   0    1   0   0   0   0   1   0   0   0   5  28   0   4  31   0   3   0   0  19   5  0.96 0.45
  131 R    -1   4  -1  -1   0   2   1  -3  -2  -2  -3   2  -1  -3  -3  -1   1  -4  -2   1    3  27   1   4   2  10  10   1   1   2   1  11   1   1   0   3   8   0   1  11  0.38 0.28
  132 M     0   3   1   0  -1   2   2  -2   1  -2  -2   1   2  -3  -3   1  -1  -4  -2  -2    9  16   7   3   1   8  12   2   3   2   4  10   6   0   0  10   3   0   1   3  0.22 0.19
  133 M    -3  -4  -3  -5   0  -4  -2  -5  -1   0   5  -4   5  -1  -4  -3  -2  -3   2   0    2   0   1   0   2   0   2   1   1   5  55   0  13   1   0   1   2   0   7   4  0.83 0.44
  134 N    -2   2   3  -2   0   3  -1   1   0  -4  -3   3  -3  -4  -3   1  -2  -2  -3  -3    2  10  13   0   2  14   2  12   3   0   2  22   0   0   0  12   1   1   0   1  0.44 0.31
  135 L    -1  -2  -4  -5  -3  -4  -4  -3  -4   3   4  -4   2  -1  -1  -4  -3  -4  -2   4    5   2   0   0   0   0   0   2   0  13  37   0   4   1   3   1   0   0   1  28  0.65 0.35
  136 Q    -1   0   0   0   0   3   1  -3   0  -2  -1   0  -1  -3  -3   2   2  -1  -3  -2    5   6   4   4   2  13  10   1   2   2   6   5   2   1   0  17  17   1   0   1  0.24 0.22
  137 G    -3   4  -1  -3  -3   1  -1   0   3  -4  -3   5  -1  -3   0  -1  -2  -4   1  -4    1  21   2   1   1   6   2   6   7   0   2  35   2   1   5   3   1   0   4   1  0.64 0.38
  138 E    -3  -1  -2   2  -6  -1   7  -4  -3  -5  -5  -1  -5  -6  -4  -3  -4  -5  -5  -5    1   3   1  11   0   2  73   1   0   0   1   3   0   0   0   1   0   0   0   1  1.64 0.72
  139 E    -4   0  -1  -2  -6  -2   7  -5  -3  -5  -5  -3  -5  -5  -4  -3  -4  -5  -5  -5    1   4   3   0   0   0  86   1   0   0   1   0   0   0   0   1   1   0   0   1  2.00 0.79
  140 F    -2  -4  -5  -2  -1  -4  -5  -5   1  -2  -1  -5  -3   6  -5  -3  -4  -2   7  -2    4   0   0   2   2   0   0   1   3   1   6   0   0  34   0   2   0   0  40   2  1.37 0.57
  141 V    -1  -4  -4  -4  -1  -4  -4  -2  -4   1   3  -4   1   0  -4  -3  -3  -3   3   4    4   0   0   0   1   0   0   4   0   5  29   0   3   4   0   1   0   0   9  37  0.60 0.34
  142 C    -2  -4  -4  -5   8  -4  -4  -3  -4   0   3  -4   0  -2  -4  -3   2  -4  -3   0    3   0   0   0  33   0   0   2   0   5  30   0   2   1   0   1  13   0   1   5  0.99 0.45
  143 L    -4  -1  -5  -5  -4  -4  -5  -5  -5   0   5  -4   5  -2  -1  -4  -3   2  -3  -1    1   3   0   0   0   0   0   0   0   3  61   0  18   0   3   0   0   3   0   3  1.07 0.49
  144 K    -1   0  -3  -4  -5   1  -1  -4  -3  -4  -5   7  -2  -5  -4  -3  -4  -5  -1  -5    5   3   0   0   0   4   3   0   0   1   1  74   1   0   0   0   0   0   2   0  1.48 0.64
  145 S     6  -1  -4  -4   1  -3  -3   0  -4  -3  -4  -3  -3  -4  -3   1  -1  -5  -4   0   63   3   0   0   2   0   0   6   0   0   1   0   0   0   0   9   3   0   0   8  0.91 0.48
  146 I    -3  -4  -4  -5  -3  -4  -4  -2  -4   3   4  -4   5   0  -4  -4   0  -4  -3   0    0   0   0   0   0   0   0   4   0  21  42   0  15   3   0   0   6   0   0   3  0.73 0.39
  147 I     2  -4  -4  -4   1  -3  -4  -3  -4   4   1  -3   0   0  -1  -2   0  -4  -3   3   23   0   0   0   3   1   0   0   0  24  13   0   1   3   3   1   5   0   0  19  0.41 0.27
  148 L    -4  -1  -5  -5  -4  -4  -2  -6  -5  -1   6  -4  -1  -3   0  -5  -4  -4  -4  -1    0   4   0   0   0   0   3   0   0   1  79   0   0   0   4   0   0   0   0   2  1.21 0.55
  149 L     2  -2  -3  -3   1  -2  -3  -3  -3   0   3  -1   2   0  -3  -1   0  -3  -2   1   21   2   0   1   3   1   0   1   0   3  31   3   5   4   1   2   6   0   0  12  0.24 0.21
  150 N    -2   0   6   1   3  -2  -2   0   2  -3   0  -2  -3  -3  -3   1  -2  -4  -3  -3    1   6  43   7   7   0   0   6   6   0  10   0   0   0   0  10   0   0   0   0  0.59 0.30
  151 S     0  -2   0   0   1  -1   0   1  -2   0   0  -1  -1  -2   3   1   2  -2   0  -1    5   1   4   4   4   1   7  10   0   4  10   1   0   0  15   9  15   0   4   4  0.16 0.10
  152 G    -1   0   1   2  -3  -1   0   2   0  -1  -2   1   0  -2  -2   0  -1  -2   2   0    3   3   6  17   0   0   4  17   2   4   1   9   3   0   1   4   3   0  10  11  0.14 0.13
  153 V     1  -2  -2  -2   0  -2  -2  -3   0   1   0  -1   3  -1   3   0  -1  -3  -2   2   11   2   2   2   2   0   2   1   3   9   6   4  12   2  14   8   3   0   0  18  0.22 0.19
  154 Y    -1   0  -1  -1   5  -1  -2  -2   1  -1   0   1   1   2  -1  -1  -1  -2   2   0    5   6   2   3  14   2   1   3   3   3  11   9   3   9   2   3   4   0  10   6  0.16 0.14
  155 T     0  -1   0   1  -1  -1  -1  -2   1  -1   0  -2  -1  -1   3   1   2  -2   0  -1    8   2   3   8   1   1   4   1   3   3  10   1   2   2  16  12  14   0   4   4  0.19 0.14
  156 F     0  -2  -1   1   0  -1  -1   2  -1  -1   1  -2  -1   3  -1   0  -1   2   0   0    8   2   2   8   2   2   5  15   1   2  14   1   0  14   2   7   3   3   2   7  0.08 0.10
  157 L     1  -2   0   1   2  -1   0  -2  -2  -1   1  -1   0   0   0   1   1  -2  -2  -1   10   1   4  10   5   2   6   2   1   1  17   1   2   4   5  15   9   0   1   3  0.10 0.11
  158 S     0  -1   2  -2   2   0  -1   0   2  -1  -2  -1   0  -1   1   2   1   1   0  -1    5   3  11   1   5   3   2   5   5   4   3   3   3   3   7  17  11   2   3   3  0.13 0.13
  159 S     1  -1   0  -1   0   2   1   0   0  -2  -2  -1   0  -2  -1   3  -1  -3   0  -1   12   2   4   2   2  12  10   7   3   2   3   1   3   2   2  22   3   0   4   4  0.20 0.18
  160 T     0  -2  -1   1   3   0  -1   0  -1  -3  -2  -1  -1  -3   2   2   3  -3  -1  -2    9   2   2   8   7   5   2   8   2   1   3   2   1   1   9  13  21   0   2   2  0.26 0.21
  161 L     1  -2  -1  -2  -1   1  -1  -1  -1  -1   1  -2   1  -2  -1   1   1  -3  -2   1   11   1   2   2   1   6   4   3   1   2  19   1   5   1   3  12  11   0   1  13  0.13 0.15
  162 K    -1   0  -2   0  -3   1   4  -2  -2   1  -2   2   1  -3  -2  -1  -2  -3  -3  -1    5   5   1   3   0   5  35   3   0   8   2  15   3   1   2   4   1   0   1   5  0.42 0.29
  163 S     0   0   0   1  -2   1   2   0   3  -3  -3   1  -1   0   1   1  -1  -3  -1  -3    8   3   2   9   1   5  15   8  10   1   2   8   2   5   5  12   2   0   2   1  0.21 0.18
  164 L    -3  -2  -2  -1   1  -1   0  -4  -2   2   4   0  -1   0   0  -3  -2  -2  -2   0    1   2   1   4   3   3   7   0   1  11  41   6   1   5   5   2   1   1   1   5  0.36 0.28
  165 E    -2   1   1   0  -5   2   5  -3   3  -5  -3   1  -2  -5  -3   0  -2  -5  -4  -4    2   9   6   5   0   8  39   2   6   0   2   7   1   0   1   8   2   0   0   1  0.68 0.43
  166 E    -2   1   1   4   1  -1   1  -2  -2  -4  -4  -1   1  -5  -4   4  -3  -5  -4  -3    2   7   7  22   4   2   9   3   1   1   1   3   4   0   0  32   0   0   0   2  0.60 0.43
  167 K    -1   5  -1  -2  -2   2  -1  -2  -2  -2  -3   1   0  -3   0   1  -1  -4  -2  -1    4  31   2   2   1  10   2   3   1   2   2   9   2   1   5  11   3   0   2   5  0.42 0.35
  168 D     0   0   0   2  -3   1   2  -1  -1  -3  -2   2  -1  -1  -2   1   0  -4  -2  -2    9   5   4  13   0   7  12   3   1   1   2  14   1   3   1  11   5   0   1   3  0.19 0.19
  169 H     1   0   0  -1   1   1   0  -1   1  -2  -1   2  -1   0  -1   1  -1  -3  -1  -1   15   3   3   2   3   7   4   4   5   2   7  14   2   4   2  11   3   0   2   4  0.05 0.15
  170 I    -1  -1  -4  -4   3  -3  -4  -2  -3   2   2  -2   0   2  -2  -2  -1  -3   1   2    3   3   0   0   6   0   0   2   0  13  21   3   2   8   2   2   3   0   5  19  0.26 0.26
  171 H    -2   1  -1   0   2   4   0  -3   4  -1   0   0   0  -2  -3  -2  -2   0  -1  -2    2   7   2   6   5  24   5   2  10   5  11   5   2   2   0   2   2   1   2   2  0.28 0.33
  172 R     0   4   0  -1   1   1   1  -2   3  -2  -2   2  -1  -4  -3  -1  -2  -4  -1  -3    7  24   5   2   3   7   8   2   7   2   3  13   2   0   0   4   2   0   2   1  0.30 0.30
  173 V    -2  -2  -4  -4   2  -2  -1  -3  -1   2   3  -4   4   2  -1  -2  -2   0  -3   0    2   2   0   0   4   2   5   2   1  12  32   0  11   7   3   2   2   2   0   4  0.36 0.35
  174 L    -4   5  -3  -4  -5   2  -2  -5  -1   0   3  -1  -1  -1  -2  -2  -3   0  -3  -1    0  30   1   0   0  11   2   0   2   5  34   2   1   3   2   2   0   1   0   3  0.64 0.47
  175 D    -2  -1   3   5  -5   1   1  -2  -3  -2  -3  -1   1  -4  -2  -1  -1  -5  -3  -2    4   3  13  39   0   6   9   3   0   2   1   2   4   0   2   3   3   0   1   4  0.64 0.42
  176 K     1   1   0   0   1   0   0   0   0  -1  -1   1   0  -3   0   1   0  -3  -2  -1   11   7   4   5   4   4   3   8   3   4   8  10   4   0   5  12   6   0   0   4  0.07 0.08
  177 I    -1   0  -1  -4  -3  -3  -1  -4   1   2   2  -3   2   1   0  -3  -2  -3   2   1    6   7   4   0   0   0   4   0   4  13  25   0   5   5   4   0   0   0   9  11  0.27 0.23
  178 T    -2   1  -1  -3  -3   0   0  -2   5   2   0  -2   0  -1   1  -1   2  -4   0   0    0   9   3   0   0   4   7   2  20  12   7   0   3   2   6   3  14   0   2   5  0.30 0.27
  179 D    -1   0   1   4  -4   0   2  -1  -1  -2  -2   2  -1  -3  -3   0   0  -4   0  -1    4   3   7  24   0   4  14   3   1   2   3  14   2   0   0   6   5   0   4   4  0.30 0.22
  180 T     4  -1  -3  -3   4  -2   0   0  -3  -3  -1  -2  -3   0  -1   1   0  -3   0  -1   37   3   0   0   9   0   8   8   0   0   6   0   0   4   2   9   6   0   4   3  0.35 0.30
  181 L    -1  -4  -5  -5   0  -4  -5  -2  -4   1   5  -4   2   0  -5  -2  -1  -3   1   0    5   0   0   0   2   0   0   3   0   8  58   0   5   2   0   2   4   0   6   4  0.72 0.41
  182 I    -1   0  -1  -2   2   2   0   0   0   2   0  -2   2  -3  -3   0  -1  -1  -1   1    4   4   2   2   5  14   8   7   2  15   7   1   7   0   0   7   2   1   2  10  0.14 0.19
  183 H    -1   0  -1   2  -4  -1   0  -2   5  -1  -2   0   0   0  -1  -1  -1   5   1   0    6   5   3  11   0   3   7   3  14   3   3   5   3   3   3   4   5  10   4   6  0.29 0.24
  184 L     1  -4  -3  -4   4   0  -1   0   2   0   1  -3   1   0  -4  -1   0  -3   2   0   13   0   0   0   9   5   4   8   6   6  15   0   4   5   0   4   7   0   8   7  0.23 0.22
  185 M    -1   1  -2  -2   0  -3   3  -2  -4   4  -2  -1   3  -2  -3  -1  -1  -5  -4   2    5  10   1   2   2   0  18   3   0  24   2   3   7   2   1   4   3   0   0  12  0.38 0.35
  186 A     2  -1  -1  -3   0   0   0   1   0  -2  -1  -1   0  -1   1   2   0  -1  -1   0   16   3   3   0   2   3   6  10   2   2   5   4   3   2   6  20   4   1   1   6  0.14 0.18
  187 K    -1   2   0  -1   0   1  -1  -1   1  -2  -1   3  -1  -3  -1   0   0  -4   0  -1    4  12   5   3   2   8   2   5   4   3   5  23   1   0   3   8   4   0   3   4  0.21 0.22
  188 A     0   3  -1  -2   2   2  -1   0   2  -2  -2  -1  -1  -2  -1   2   0  -4  -1  -3    7  19   3   2   5   9   3   7   5   2   4   2   2   2   2  16   7   0   2   1  0.25 0.27
  189 G     0   1  -1  -1   1   0   1   4   3  -2  -3  -2  -1  -4  -1  -1  -1  -4  -1  -1    9   8   2   3   3   5   9  30   7   2   3   2   2   0   2   3   3   0   2   4  0.33 0.27
  190 L     0   0  -1  -1   1   0   0   0   0   0   1   0   0  -1   1   0   0   0   0   1    5   6   3   2   4   3   8   6   2   6  14   4   2   3   6   4   7   2   3  11  0.02 0.05
  191 T     0   2   2  -2  -1   1  -1   0   1  -3  -2  -1  -1  -2   0   3   1  -4  -3  -2    7  10  11   2   2   6   4   8   4   0   4   2   1   2   5  20   9   0   0   3  0.23 0.25
  192 L    -2   2   0  -2   1   0  -1  -1   4  -2  -1   0   0   0   1   1   0  -4   1  -1    3  11   4   1   3   4   3   4  11   1   5   7   3   3   6  13   5   0   6   6  0.18 0.20
  193 Q    -2   2   0   0  -1   3   1   1   2  -2  -2  -1   0  -3   1   1  -2  -4   0  -2    2  14   4   5   1  13   9  10   5   2   3   1   2   1   7   9   2   0   4   3  0.23 0.24
  194 Q     0   4  -2  -1  -1   5   1   1  -1  -4  -2  -1  -1  -2  -3  -2  -1  -5  -5  -2    7  20   1   3   1  28   9   9   1   1   4   2   1   2   1   3   3   0   0   3  0.57 0.44
  195 Q     1   3   1   0   3   5   0  -1  -1  -3  -3   0  -4  -6  -3   0  -2  -6  -5  -3   11  14   7   6   6  25   5   4   1   2   3   4   0   0   1   6   2   0   0   2  0.50 0.39
  196 H     0   1   0  -2   0  -1   0  -1   3  -3  -1   0  -2   1   2   2  -1   2  -1  -2    8   9   4   2   2   2   5   5   7   0   7   5   1   6  10  16   3   4   2   2  0.16 0.18
  197 E    -1   4  -2  -2   5   2  -2  -1   0  -2  -1  -2  -1  -2  -3  -2  -1   1   2  -2    4  24   2   2  14  11   2   6   3   2   6   2   1   1   2   2   4   2   8   3  0.48 0.35
  198 R    -2   6  -3  -4   2   1  -1  -2   3  -4  -1   1  -4  -5  -4  -3  -4   2  -4  -2    4  52   0   0   4   5   4   3   6   0   6   6   0   0   0   0   0   3   0   3  0.97 0.53
  199 L     0   1   0  -3   2   1  -1   0  -2   0   0  -2   1   3  -1  -1  -1  -3   1   0    7   8   4   0   5   7   3   7   0   7  10   0   4  18   3   4   4   0   4   5  0.13 0.17
  200 A     1   0  -1  -1   1   0  -2   2   1  -1  -1   0   1   0   1  -1   0  -3   0  -1   14   4   3   3   3   5   0  17   3   3   6   6   4   3   8   3   4   0   5   4  0.10 0.13
  201 Q    -1   3   0  -1   1   3  -2  -1   2  -4  -2   4  -3  -4  -1  -1  -1   1  -3  -4    3  19   5   3   4  16   0   4   5   0   3  23   0   0   3   5   3   2   0   0  0.48 0.36
  202 L     0   2  -1  -3   2   0  -2  -3   1   0   2   0   2   0   0  -1  -2  -3   0   0    7  14   4   0   5   5   0   1   5   6  20   4   8   4   4   5   0   0   4   6  0.13 0.17
  203 L    -1   2  -2  -1  -3   0   0  -1   1   0   1   1   2   0  -3  -1   0  -3   0   0    4  15   0   4   0   5   3   6   3   4  15  10   6   5   0   4   5   0   3   6  0.08 0.13
  204 L    -1   4  -1  -2  -4   1  -3  -4  -1  -2   1   2   4  -2  -1  -2  -1  -4  -2   0    4  25   2   3   0   6   0   1   2   1  13  15  12   2   3   2   2   0   1   5  0.42 0.35
  205 I    -1   1  -1  -2   2   0  -1   0   2   0   1   1   2   0  -2   0   0  -3  -2   0    4  10   2   2   5   3   3   7   6   4  18   8   6   3   2   6   6   0   0   6  0.07 0.12
  206 L    -2   1  -1  -1   1  -1  -1   2  -1  -1   2   1   2  -1  -1  -1  -1  -3   0  -1    1   8   2   4   3   3   3  19   2   2  22   8   5   2   3   4   3   0   3   3  0.14 0.19
  207 S    -1   2  -2   1  -4   0   0  -2   1  -2   0   0   2  -2   3   1   0  -4  -3  -1    4  13   0   9   0   4   7   3   3   2   8   4   7   1  14  14   4   0   0   4  0.23 0.26
  208 H    -1   3   0  -2  -1   2  -1   1   4  -1   0  -1   1  -2  -4   0   0   0  -1  -3    3  17   4   2   1  10   3  11  11   3  11   2   4   1   0   8   5   1   1   0  0.24 0.27
  209 I     0   0  -1   0  -2   1   0   0   2   0   0   0   1   0   1   0   0  -3  -1   0    6   6   0   6   0   6   6   6   6   6   6   6   6   6   6   6   6   0   0   6  0.04 0.08
  210 R    -1   3   0   1   1   1   0   0   2  -1  -2   0   0  -3   0   0  -1  -4  -3  -1    3  23   4   8   4   5   6   8   5   3   4   4   3   0   4   7   4   0   0   3  0.20 0.21
  211 H     0   1  -1   1   0   2   2   1   2  -2  -1  -1   1  -1   0   0  -1  -3  -1  -1    8   7   2   7   2  11  14   9   7   2   5   2   5   2   3   5   3   0   2   3  0.13 0.17
  212 M    -1   0  -1   1  -3   0   0   0   0   0   1   0   2  -1   0   0   0  -3   0   1    5   6   2   8   0   5   5   9   2   4  13   5   9   2   3   5   6   0   3  11  0.04 0.09
  213 S     0   4   0   1   0  -1  -1   0  -1  -2  -2   0  -3  -4  -1   1   0  -4  -2   1    7  24   4   8   2   2   4   6   1   2   4   3   0   0   3  11   6   0   1  10  0.21 0.24
  214 N    -1   2   2   0  -1   0   0   2   1  -3  -2   0  -1  -1  -1   1  -1  -4  -1  -1    5  12  11   5   1   4   6  17   3   1   5   3   2   3   2   9   4   0   2   5  0.15 0.16
  215 K    -1   2   0   1   0   0  -1   1   0  -1  -1   3   1  -3   1  -1  -1  -4  -2  -1    3  14   3   8   2   4   3  10   3   4   5  18   4   1   7   4   3   0   1   4  0.18 0.19
  216 G     1   2  -1   1  -2   0   0   2  -1  -1   0   0  -2  -2   0   0  -1  -4  -2   0   10  12   3   7   1   4   5  20   2   2   9   4   0   1   4   5   2   0   1   9  0.13 0.16
  217 M     0   0   0   0   2   1   0   0   2   0  -1   0   1  -2   1   0   0  -3   1   0    6   6   5   6   5   5   6   6   5   6   6   6   5   0   6   6   6   0   5   6  0.04 0.08
  218 E     0   0   1   0  -2   1   0   0   2   0   0   0   1   0  -2   0   0  -3  -1   0    6   6   6   6   0   6   6   6   6   6   6   6   6   6   0   6   6   0   0   6  0.04 0.07
  219 H    -1   0   0  -1   1   0  -1  -1   5  -1  -2  -1  -3   3   0   0   0   2   2  -1    4   6   4   4   3   4   3   6  14   3   4   3   0  14   4   6   5   3   8   3  0.25 0.23
  220 L    -1   1  -1  -2   4   0  -1   0   0  -1   1   1   0   1  -3   0  -1   2  -2   0    3  10   2   2  10   3   4   7   2   2  14   9   2   8   0   5   4   3   0   6  0.13 0.17
  221 Y     0   1  -1  -2   0   0  -1   0   1  -2   0  -1  -2   2  -1   0   0   1   3   0    6   8   2   2   2   4   2   9   3   2   9   4   0   8   2   7   7   1  13   7  0.10 0.15
  222 S    -1   3   1   0   1   2   0   0   1  -4  -3   0   0  -1  -1   2   0   0  -2  -3    3  15   7   5   3   9   4   9   4   0   2   6   3   2   2  17   4   1   1   1  0.25 0.26
  223 M    -1   1  -2  -2  -1   0  -2  -1  -1   1   0   0   5  -1   1  -1  -1  -4  -1   1    4   9   1   2   1   3   2   5   1   8  10   6  17   2   6   4   4   0   2  12  0.22 0.23
  224 K     0   3   0  -1  -1   0  -1  -1   2  -2  -2   3  -1   0   2   0  -1  -4   1  -2    7  15   5   4   1   4   2   4   6   1   4  17   1   3   9   5   3   0   5   3  0.22 0.22
  225 C     0   2   0  -2   2   1  -1  -2   1  -1   0   0   1  -2   1   0   1  -4  -1   0    7  13   3   2   5   6   3   3   3   2  10   5   4   1   8   6   9   0   2   6  0.10 0.14
  226 K    -1   2   0   2  -4   2   2  -1   1  -4  -2   2  -4  -5   0   0   0  -5  -4  -3    6   9   3  14   0   9  13   5   3   0   4  15   0   0   4   8   5   0   0   2  0.31 0.28
  227 N    -1   0   3  -1   0   0  -1   1   1  -2  -1   0   0  -3   2   1   0   1   0  -1    5   4  16   3   2   3   4  13   4   2   6   5   2   0   9  10   4   2   3   4  0.17 0.20
  228 V    -1   1   0  -1   0   0   0  -1   1   0  -1   0   0  -1   2   0   1  -3   0   0    4   7   4   3   3   3   7   5   5   5   6   6   3   3  10   7   8   0   4   5  0.06 0.08
  229 V    -1   0   0   0  -3   0   0  -1   2   0  -1   0   1   0   0   0   0   3   1   0    5   5   5   5   0   5   5   5   5   5   5   5   5   5   5   5   5   5   5   5  0.06 0.08
  230 P    -1   0  -1  -1   1   0   0  -2   3  -1  -1  -1   1   1   3   0  -1   3   1   0    4   5   4   4   3   5   5   4   6   3   6   4   4   5  12   8   4   3   4   6  0.14 0.14
  231 L     0   0   0   0  -2   1   0   0   1   0  -1   0   1   0   1   0   0  -2   1   0    6   6   5   6   0   5   6   6   5   6   6   6   5   5   6   6   6   0   5   6  0.03 0.06
  232 Y    -1  -1   0  -2   1  -1  -1  -1   3  -2  -1   0   0  -1   2   0   0   0   4  -1    6   3   5   2   3   3   4   6   7   2   6   5   3   2  11   7   6   1  14   4  0.18 0.19
  233 D    -1   0   0   1   0   0   1   0  -1   0  -1   0  -1  -2   3   1   0  -4  -2  -1    5   5   4   8   2   4   8   6   1   6   4   6   2   2  15  11   6   0   1   5  0.15 0.15
  234 L     0   0  -2  -3  -1   0  -1  -1  -1   0   2   0   1  -1   1   0  -1  -1  -1   1    7   6   1   0   1   3   4   4   2   5  25   7   3   2   7   7   3   1   1  10  0.12 0.15
  235 L     0  -1  -1  -2   0   1  -3  -1   2  -1   1   0   1   1   3   0   0  -4   0   0    6   4   3   2   2   6   1   5   5   3  16   5   3   7  14   6   5   0   2   5  0.14 0.16
  236 L    -1  -1   0  -1   0   2   0   0   0  -1   0  -1   0  -1   2   0   0   1  -1   0    5   4   4   3   2   9   4   8   3   4  10   3   3   2  11   7   7   2   2   6  0.07 0.10
  237 E     0   0   0   0   0   0   0   0   0   0   0   0   0   0   1   0   0  -2   0   0    6   4   3   3   3   4   8   9   3   6   7   7   4   4   7   7   6   0   4   6  0.03 0.03
  238 M     0   0   0   0   2   0   0  -1   1   0  -1   0   1   0   0   0   0  -2   1   0    5   5   5   5   5   5   5   5   5   5   5   5   5   5   5   5   5   0   5   5  0.03 0.05
  239 L     0   0   0   0   0   1   0  -1   1   0   0   0   0  -1   1   0   0  -3   0  -1    8   4   5   4   3   6   7   4   5   5  10   7   3   3   7   4   5   0   3   4  0.04 0.05
  240 S     0   0   0   0   0   0   0   0   1  -1  -1   0   0   0   2   1   0  -3   0   0    6   4   5   4   3   4   5   6   5   4   6   7   3   4   9  12   6   0   3   5  0.06 0.08
  241 L     0   0   0   0   2   0   0  -1   1   0  -1   0   1   0   0   0   0  -2   1   0    5   5   5   5   5   5   5   5   5   5   5   5   5   5   5   5   5   0   5   5  0.03 0.05
  242 A    -1   0   0  -2   2   0   0  -1   2   0  -1   0   1   1   0   0   0   3   1   0    5   5   5   0   5   5   5   5   5   5   5   5   5   5   5   5   5   5   5   5  0.07 0.11
  243 L     0   0   0  -1   1   0   0  -1   0   0   0   0   2  -2   1   1   1   1   0   0    7   4   4   4   3   3   5   4   3   5   9   5   7   0   7  11   8   3   3   6  0.05 0.09
  244 S    -1   0   0   0   2   0   0  -1   2   0  -1   0   2   1   0  -1   0   4   1  -1    5   5   5   5   5   5   5   5   5   5   5   5   5   5   5   5   5   5   5   5  0.09 0.08
  245 L     0   0   0  -2   2   0   0   0   2   0  -1   0   1   0   0   0   0  -2   1   0    6   6   5   0   5   5   6   6   5   6   6   6   5   5   6   6   6   0   5   6  0.04 0.08
  246 T     0   0   0   0   1   0   0  -1   1   0  -1   0   0  -1   2   1   1  -3   0  -1    8   5   5   4   3   3   5   4   3   5   5   4   3   3  10  13   9   0   3   4  0.07 0.09
  247 A     0   0   0   0  -3   0   0   0  -2   0  -1   0   1   1   0   0   0   3   1   0    6   6   5   6   0   5   6   6   0   6   6   6   5   5   6   6   6   5   5   6  0.06 0.08
  248 D     0   0   1   0  -3   1   0   0   2   0  -1   0   1  -2   1   0   0  -2   1   0    6   6   6   6   0   6   6   6   6   6   6   6   6   0   6   6   6   0   6   6  0.05 0.08
  249 Q    -1   1   0  -2  -5   5   2  -2   0  -2  -4   3  -2  -5  -1  -1   0  -5  -4  -2    4   7   3   2   0  29  12   2   2   2   1  20   1   0   3   3   5   0   0   2  0.59 0.40
  250 M    -2   2  -4  -5   0  -3  -4  -5  -4   2   2  -1   5   1   1  -2  -1  -4  -3   2    3  11   0   0   2   0   0   0   0  13  20   3  17   5   7   3   3   0   0  12  0.43 0.31
  251 V    -1  -4  -2  -3   0  -2  -4  -1  -4   3   3  -2   2  -3  -1   0  -3  -4  -4   3    5   0   2   1   2   1   0   4   0  20  30   3   4   0   3   6   0   0   0  18  0.42 0.30
  252 S     1  -1  -1  -1   0   1   1  -2   0  -2  -1  -1  -1  -1  -1   3   1  -4  -2  -1   12   2   2   2   2   6   8   2   2   1   8   2   2   2   2  31   7   0   1   4  0.25 0.27
  253 A     1   0  -1  -2   1   1   0  -3   2   0   0  -1   0  -2   1   1   0  -4  -1  -1   17   6   2   1   3   6   7   0   6   5  12   1   3   2   7  12   4   0   2   4  0.11 0.16
  254 L    -4  -2  -5  -1   1  -2  -5  -6   1   2   5  -5   1   0  -2  -2  -2   2  -4  -1    0   2   0   4   3   2   0   0   4  10  55   0   3   3   2   3   2   3   0   4  0.77 0.48
  255 L    -1  -1   0  -1  -3   1   0  -2  -1   1   2   0   3  -3   0   0   0  -4  -3   0    4   2   4   4   0   7   6   3   2   9  25   4   8   0   5   6   7   0   0   5  0.15 0.19
  256 D     0   0   1   0   2   1   0   0   2   0  -1   0   1  -3   1   0   0  -4  -2   0    6   6   6   6   6   6   6   6   6   6   6   6   6   0   6   6   6   0   0   6  0.06 0.10
  257 A     0  -2   1   0   2   1   0   0   2   0   0  -2   1   1  -2   0   0  -2   1   0    6   0   6   6   6   6   6   6   6   6   6   0   6   6   0   6   6   0   6   6  0.05 0.11
  258 E     0  -1   1   1  -3   1   1  -2   3  -2  -3   1  -2  -2   2  -1   1  -3   2   0    9   0   9   9   0   9   9   0   9   0   0   9   0   0   9   0   9   0   9   9  0.21 0.15
  259 P    -1  -2   1  -2  -2   1  -1   1  -1  -1   0  -1   2  -1   2   1   1  -2   2   0    0   0  10   0   0  10   0  10   0   0  10   0  10   0  10  10  10   0  10  10  0.14 0.13
  260 P    -1  -2  -2   3  -6  -1   3  -3   0  -6  -4  -2  -5  -6   6  -3  -2  -6   0  -4    5   2   2  14   0   3  23   2   2   0   1   1   0   0  38   0   2   0   3   1  1.02 0.54
  261 I    -1  -1   0  -1   2   0   0  -2   0   2  -1   1   2  -3   2  -1   0  -4  -3   1    4   2   5   3   4   3   7   3   3  14   4   9   8   0  11   4   7   0   0   8  0.15 0.18
  262 L    -2  -4  -5  -5  -4  -1  -3  -3  -5   3   4  -4   2  -1  -2  -1  -1  -4  -1   2    3   0   0   0   0   4   2   2   0  18  37   0   4   3   2   4   3   0   2  16  0.56 0.35
  263 Y     0  -2  -1  -1   3   0  -1  -4   1  -1   1  -3   0   1  -1  -1   0  -2   4   1    6   2   3   3   8   4   4   0   4   3  14   0   2   5   3   5   6   0  18   9  0.22 0.20
  264 S     3  -4  -3  -4   2  -1  -3  -2  -4  -1   1  -3   2  -1  -4   3   0  -4  -4   0   26   0   0   0   5   3   0   3   0   4  17   0   4   3   0  22   4   0   0   7  0.42 0.33
  265 E     0   0   0   0   2   0   0  -1   1   0  -1   0   1   0   0   0   0  -2   1   0    5   5   5   5   5   5   5   5   5   5   5   5   5   5   5   5   5   0   5   5  0.03 0.05
  266 Y    -2  -1   1  -2  -2   3   0  -2   3  -1  -3   0   2  -2   3   0  -1  -4   2  -2    3   3   8   2   1  13   7   2   8   4   2   7   6   1  15   6   3   0   8   3  0.32 0.31
  267 D    -3   0   2   5  -1  -1   1  -3  -1  -2  -2   0  -5  -5   1  -1  -1  -6  -2  -1    2   4  10  37   1   3   7   2   2   2   3   7   0   0   7   3   4   0   2   5  0.59 0.44
  268 P     0  -1   0   1  -1   0  -1  -2   2  -2  -1   0   2  -2   4   0   0  -4  -2  -1    6   4   4   7   1   3   4   2   5   2   7   7   6   2  21   7   6   0   1   4  0.25 0.24
  269 T    -1  -1   1   0   0  -1   0  -1   1  -4  -2   0   0  -2   2   3   2   1  -3  -2    4   2   6   4   2   2   5   5   4   0   3   4   2   2   8  29  11   2   0   2  0.30 0.32
  270 R     0   0   0  -1   1   0   0  -1   0   0   1   0   2  -2  -1   0   2  -3   0   0    6   5   5   3   4   4   4   6   3   6  12   4   7   0   3   5  15   0   3   6  0.06 0.12
  271 P    -1   0   1  -1  -4   0  -1  -2   1  -1  -1  -1   1  -5   5   0   0  -5  -4  -1    4   5   6   3   0   3   4   3   3   4   5   3   3   0  33   8   7   0   0   5  0.52 0.37
  272 F    -2  -2   1   4  -1  -1   2  -3  -1  -3  -2  -1  -1   3  -1   0  -2   0   1  -3    3   1   7  26   1   2  11   2   2   1   4   3   2  15   3   6   2   1   4   2  0.43 0.33
  273 S     0  -2   1   0  -3   1  -2   0   2   0   0  -2   2  -2   1   0   0   4   1   0    7   0   7   7   0   7   0   7   7   7   7   0   7   0   7   7   7   7   7   7  0.13 0.17
  274 E    -1  -1   0   2   0   0   3  -2   2  -4  -3   1  -4  -4   2   1  -1  -5  -2  -4    5   2   4  13   2   3  24   3   5   0   2   7   0   0  11  14   3   0   2   0  0.39 0.31
  275 A     1  -2   0  -2  -3   0  -1  -2   2   1   1  -2   0   0   0   0   0   0   0   0   18   1   4   1   0   4   3   3   8   7  19   1   1   4   4   5   5   1   2   8  0.09 0.15
  276 S     0   2   0  -1   2   0   0  -1   2  -1  -2   1  -2  -3  -1   1   0  -3   0   0    7  13   5   3   4   4   3   3   7   3   3  11   0   0   3  11   4   0   3   6  0.09 0.16
  277 M     0  -2   1  -2  -3  -2   0  -3   2   0   0   0   2   1   1   0   0   4   2   0    7   0   7   0   0   0   7   0   7   7   7   7   7   7   7   7   7   7   7   7  0.14 0.17
  278 M    -2  -3  -3  -2   0  -1  -3  -1  -4   0   3  -2   6  -1  -4  -3  -2  -4  -2   1    1   1   1   3   2   2   1   5   0   2  36   2  30   1   0   0   1   0   1  12  0.65 0.37
  279 G     0  -2   2  -1  -1   0  -1   0  -2  -1  -1  -2   4  -3  -3   1   3   4  -2  -1    7   1  11   3   1   4   1   8   0   2   4   1  14   0   0  11  21   6   0   2  0.25 0.21
  280 L     0  -1  -2  -2  -1  -1  -2  -2  -3   0   1   0   0  -3   2   2   4  -3  -3   0    5   2   0   0   1   2   0   1   0   4  13   5   1   0   9  17  32   0   0   6  0.28 0.20
  281 L    -2  -3  -3   0  -3   0  -3  -4   1   0   5  -3   1   0  -4  -3  -1  -3   0  -1    3   0   0   6   0   5   0   1   4   2  66   0   2   2   0   1   2   0   4   2  0.60 0.31
  282 T    -1  -2   3  -2   4  -2  -1  -2  -1  -1  -2  -2  -2  -1  -3   1   3   5   0   0    2   0  15   1  13   0   4   2   2   3   1   1   0   2   0  10  23  10   3   6  0.39 0.22
  283 N    -1   2   1   4  -3   0   1   0   0  -2  -2   1  -1  -3  -2   0  -1  -3  -3  -2    4  13   7  27   0   3   7   7   2   4   4  10   1   0   0   7   2   0   0   1  0.28 0.14
  284 L    -1   0  -3  -3   0  -2  -1  -4  -3   0   4  -2   2  -1   1  -2   0  -3  -2   0    4   6   0   1   2   0   4   1   0   3  55   1   4   2   6   1   8   0   0   2  0.41 0.23
  285 A     3  -2  -2  -2   1   0  -2   2  -2  -1  -1  -1   0  -1  -1   0  -1  -2   1  -1   36   1   0   1   4   7   1  18   0   5   6   1   2   2   3   3   2   0   7   3  0.19 0.12
  286 D    -2  -2   2   5  -3  -1   2   1   3  -3  -3  -1  -3  -2  -2  -1   0  -3   1  -3    1   1   9  40   0   0  11  12   8   1   1   1   0   0   1   1   5   0   7   1  0.52 0.19
  287 R    -1   5  -1  -2  -3   1   0  -3  -1  -3  -3   4   0  -3  -2  -1  -1   2  -2  -3    4  42   0   1   0   6   4   1   0   1   1  28   3   0   1   1   3   3   0   1  0.62 0.22
  288 E     0  -1  -1   1  -4   3   5  -2   1  -4  -3   1  -2  -4  -2   0  -2  -3  -3  -3    7   0   0   4   0  15  52   1   3   0   1   6   0   0   0   7   1   0   0   1  0.66 0.25
  289 L    -1  -2  -3  -3  -2  -2  -1  -3  -2   1   2  -1   2   1   0  -2  -1   6  -1   1    6   1   1   1   0   1   6   1   0   6  31   6   5   5   5   1   1  13   0  12  0.26 0.10
  290 V    -1  -3  -3  -3  -2  -2  -3  -3  -3   3   1  -2   0   2  -2  -2  -1  -2  -1   3    1   1   1   1   0   1   1   1   0  27  10   1   0   9   1   1   1   0   0  31  0.24 0.13
  291 H     0  -3   0  -3  -1  -1  -2   0   6  -1  -1  -2   0   1  -3   0   0   0   0   2    7   0   4   0   1   2   1   6  28   3   4   0   2   7   0   9   4   2   2  19  0.37 0.22
  292 M     0  -3   0  -4  -3  -1  -3  -4  -4   3   0  -3   7  -2  -4  -2   2  -4  -3   1    7   0   5   0   0   2   0   0   0  18   6   0  34   0   0   0  16   0   0  10  0.68 0.33
  293 I    -3  -5  -5  -5  -4  -5  -4  -6  -2   7  -1  -5  -1  -3  -5  -4  -2  -5  -4   3    0   0   0   0   0   0   1   0   1  77   2   0   0   0   0   0   1   0   0  15  1.47 0.48
  294 N     1   0   2  -2  -3  -1  -2   4  -1  -4  -4   1  -3  -4  -3   3   0  -4  -3  -3   10   4  12   1   0   2   1  32   1   0   0   8   0   0   0  24   4   0   0   1  0.51 0.24
  295 W    -5  -6  -7  -7   1  -5  -6  -6  -6  -6  -5  -6  -5  -1  -5  -6  -6  13  -2  -6    1   0   0   0   3   0   0   0   0   0   0   0   0   1   1   0   0  92   0   0  4.25 0.94
  296 A     6  -4  -4  -3  -3  -3  -3  -2  -4  -4  -4  -3  -3  -5  -3   0  -1  -5  -2  -2   87   0   0   1   0   0   0   0   0   0   0   0   0   0   1   4   2   0   1   2  1.39 0.52
  297 K    -4   0  -3  -4  -6  -1  -2  -4  -4  -5  -4   8  -4  -6  -2  -3  -4  -6  -5  -5    0   1   0   0   0   1   0   0   0   0   1  93   0   0   1   0   0   0   0   0  1.98 0.64
  298 R     0   1  -1  -3  -4   4  -1  -3   5  -4  -4   4  -3  -3  -3   1  -2  -4  -3  -3    7   6   2   0   0  26   1   1  16   0   1  28   0   1   0   9   1   0   0   1  0.71 0.33
  299 V    -3  -5  -5  -5  -3  -5  -5  -6  -5   6   2  -4   0  -1  -4  -4  -2  -4  -3   3    0   0   0   0   0   0   0   0   0  57  17   1   1   1   0   1   0   0   0  20  1.08 0.39
  300 P    -4  -5  -5  -4  -6  -4  -4  -4  -5  -6  -6  -4  -6  -7   9  -3  -4  -7  -6  -6    0   0   0   0   0   0   0   1   0   0   0   0   0   0  95   2   0   0   0   0  2.95 0.77
  301 G    -1  -4  -3   0  -3  -4  -2   7  -5  -6  -6  -4  -5  -6  -5  -3  -4  -5  -6  -6    4   0   0   6   0   0   2  86   0   0   0   0   0   0   0   0   0   0   0   0  1.81 0.55
  302 F    -5  -5  -6  -6  -5  -6  -6  -6  -4  -3   0  -6  -3   8  -6  -5  -5  -2   2  -1    0   0   0   0   0   0   0   0   0   0   9   0   0  80   0   0   0   0   5   4  2.06 0.60
  303 V    -1   1   1  -2   1  -1  -2  -2  -2   0  -1   0   0  -1  -1   2   2   1  -2   1    2  11   6   0   3   1   0   1   0   4   6   4   2   2   3  23  13   2   0  15  0.15 0.16
  304 D    -1  -2   3   3  -2   0   3  -1  -2  -3  -3   0  -3  -4  -2   2   0  -5  -4  -3    4   0  19  16   1   3  22   3   0   1   2   6   0   0   1  15   5   0   0   1  0.45 0.23
  305 L    -4  -4  -5  -5  -4  -4  -5  -5  -5   0   6  -4   1   0  -5  -4  -3  -4  -3  -2    0   0   0   0   0   0   0   0   0   2  84   0   1   3   0   0   0   0   0   0  1.25 0.47
  306 T    -1  -2  -1  -1  -1  -1  -2  -1   4  -4  -3  -2  -3  -4   1   5   2  -4  -2  -3    3   1   1   2   1   2   1   3  12   1   1   1   0   0   5  50  14   0   1   1  0.68 0.35
  307 L    -3  -4  -5  -5  -3  -4  -4  -5  -3   2   6   0   0  -2  -4  -4  -2  -4  -3   0    0   0   0   0   0   0   0   0   1   8  77   6   1   0   0   0   1   0   0   3  1.07 0.40
  308 H     0  -2   3   2  -2  -1  -1   0   3   0  -1  -2  -1  -2  -1   1   0  -3  -1   0    8   1  21  12   1   1   1   5   8   7   4   0   1   1   3  11   3   0   2  10  0.19 0.15
  309 D    -4  -4  -1   8  -5  -3  -1  -4  -3  -5  -5  -3  -5  -5  -4  -3  -4  -5   0  -3    0   0   2  82   0   0   1   1   0   0   1   0   0   0   0   0   0   0   3   2  1.80 0.59
  310 Q    -4  -2  -3  -3  -5   8   1  -4   2  -5  -5  -1  -3  -6  -4  -1  -3  -5  -4  -5    0   0   0   0   0  81   6   0   5   0   0   1   0   0   0   3   0   0   0   0  1.93 0.65
  311 V    -3  -4  -5  -5  -4  -4  -5  -5  -5   1  -1  -4   9  -3  -5  -4   0  -4  -4   4    1   0   0   0   0   0   0   0   0   7   0   0  58   0   0   0   5   0   0  25  1.55 0.56
  312 H    -1   2   2  -2  -3   1  -2  -2   6  -4  -3   0  -2  -3  -3   3   1  -4  -1  -3    4  15   9   0   0   5   0   1  23   0   2   4   1   0   0  23  10   0   1   1  0.53 0.28
  313 L    -3  -4  -5  -5  -4   0  -4  -4  -5  -1   6  -4   0  -2  -5  -4  -3  -4  -3   0    1   0   0   0   0   6   0   2   0   1  83   0   0   0   0   1   0   0   0   6  1.20 0.45
  314 L    -4  -4  -5  -5  -4  -4  -5  -6  -5   2   6  -1  -1  -2  -2  -4  -3  -4  -3  -1    0   0   0   0   0   0   0   0   0   8  82   5   0   0   2   1   0   0   0   0  1.22 0.46
  315 E    -4  -1  -3  -2  -6   7   4  -5  -1  -5  -5   0  -4  -5  -4  -3  -3  -4   1  -5    0   1   0   1   0  63  24   0   1   0   0   4   0   0   0   0   0   0   5   0  1.54 0.57
  316 C    -1  -3   0  -3   6  -3  -3  -2   1   0  -2  -1  -2  -1  -3   4   0   0   1  -2    2   0   5   0  18   0   0   1   4   5   2   3   0   3   0  41   5   2   6   2  0.58 0.32
  317 A     2  -3  -2  -3   4  -3  -3   1  -3  -3  -1  -3  -3  -4  -1   3   2  -4  -4  -1   17   0   0   0  12   0   0  12   0   0   6   0   0   0   3  31  14   0   0   5  0.47 0.27
  318 W    -6  -6  -7  -8   0  -6  -6  -6  -6  -6  -6  -1  -5  -3  -7  -6  -6  13  -2  -7    0   0   0   0   2   0   0   0   0   0   0   5   0   0   0   0   0  92   0   0  4.30 1.01
  319 L     1  -4  -4  -4  -2  -3  -4  -3  -4   1   3  -1   7   0  -2  -2  -2  -4  -3  -1   13   0   0   1   1   0   0   1   0   5  34   4  34   4   1   2   1   0   0   1  0.76 0.38
  320 E    -4  -3  -2   0  -6  -1   7  -2  -3  -1  -5   0  -4   0  -4  -1  -3  -5  -4  -5    0   0   1   3   0   0  75   4   0   4   0   4   0   6   0   3   1   0   0   0  1.37 0.55
  321 I    -1  -4  -5  -5  -3  -4  -4  -5  -5   5   2  -2   1  -2  -4  -3   0  -5  -3   4    5   0   0   0   0   0   0   0   0  40  14   3   2   0   0   0   5   0   0  29  0.78 0.34
  322 L    -4  -5  -3  -6   1  -4  -5  -6  -5   0   6  -5   5   0  -6  -5  -4  -4  -3  -1    0   0   1   0   3   0   0   0   0   4  74   0  14   3   0   0   0   0   0   1  1.29 0.49
  323 M    -2  -4  -2  -4   2  -3  -4  -4  -4   3   1  -4   5  -1  -4   1   1  -4  -3   2    2   0   2   0   4   0   0   0   0  19  13   0  21   2   0  11  11   0   0  16  0.51 0.30
  324 I    -3  -1  -5  -5   1  -4  -5  -6  -2   2   4  -4   1   4  -1  -4  -2  -3  -2   1    0   3   0   0   3   0   0   0   1  11  50   0   2  18   3   0   1   0   0   8  0.75 0.35
  325 G     0   0   2  -2  -2  -1  -2   5  -3  -5  -5  -3  -1  -5  -1   2   0  -5  -4  -4    6   5  12   2   1   2   1  46   0   0   0   0   2   0   3  17   5   0   0   0  0.72 0.34
  326 L    -3  -4  -5  -6  -1  -4  -5  -6  -5   3   5  -5   0   0  -5  -3  -1  -4  -3   3    0   1   0   0   1   0   0   0   0  14  54   0   1   2   0   2   3   0   0  21  0.86 0.37
  327 V     3  -4  -4  -4   2  -3  -4   1  -4   2  -2  -3   3  -3  -4  -1   0  -4  -3   3   29   0   0   0   5   0   0  11   0  12   0   0   8   1   0   4   5   0   0  25  0.47 0.30
  328 W    -5  -4  -4  -6  -3   1  -5  -6  -1  -5  -3  -5  -4   5  -6  -3  -5  10   6  -4    0   1   1   0   1   7   0   0   1   0   1   0   0  20   0   2   0  42  25   1  2.13 0.67
  329 R    -5   8  -4  -5  -7  -1  -4  -6  -2  -2  -3  -1  -5  -6  -6  -4  -5  -6  -5  -6    0  91   0   0   0   1   0   0   1   3   2   1   0   0   0   0   0   0   0   0  2.28 0.76
  330 S    -2  -4  -3  -4   1  -4  -4  -2  -4  -2  -5  -4  -5  -6  -4   7   0   0  -5  -5    0   0   0   0   2   0   0   3   0   3   0   0   0   0   0  87   3   1   0   0  1.65 0.70
  331 M    -2  -3  -4  -5   3   0  -4  -5  -2   2   3  -3   4   0  -3  -3  -1  -3   2   1    3   1   0   0   6   5   0   0   0  12  29   0  15   2   1   1   3   0   8  11  0.42 0.26
  332 E    -1  -2  -1   2  -2   2   1   0   3  -5  -5  -1  -4  -5   5   0   0  -5  -3  -4    3   1   2  10   1  10  10   6   7   0   0   3   0   0  34   5   5   0   0   0  0.68 0.32
  333 H    -2  -1   1  -2   4   1  -3  -3   5  -4  -1  -2  -1   1  -2   0   0  -3   5  -3    2   2   6   2  10   6   0   1  17   0   6   2   2   6   2   6   6   0  21   0  0.51 0.34
  334 P    -1  -1   2   0   2   0   1  -1  -1  -3  -2   0  -3  -3   5   1   0  -4  -4  -2    4   2  10   5   5   4   8   4   2   1   4   4   0   1  26   9   5   0   0   2  0.38 0.24
  335 G    -2  -2   1   3  -2  -2  -1   5  -1  -5  -4  -3  -4  -5   1   0  -3  -5  -2  -4    1   2   6  17   1   1   4  42   1   0   1   1   0   0   6   7   1   0   2   1  0.65 0.35
  336 K    -2   2  -1  -2  -4   0   3  -2   1  -4  -2   4   2  -3  -2   0  -1  -4   0  -2    2   9   2   1   0   2  19   2   4   0   2  30   8   1   2   5   3   0   3   2  0.42 0.30
  337 L    -4  -5  -5  -5  -4  -4  -5  -5  -1   1   6  -5  -1  -1  -5  -5  -4  -4  -4  -1    1   0   0   0   0   0   0   1   2   7  81   0   0   2   0   1   0   0   0   3  1.41 0.54
  338 L     0   0  -2  -3   3  -1  -2  -3  -1   2   0  -1   0  -1  -1  -1  -2  -1   2   3    6   7   2   0   8   3   1   1   2  15   6   4   2   1   3   5   0   1   8  26  0.25 0.19
  339 F    -5  -5  -5  -6  -5  -5  -5  -5  -4  -1  -1  -5  -3   8  -6  -5  -5   1   4  -2    1   0   0   0   0   0   0   1   0   3   4   0   0  72   0   1   0   2  12   2  2.04 0.66
  340 A     6  -4  -4  -4  -1  -3  -3  -2  -4  -4  -2  -3  -3  -1  -3   1  -1  -4  -4  -2   72   1   0   1   1   0   1   2   0   1   4   1   0   3   1  10   2   0   0   1  1.17 0.52
  341 P    -1  -2  -1   1  -1   2   3  -1  -1  -3  -2  -1  -3  -4   5   0  -1  -4  -3  -2    4   1   2   8   1   9  21   5   1   1   4   2   0   0  27   7   4   0   0   2  0.53 0.26
  342 N    -4  -4   4   7  -5  -3  -1  -3  -3  -5  -5  -3  -5  -5  -4  -1  -1  -5  -2  -4    1   1  18  64   0   0   1   2   0   1   1   1   0   0   1   3   3   0   1   1  1.55 0.57
  343 L    -3  -3  -4  -4   1  -3  -4  -4  -3  -1   4  -4   1   4  -4  -3  -1  -2   2   0    1   0   0   0   4   0   1   1   0   0  50   0   3  20   0   1   3   0   9   4  0.68 0.32
  344 L     0   1  -2  -3   2   0  -2  -2   0   2   0   0   0  -2  -1   0   0   2  -2   2    5   7   0   0   4   5   1   2   3  15   5   7   1   0   2   6   5   3   0  25  0.14 0.14
  345 L    -2  -3  -4  -4   2  -3  -3  -4  -3   2   4  -3   3   2  -3  -3  -2  -2  -2   1    1   1   1   1   6   1   1   1   0  14  44   1   9   8   1   1   1   0   0  10  0.52 0.23
  346 D    -1  -2   3   4  -3  -2   0   0  -2  -3  -2  -1  -3  -1   0   2   1  -4  -3  -3    3   0  18  27   0   0   3   6   0   0   5   3   0   3   3  17  10   0   0   0  0.40 0.23
  347 R     0   0   1   0  -3   1   0   0   2   0  -2   0   1  -3   1   0   0   4  -2   0    6   6   6   6   0   6   6   6   6   6   1   6   6   0   6   6   6   6   0   6  0.11 0.14
  348 N     0   1   2   3  -4   2   4  -2   0  -3  -3   0  -1  -4  -2   0  -2  -4  -4  -2    6   8   9  17   0   7  27   2   2   1   2   5   2   0   1   6   1   0   0   2  0.43 0.29
  349 Q    -2   2  -2   0  -5   5   3  -3   1  -3  -1  -1   1  -3  -4  -2  -2  -4  -1  -3    2  13   1   5   0  34  18   2   3   1   7   2   5   1   0   2   1   0   2   1  0.64 0.44
  350 G     3  -1  -2  -4   4  -3  -3   3  -4  -3  -2  -3   4  -4  -4   1  -3   2  -4  -1   30   4   2   0   8   0   1  20   0   0   2   0  14   0   0  12   0   3   0   3  0.58 0.41
  351 K    -1   4   0  -1  -1   1   0  -3  -1  -4  -3   4   2  -4  -3   0  -1  -4  -2  -2    5  28   4   2   1   6   5   1   1   0   1  24   5   0   0   7   3   0   1   3  0.51 0.34
  352 C     0   1   1   0   5   1   2  -1  -1  -3  -1   0  -1  -3  -1   0   0  -3  -3  -2   10   7   6   5  17   5  17   3   1   1   5   4   1   1   2   6   4   0   1   3  0.28 0.20
  353 V     2  -4  -4  -2   6  -3  -3  -4  -1   0   1  -3   1  -3  -4  -1  -1  -1   1   3   17   0   0   2  17   0   1   1   1   3  11   0   4   0   0   3   4   1   5  28  0.52 0.34
  354 E     0  -1   0  -1   0   1   2   0   1  -2  -2   1   0  -2   2   1   0  -2  -1  -2    6   3   5   2   3   7  16   6   4   1   2   7   4   1  11  13   4   0   3   2  0.18 0.13
  355 G     0  -2  -2  -3   3  -4  -4   6  -4  -3  -4  -4  -4  -1  -4   1  -2  -4   0  -2    7   2   2   1   6   0   0  58   0   1   1   0   0   3   0   9   2   0   4   3  0.98 0.49
  356 M    -1  -3  -3  -2   1  -1  -3  -4  -3   1   2  -3   4   3   1  -1  -1  -2   0   0    5   0   0   2   4   2   1   1   0   9  22   0  14  13   7   6   3   0   3   5  0.30 0.23
  357 V     0   0  -1  -1  -2   0   1   0   0   0   0   0   1   0  -1   0   0   0   1   0    7   4   2   2   0   4   9   6   2   3  12   5   6   3   3   7   7   1   8   8  0.03 0.06
  358 E    -2  -3  -1   4  -5   0   5  -1   0  -2  -3  -2  -4  -5   0  -1  -2  -5  -4  -4    2   0   3  25   0   3  43   5   2   2   2   0   0   0   5   4   2   0   0   0  0.83 0.47
  359 I    -3  -1  -1  -4  -3   0  -3  -5   0   3   3  -1   1   1  -1  -3  -3  -3   0   1    0   2   3   0   0   5   0   0   2  21  37   5   2   5   3   0   0   0   3   9  0.43 0.29
  360 F    -3  -4   1   1   6  -4  -4  -1   3  -4  -2  -4   0   5  -5  -2  -4   1   5  -4    1   0   6   9  15   0   0   5   6   0   2   0   3  24   0   3   0   2  23   0  0.93 0.49
  361 D     1  -1   1   3  -2   1   1  -1   0  -2   0   0  -1  -2  -3   0   0  -3  -1   0   12   3   7  18   1   7  12   4   2   2   9   3   1   2   0   6   5   0   2   6  0.14 0.14
  362 M     1   0   0  -3   0   2  -1  -1   4  -1   0  -1   3  -2  -2  -1   0  -3   0  -1   16   4   3   0   2  11   2   5  12   2   7   3  12   1   1   4   7   0   2   5  0.21 0.23
  363 L    -1  -4  -3  -5   5  -4  -2  -5  -4   2   3  -4   5  -1  -4  -2   0  -4  -3   1    4   0   2   0  13   0   2   0   0  13  29   0  16   2   0   2   5   0   0   9  0.67 0.39
  364 L    -1   3  -2  -4   2  -1  -2  -3  -1   0   3  -1   2  -1  -4  -1  -2   3  -3   0    4  18   1   0   5   2   3   1   1   6  35   3   5   2   0   3   2   5   0   5  0.37 0.28
  365 A     2   1  -1  -3  -2   5  -1  -3   4  -4  -2   3  -2  -2  -2  -1  -1  -5  -2  -3   16   5   2   0   1  28   2   2  10   0   5  15   1   2   1   3   3   0   1   2  0.58 0.41
  366 T    -1  -4  -3  -4  -3  -4  -4  -3   0   3   4  -4   1  -1  -4  -2   1  -4  -3   1    6   0   1   0   0   0   0   1   3  18  42   0   3   2   0   3   8   0   0  11  0.56 0.34
  367 S     1  -3  -3  -2   2  -2  -3  -2   0   1  -1  -3  -1  -3   0   1   2  -4  -3   3   14   0   0   2   4   2   0   2   3   5   3   0   1   0   4  13  13   0   0  30  0.33 0.28
  368 S    -1   2   0   0  -2   3   2  -1   0  -3  -3   2  -3  -4  -3   2   1  -4  -3  -3    4  13   3   5   1  14  15   3   1   1   2  10   0   0   0  19   7   0   0   1  0.35 0.26
  369 R    -2   6  -2  -3  -5   0   2  -4   0  -5  -4   4  -4  -5  -3  -2  -3  -5  -4  -5    3  49   1   0   0   3  12   1   2   0   1  24   0   0   1   1   0   0   0   0  1.16 0.54
  370 F    -4  -4  -5  -5  -4  -3  -4  -5  -3   0   3  -4   2   6  -5  -2  -3  -2   5   0    1   0   0   0   0   1   0   1   0   5  26   0   5  31   0   3   0   0  20   5  0.93 0.44
  371 R    -1   4  -1  -1   0   2   1  -3  -2  -2  -3   2  -1  -3  -3  -1   0  -4  -2   1    4  28   1   4   2  11  10   1   1   2   1  11   1   1   0   3   7   0   1  10  0.39 0.28
  372 M     0   3   1   0  -2   2   2  -2   1  -2  -2   1   2  -3  -3   1  -1  -4  -2  -2    9  17   8   3   1   9  12   2   3   2   4  10   6   0   0   9   3   0   1   3  0.23 0.19
  373 M    -3  -4  -3  -5   1  -4  -4  -5  -1   1   5  -4   5  -1  -4  -3  -2  -3   2   0    2   0   1   0   2   0   1   1   1   5  56   0  13   1   0   1   2   0   7   4  0.87 0.44
  374 N    -2   2   3  -2   0   3  -1   1   0  -4  -3   3  -3  -4  -3   1  -2  -2  -3  -3    2  10  14   0   2  14   2  11   3   0   2  22   0   0   0  13   1   1   0   1  0.43 0.30
  375 L    -1  -2  -4  -5  -3  -4  -4  -3  -4   3   4  -4   2  -1  -1  -4  -3  -4  -2   4    5   2   0   0   0   0   1   2   0  13  38   0   4   1   3   1   0   0   1  27  0.63 0.34
  376 Q    -1   1   0   0   0   3   1  -3   0  -3  -1   0  -1  -3  -3   2   2  -1  -3  -2    5   6   4   4   2  14  11   1   2   1   6   6   2   1   0  17  17   1   0   1  0.25 0.22
  377 G    -3   4  -1  -3  -3   1  -1   0   3  -4  -3   5  -1  -3   0  -1  -2  -4   1  -4    1  22   2   1   1   6   2   6   8   0   2  34   2   1   5   3   1   0   4   1  0.63 0.37
  378 E    -3  -1  -2   2  -6  -1   7  -4  -3  -5  -5  -1  -5  -5  -4  -3  -4  -5  -5  -5    1   3   1  10   0   2  74   1   0   0   1   3   0   0   0   1   0   0   0   1  1.63 0.70
  379 E    -4  -1  -1  -2  -6  -2   7  -5  -3  -5  -5  -2  -5  -5  -4  -3  -4  -5  -5  -5    1   3   3   0   0   0  87   1   0   0   1   1   0   0   0   1   1   0   0   1  2.00 0.77
  380 F    -2  -4  -5  -5   0  -4  -5  -5  -1  -2   0  -5  -3   6  -5  -3  -4  -2   7  -2    4   0   0   0   2   0   0   1   1   1   7   0   0  35   0   2   0   0  41   2  1.45 0.58
  381 V    -1  -4  -4  -4  -1  -4  -4  -2  -4   1   3  -4   0   1  -4  -3  -3  -3   3   4    4   0   0   0   1   0   1   3   0   5  29   0   2   4   0   1   0   0  10  38  0.61 0.34
  382 C    -2  -4  -4  -5   8  -4  -4  -3  -4   0   3  -4   0  -2  -4  -3   2  -4  -3   0    3   0   0   0  34   0   1   3   0   4  29   0   2   1   0   1  14   0   1   5  1.00 0.45
  383 L    -4  -1  -5  -5  -4  -4  -5  -5  -4   0   5  -4   6  -2  -5  -4  -3   2  -3  -1    1   3   0   0   0   0   0   1   0   4  62   0  18   0   0   0   0   3   0   3  1.12 0.50
  384 K    -2  -1  -3  -4  -5   1  -1  -4  -3  -4  -5   7  -1  -5  -4  -3  -4  -5   0  -5    3   1   0   0   0   4   3   1   0   1   1  77   1   0   0   0   0   0   3   0  1.54 0.65
  385 S     6  -4  -4  -4   1  -3  -3   0  -4  -3  -4  -3  -3  -4  -3   1  -1  -5  -4   1   65   0   0   0   2   0   0   7   0   0   1   0   0   0   0   8   3   0   0   8  0.97 0.49
  386 I    -3  -4  -4  -5  -3  -4  -4  -1  -4   3   4  -4   5   0  -4  -4  -1  -4  -3   0    0   0   0   0   0   0   0   5   0  21  43   0  16   3   0   0   5   0   0   2  0.75 0.39
  387 I     3  -4  -4  -4  -3  -3  -4  -3  -4   4   1  -3   0   0  -1  -2  -1  -4  -3   3   25   0   0   0   0   0   0   0   0  25  13   0   1   3   3   1   4   0   0  20  0.45 0.29
  388 L    -4  -1  -5  -5  -4  -4  -2  -5  -5  -1   6  -4  -1  -2   0  -4  -4  -4  -4  -2    0   3   0   0   0   0   3   0   0   1  80   0   0   0   6   0   0   0   0   0  1.20 0.54
  389 L     2  -1  -3  -4   1  -3  -3  -3  -3   0   3  -1   1   0  -3  -1   0  -3  -2   1   23   2   0   0   3   0   0   1   0   4  32   4   3   4   1   2   6   0   0   9  0.25 0.21
  390 N    -4  -1   7   0  -5  -3  -3  -3   1  -2  -2  -3  -4  -5  -4   1  -3  -5  -4  -4    1   3  67   3   0   0   0   1   3   3   4   0   0   0   0  12   0   0   0   0  1.41 0.57
  391 S     1  -3  -2  -2   1  -2  -1  -1  -3  -1  -2  -2  -3  -3   3   4   2  -4  -3  -1   10   1   0   1   4   0   3   3   0   3   4   1   0   0  13  40  11   0   1   5  0.48 0.30
  392 G    -2  -1   1   5  -4  -2   1   3  -2  -1  -4  -1  -3  -4  -3  -1  -2  -4  -3   0    1   3   6  38   0   0   7  21   0   4   1   4   1   0   1   4   1   0   1   8  0.57 0.29
  393 V     1  -2  -2  -3   0  -2  -2  -3  -2   1   0  -2   3  -2   2   1   0  -3  -2   3   13   1   1   1   2   1   1   1   1   6   6   2   9   1  11  12   4   0   0  26  0.28 0.20
  394 Y    -1   1  -1  -1   3  -1  -2  -2   1  -1   0   0   1   2  -1  -1  -1  -1   4   0    3  10   2   4   8   1   1   2   3   2  11   8   6   7   2   2   3   0  17   8  0.18 0.14
  395 T     0  -1  -1   0  -1  -1   0  -2   0  -1   0  -1  -1  -1   2   1   3  -2   0  -1    7   2   2   6   1   1   5   2   2   3  13   2   1   1  11  10  22   0   4   4  0.16 0.11
  396 F    -1  -2  -1   1  -1  -1   0   1  -1  -1   0  -2  -1   4  -2   0  -1   0   0   0    3   2   2  11   1   1   5  13   1   2  12   2   1  22   2   8   3   1   2   6  0.14 0.10
  397 L     0  -1   0   1   1  -1   0  -1  -1  -1   2  -1   0  -1  -1   1   0  -2  -1  -1    9   2   3  10   4   2   7   3   1   2  26   2   2   1   3  15   3   0   1   3  0.09 0.08
  398 S     0   0   1  -1   2   0  -1  -1   0  -1  -1   0  -1  -1   1   2   1   0   0  -1    5   4   6   2   4   3   2   5   3   4   4   5   1   3   7  23  10   1   3   4  0.11 0.08
  399 S     1  -1   0  -1  -1   1   1   0   0  -2  -2  -1   0  -2  -1   3   0  -2  -1  -1   10   2   3   3   1   7   8   7   2   2   4   2   3   2   2  33   3   0   1   4  0.22 0.14
  400 T     0  -1  -1   1   0   1  -1   0  -1  -2  -1  -1  -1  -2   1   1   3  -2  -1  -1    8   2   2   8   2   7   3   5   1   2   5   2   1   1   6  13  28   0   2   3  0.22 0.14
  401 L     1  -1  -1  -2  -1   0  -1  -1  -1   0   2  -1   1  -1  -1   1   0  -2  -1   1   13   2   3   2   1   5   3   4   1   2  26   2   4   1   3  10   5   0   1  12  0.10 0.09
  402 K    -1   2  -1  -1  -3   1   4  -2  -1  -2  -2   3  -1  -3  -2  -1  -2  -3  -2  -1    3   9   2   3   1   5  30   3   1   2   3  23   2   1   2   4   2   0   1   6  0.41 0.21
  403 S     0   0   0  -1  -2   1   1   0   4  -3  -3   1  -2   1   0   2  -1  -3  -1  -2    8   5   4   3   1   6  12   7  12   1   2   8   1   6   5  18   2   0   1   1  0.20 0.15
  404 L    -3  -3  -3  -1  -3  -2   0  -4  -2   2   4  -3   0   1  -1  -3  -2  -3  -2   0    1   1   1   5   0   2   6   1   1  14  51   1   1   5   4   1   1   0   1   6  0.56 0.32
  405 E    -2   1  -2   0  -4   2   6  -3   2  -4  -4   1  -2  -4  -3   0  -1  -4  -4  -4    3   6   1   5   0   7  50   2   4   1   2   7   1   0   1   6   3   0   0   1  0.81 0.41
  406 E    -2  -3   2   4  -3  -1   3  -2  -1  -3  -3  -2   1  -4  -3   4  -2  -4  -4  -3    2   1   8  24   0   1  18   2   1   2   2   1   4   0   1  30   1   0   0   1  0.64 0.38
  407 K     0   4  -1  -2  -1   2  -1  -2  -1  -2  -2   2   0  -1   1   1   0  -4  -1  -1    6  25   2   1   1   8   1   3   1   2   2  14   3   2   6  10   4   0   3   5  0.28 0.22
  408 D     0   0   0   2  -3   1   1  -2   0  -3  -2   1   0  -1  -2   2   0  -4  -2   0    8   6   4  11   0   7   8   2   2   0   2   9   3   3   2  15   5   0   1   6  0.12 0.20
  409 H     2  -1  -1  -2   1   0  -1  -1   1  -2  -1   2   0  -1  -1   1   0  -3  -1  -1   16   2   3   1   3   4   4   4   4   1   7  17   3   3   2  10   5   0   2   4  0.08 0.18
  410 I    -2  -2  -4  -5  -1  -4  -4  -5  -4   3   2  -2   0   2  -2  -3  -1  -4   2   3    2   3   0   0   1   0   0   1   0  15  22   3   1   8   2   2   3   0   7  24  0.43 0.35
  411 H    -3   0  -2   1   0   5   0  -4   5   1   1  -2  -1  -2  -3  -3  -3  -1   0  -3    2   5   1   7   2  25   4   1  12   7  13   2   2   2   1   1   1   1   2   1  0.43 0.42
  412 R    -1   4   1  -1   2   1   1  -3   2  -3  -3   3  -1  -3  -4  -1  -2  -4  -2  -4    5  25   6   3   5   7   8   2   5   2   3  15   1   1   0   3   1   0   2   1  0.38 0.35
  413 V    -3  -3  -5  -5  -5  -3   0  -3  -1   3   3  -5   4   2  -2  -3  -4   0  -4   1    2   1   0   0   0   1   7   2   1  16  33   0  11   7   3   2   0   1   0   7  0.54 0.44
  414 L    -4   4  -3  -5  -5   2  -2  -6  -1  -1   4  -1   0   0  -2  -3  -4   0  -4  -2    0  23   1   0   0  10   2   0   2   3  43   3   2   4   2   2   0   1   0   2  0.72 0.50
  415 D    -2  -3   3   6  -6   0   1  -2  -4  -2  -4  -4   2  -6  -3  -1  -1  -6  -3  -2    3   1  13  47   0   3   8   3   0   2   2   0   5   0   1   3   4   0   1   3  0.97 0.58
  416 K     2   0   0   0  -1  -1  -1  -1  -2  -2  -2   2  -1  -4  -1   2   1  -5  -4   0   18   4   5   4   1   1   2   3   1   1   3  17   2   0   3  17   9   0   0   7  0.25 0.27
  417 I    -1  -1  -4  -4  -1  -4  -4  -4  -1   4   3  -4   1  -1  -3  -2  -2  -3   3   3    4   4   0   0   1   0   1   1   1  25  24   1   3   2   1   3   2   0   9  18  0.52 0.34
  418 T    -3  -1  -1  -3  -4   1  -2  -3   5   2   0  -3  -1  -3  -1  -1   4  -4  -2   0    1   3   3   0   0   5   2   1  18  13  11   1   1   0   2   4  27   0   1   6  0.50 0.39
  419 D    -2  -2   1   5  -4   0   2  -2  -1  -3  -3   1   0  -4  -3   0  -1  -4   0  -3    3   2   6  39   0   3  15   2   1   1   2   7   2   0   0   8   3   0   4   1  0.64 0.39
  420 T     5  -3  -3  -3   2  -3   1  -1  -3  -3  -1  -3  -3  -1  -3   1   2  -4  -1  -1   46   1   0   1   4   0   9   4   0   1   5   1   0   3   1   8  11   0   2   4  0.56 0.41
  421 L    -1  -5  -5  -6  -4  -5  -5  -5  -5   0   6  -5   1  -1  -5  -2  -2  -4   1   0    5   0   0   0   0   0   0   0   0   5  69   0   2   2   0   4   2   0   4   5  1.08 0.56
  422 I    -1   0  -3  -2  -3   2  -1   0  -1   3   1  -2   1  -2  -3   0  -1  -2  -1   2    4   6   0   2   0  11   2   8   2  19  11   1   3   1   0   8   3   1   2  18  0.19 0.21
  423 H    -2   1  -2   3  -5  -1   2  -1   5  -2  -3   1  -2  -3  -3  -1  -3   6   1  -2    3   6   1  16   0   2  13   5  15   2   2   8   1   1   1   5   1  12   4   2  0.54 0.36
  424 L     2  -4  -2  -4   4  -2  -1  -3   2  -1   1  -3  -1   0  -4  -1   0  -3   4   1   19   0   2   0  10   1   4   2   5   3  17   0   1   3   0   4   4   0  16   9  0.36 0.31
  425 M     0   2  -3  -2  -1  -2   2  -4  -4   4  -1  -1   2  -2  -3   0  -2  -5  -4   1    6  13   1   1   1   1  13   1   0  30   4   2   4   1   1   8   1   0   0  10  0.39 0.33
  426 A     3  -2  -2  -3  -1   1   0   1   0  -2  -2  -1  -3  -3   1   3  -1  -3  -4   0   27   2   1   0   1   6   5   9   2   2   2   2   0   1   8  22   2   0   0   7  0.33 0.30
  427 K    -2   2   1  -2  -2   1  -2  -2   2  -2  -3   4  -1  -4  -2   1   0  -4  -1  -1    3   9   8   1   1   7   1   3   5   3   3  31   1   0   2  10   6   0   3   4  0.39 0.30
  428 A     0   2   0  -2  -1   1  -2   1   1  -2  -2  -1   1  -1  -2   3   1  -3  -1  -3    8  13   4   1   1   7   1  10   4   1   4   2   3   2   1  23   9   0   2   1  0.24 0.23
  429 G     1  -1  -1  -1   0  -1   0   4   2  -1  -2  -2  -2  -3  -1  -1  -1  -3  -2   0   12   4   2   3   2   2   8  31   6   4   4   1   1   1   3   3   4   0   1   8  0.28 0.21
  430 L     0  -2  -2  -2   1   0   1  -1  -2   1   2  -1   0   0   0  -1   0  -1  -1   2    7   2   2   1   4   4  11   6   1   7  22   2   1   4   4   2   5   1   1  15  0.09 0.12
  431 T     0   2   2  -2  -2   1  -1  -1   0  -4  -2  -1  -3  -2   1   3   1  -4  -3  -3    7  12  12   1   1   6   3   4   2   0   4   2   0   2   6  28   9   0   0   1  0.37 0.32
  432 L     0   0  -1  -2  -1   0  -1  -1   4  -2  -1  -1  -1   1   1   2   1  -3   0   0    6   6   3   2   1   5   3   3  13   2   7   2   1   5   7  19   8   0   3   6  0.18 0.21
  433 Q    -1   2   0  -2  -4   4  -2   1   1  -3  -2  -2   0  -3   2   2  -2  -4  -1  -3    4  10   4   2   0  22   1   9   4   1   5   0   2   1  12  17   2   0   2   2  0.41 0.36
  434 Q    -1  -2   0  -1  -5   7   2   1   0  -5  -1  -3  -2  -2  -4  -2  -1  -5  -4  -4    5   2   3   3   0  46  11  10   2   0   6   1   1   2   1   2   4   0   0   1  0.89 0.59
  435 Q     1   1   3   2  -5   5   1  -2   0  -2  -1  -2  -3  -5  -3  -1  -2  -5  -3  -3   11   6  12  10   0  29   9   2   2   2   6   1   0   0   1   3   2   0   1   1  0.54 0.41
  436 H    -1  -2  -1  -3   0   0  -2  -3   3  -2   0  -2  -1   1   3   2   0   5   0  -1    5   2   3   1   2   3   2   1   7   1  10   1   1   6  15  17   7   9   3   3  0.34 0.27
  437 E    -1   3  -1  -3   1   1  -1  -2   1   0   2  -1   1  -2  -1  -1  -1   2   1  -1    5  20   3   0   3   5   3   3   4   5  20   3   3   0   3   5   4   3   6   3  0.16 0.19
  438 R    -1   6   0  -1   2   2   0  -1   3  -5  -2  -2  -4  -5  -1  -1  -4  -5  -4  -2    4  45   4   4   4   7   5   4   6   0   4   0   0   0   4   4   0   0   0   4  0.77 0.48
  439 L     0  -2  -1  -2   1   0  -2  -4  -3   0   3  -2   2   1  -1  -1   1  -3  -2   0    9   2   4   2   3   4   2   0   0   5  35   2   5   5   3   3  11   0   0   6  0.24 0.23
  440 A     2  -1  -1  -1   0   2  -2   3  -3  -3   0  -2  -2  -1   0   0   0  -3   1  -2   20   3   2   3   2  13   0  21   0   0  10   0   0   3   5   5   5   0   5   2  0.24 0.26
  441 Q    -2   2   3  -1   1   3  -1  -3   3  -3  -1   3  -2  -4  -1   0  -1  -4  -3  -3    2   9  15   2   3  17   0   1   9   0   9  18   0   0   2   8   4   0   0   0  0.38 0.30
  442 L    -3  -3  -4  -4   0  -3  -4  -4  -4   2   5  -3   3   0  -4  -3  -1  -3  -2   0    1   1   1   1   2   1   1   1   0  10  60   1   8   3   1   1   3   0   0   4  0.77 0.35
  443 L    -3  -1  -3  -4  -3  -3  -3  -4  -3   1   5  -1   2   1  -3  -3   1  -3  -1  -1    1   3   1   1   0   1   1   1   0   5  57   3   4   7   1   1  10   0   2   2  0.60 0.31
  444 L    -1  -3  -3  -1  -3   0  -3  -4  -3   0   4   0   5   0  -3  -2  -2  -3  -2  -1    5   1   0   5   0   6   1   1   0   2  46   5  19   4   1   2   2   0   0   1  0.53 0.29
  445 I    -1  -3  -3  -3   6  -2  -3  -3  -3   1   3  -3   0  -2  -3   0   2  -3  -3   1    2   0   0   1  19   1   1   1   0   7  32   1   2   0   0   7  17   0   0   8  0.51 0.26
  446 L    -3  -4  -4  -1  -3  -3  -4  -4  -4   0   5  -4   2  -1  -2  -4  -3  -3  -3   0    1   1   0   4   0   0   1   1   0   2  74   1   4   2   2   1   1   0   0   5  0.94 0.38
  447 S    -1  -4  -1   2  -4  -3  -3  -2  -4  -2  -4  -3   1  -5   6   2   0  -5  -4  -4    5   0   2  11   0   0   0   2   0   2   0   0   4   0  47  21   4   0   0   0  1.08 0.42
  448 H     0  -1  -1  -2  -2  -2  -2  -2   6  -1   2  -3  -1  -2  -2   2  -1  -3   0  -1    7   2   2   1   1   1   1   1  27   2  24   0   1   1   1  18   1   0   3   5  0.44 0.29
  449 I    -3  -4  -5  -5  -3  -4  -4  -5  -4   4   4  -4   3   1  -4  -4  -2  -3  -2   2    0   0   0   0   0   0   0   0   0  22  51   0   6   6   0   0   1   0   0  11  0.81 0.34
  450 R    -2   7  -2  -4   1   1  -3  -5   2  -3  -1   1  -2  -5  -3  -3  -2  -5  -4  -4    3  65   1   0   3   6   0   0   6   2   6   4   1   0   1   1   2   0   0   0  1.23 0.51
  451 H    -2  -2  -1  -2  -5   6   2  -4   7  -5  -2  -2  -3  -1  -3  -2  -3  -4  -1  -4    2   0   2   2   0  47  10   0  25   0   4   0   0   3   1   2   1   0   1   0  1.17 0.52
  452 M     3  -3  -3  -2  -2  -1  -1  -1  -3   1   1  -2   3  -2  -3  -1   2  -4  -3   1   28   0   0   2   0   3   3   4   0   9  12   0  12   1   0   1  13   0   0  11  0.27 0.22
  453 S     1  -1  -1   4  -3  -2  -1   1   0  -2  -3   0  -3  -4  -3   2   0  -4  -3   0   14   3   1  26   0   0   0   9   2   1   1   5   0   0   0  22   4   0   0  10  0.33 0.23
  454 N     0   0   3   0  -2   1   0   1   1  -1  -1  -1  -1  -1  -2   0   0  -3  -1   0   10   6  21   2   0   7   5  13   3   2   5   2   2   3   1   3   6   0   2   7  0.14 0.13
  455 K     0   2  -2  -3  -2  -1  -1  -1  -2   1   0   4  -1  -3  -3  -2   0  -4  -1   0    6  12   1   0   1   2   2   6   1  12   8  32   1   0   0   1   5   0   2   8  0.26 0.21
  456 G     2  -3  -2  -3  -3  -3  -2   3  -3   0   2  -2   0  -3  -3  -2  -1  -4  -2   2   19   0   1   0   0   0   2  27   0   4  20   1   3   0   0   1   2   0   1  17  0.35 0.23
  457 M     0   4  -3  -4  -3  -1  -3  -4   2   1   1   1   4  -2  -3  -3  -2  -4  -2   2    6  27   0   0   0   1   0   0   5   7  13   6  16   0   0   0   0   0   1  14  0.43 0.28
  458 E    -1   4   1   1  -4   4   3  -3   0  -4  -3   1  -3  -4  -3  -1  -1  -4  -3  -3    6  21   6   7   0  26  17   0   2   0   2   5   0   0   0   4   2   0   0   1  0.57 0.31
  459 H    -3  -4  -2  -4  -1  -3  -4  -5   8  -3  -3  -3  -3   6  -5  -4  -3   3   3  -4    2   0   1   1   1   1   0   0  34   1   1   1   0  40   0   0   2   3  10   1  1.46 0.57
  460 L    -4  -5  -3  -6  -1  -5  -5  -5  -5  -1   3  -5  -1   5  -5  -4   0  10  -1  -3    0   0   1   0   2   0   0   0   0   2  26   0   1  23   0   0   8  35   0   0  1.55 0.56
  461 Y    -2   0   0  -3   1   0  -3  -4   2  -3   0  -2  -2   3  -4   1   0   0   6  -2    2   5   5   1   3   4   0   0   4   0  10   2   1  12   0  13   5   1  30   1  0.51 0.32
  462 S     0   0   3   1   3   0  -1   1   0  -3  -3  -1  -2  -4  -2   3   1  -2  -3  -3    6   7  15   8   6   3   1  10   2   0   2   2   1   0   1  26   7   1   1   0  0.31 0.23
  463 M    -3  -5  -5  -6  -3  -4  -5  -6  -5   3   2  -4   6   0  -5  -4  -2  -4  -3   4    1   0   0   0   0   0   0   0   0  18  20   0  23   4   0   0   2   0   0  31  0.93 0.43
  464 K    -2   3  -1  -3  -3   0  -2  -4   5  -4  -3   5  -2   0  -4  -1  -2  -4   1  -1    2  12   2   0   1   2   0   0  16   0   2  47   1   3   0   3   1   0   5   4  0.82 0.41
  465 C    -1   4   1  -3   4   2  -1  -3   1  -2   0   1   2  -3  -3  -1   0  -4  -3  -1    3  25   9   0  11   8   2   0   4   1  10   7   6   0   0   4   5   0   0   3  0.34 0.24
  466 K    -2   0  -1   3  -5   2   3  -2  -1  -4  -3   4  -3  -5  -3   0  -1  -5  -4  -4    2   4   1  20   0  11  21   2   1   1   2  26   0   0   0   6   4   0   0   0  0.59 0.32
  467 N    -2   0   4  -1  -5  -1  -1   5   0  -5  -5   0  -4  -5  -4  -1  -3  -5  -3  -4    2   6  20   2   0   2   3  52   2   0   1   5   0   0   0   3   0   0   1   1  0.92 0.40
  468 V    -1   3   0  -3   2  -1  -1  -2  -1  -1   0   3   2  -3  -3   0   0  -4  -3   1    3  18   4   0   6   1   2   2   1   2   7  23   8   0   0   5   6   0   0  13  0.27 0.21
  469 V    -2  -4  -5  -5  -3  -4  -4  -4  -5   2   0  -4   1  -1  -4  -4  -2  -4  -3   6    3   0   0   0   0   0   0   1   0  11   4   0   3   3   0   0   2   0   0  71  1.15 0.48
  470 P    -2  -3  -3  -4  -5  -1  -2  -3  -4  -3  -2  -3  -1  -5   7   0   1  -5  -2  -2    2   1   1   0   0   3   1   1   0   1   4   0   2   0  63   7   9   0   2   2  1.49 0.54
  471 L    -3  -4  -5  -6  -4  -4  -5  -6  -5   1   3  -4   8   1  -3  -4  -3  -4  -3   1    1   0   0   0   0   0   0   0   0   6  29   0  46   5   1   0   0   0   0  11  1.28 0.53
  472 Y    -4  -2   5  -3   3  -1   0  -4   7  -5  -5  -1  -4  -2  -3  -1  -3  -3   5  -5    0   1  27   0   6   2   5   0  27   0   0   2   0   0   1   4   0   0  22   0  1.08 0.46
  473 D    -3  -1   0   4  -5  -1   0  -3  -3  -3  -4   6  -4  -5  -3  -2  -2  -5  -4  -1    0   1   3  25   0   0   4   1   0   1   0  55   0   0   0   0   1   0   0   7  1.00 0.45
  474 L    -4  -4  -3  -5  -4  -4  -1  -5  -5  -1   6  -3   0  -1  -5  -4  -3  -4  -3  -2    0   0   1   0   0   0   5   0   0   0  86   1   1   1   0   0   1   0   0   0  1.31 0.52
  475 L    -5  -5  -6  -6  -5  -5  -6  -6  -5  -1   4  -6  -2   7  -6  -5  -4  -3  -1  -2    0   0   0   0   0   0   0   0   0   1  42   0   0  56   0   0   0   0   0   2  1.58 0.55
  476 L    -2  -3  -4  -4   0  -2  -2  -5  -4   1   4  -3   0  -2   2  -1  -1  -4  -3   2    2   1   0   0   2   1   2   0   0   4  50   1   1   0  11   6   4   0   0  16  0.53 0.29
  477 E    -4  -3  -4  -1  -7  -1   8  -6  -3  -7  -6  -3  -5  -7  -5  -3  -4  -6  -6  -6    0   0   0   2   0   0  98   0   0   0   0   0   0   0   0   0   0   0   0   0  2.32 0.79
  478 M    -5  -5  -6  -7  -5  -4  -6  -7  -5  -2   0  -5  11  -4  -6  -5  -4  -5  -5  -3    0   0   0   0   0   0   0   0   0   0   4   0  96   0   0   0   0   0   0   0  3.15 0.93
  479 L    -4  -5  -6  -7  -4  -5  -6  -7  -6   0   6  -5   0  -2  -6  -5  -4  -5  -4  -2    0   0   0   0   0   0   0   0   0   3  96   0   1   0   0   0   0   0   0   0  1.70 0.57

                      K         Lambda
Standard Ungapped    0.1378     0.3246
Standard Gapped      0.0385     0.2670
PSI Ungapped         0.1258     0.3175
PSI Gapped           0.0385     0.2670
