114-R,153.0,4263.0,3.327
63-A,1.0,18.0,2.89
17-K,1.0,16.0,2.773
8-R,6.0,74.0,2.512
64-R,1.0,11.0,2.398
119-C,155.0,1286.0,2.116
56-L,1.0,8.0,2.079
112-R,1.0,7.0,1.946
56-A,6.0,42.0,1.946
77-H,8.0,55.0,1.928
31-H,1.0,6.0,1.792
16-S,1.0,5.0,1.609
35-F,1.0,5.0,1.609
13-K,1.0,5.0,1.609
42-L,1.0,5.0,1.609
93-R,1.0,5.0,1.609
53-V,3.0,15.0,1.609
96-A,4.0,19.0,1.558
89-A,2.0,9.0,1.504
13-E,11.0,46.0,1.431
23-P,1.0,4.0,1.386
35-L,1.0,4.0,1.386
6-F,2.0,8.0,1.386
111-M,1.0,4.0,1.386
31-C,1.0,4.0,1.386
55-S,1.0,4.0,1.386
3-L,1.0,4.0,1.386
24-M,1.0,4.0,1.386
24-Q,1.0,4.0,1.386
33-T,2.0,8.0,1.386
49-R,1.0,4.0,1.386
75-T,1.0,4.0,1.386
71-M,1.0,4.0,1.386
112-H,1.0,4.0,1.386
63-R,35.0,131.0,1.32
93-A,2.0,7.0,1.253
56-V,11.0,37.0,1.213
4-V,3.0,10.0,1.204
8-K,23.0,70.0,1.113
45-R,1.0,3.0,1.099
127-P,3.0,9.0,1.099
127-Y,1.0,3.0,1.099
6-P,2.0,6.0,1.099
90-R,2.0,6.0,1.099
92-M,1.0,3.0,1.099
60-W,1.0,3.0,1.099
66-N,1.0,3.0,1.099
81-*,3.0,9.0,1.099
111-V,3.0,9.0,1.099
111-E,2.0,6.0,1.099
52-H,1.0,3.0,1.099
70-M,5.0,15.0,1.099
20-E,1.0,3.0,1.099
41-Q,1.0,3.0,1.099
84-Y,1.0,3.0,1.099
71-E,1.0,3.0,1.099
56-W,1.0,3.0,1.099
73-P,4.0,11.0,1.012
45-S,4.0,11.0,1.012
68-R,4.0,11.0,1.012
13-Y,11.0,30.0,1.003
103-*,18.0,49.0,1.001
39-M,16.0,43.0,0.989
45-G,115.0,309.0,0.988
63-I,3.0,8.0,0.981
78-V,13.0,33.0,0.932
98-R,2.0,5.0,0.916
13-H,2.0,5.0,0.916
24-E,2.0,5.0,0.916
28-M,2.0,5.0,0.916
5-M,2.0,5.0,0.916
82-I,4.0,10.0,0.916
4-C,3.0,7.0,0.847
32-Y,29.0,65.0,0.807
48-K,9.0,20.0,0.799
3-E,9.0,20.0,0.799
20-N,31.0,68.0,0.786
33-Y,6.0,13.0,0.773
71-G,6.0,13.0,0.773
12-S,13.0,28.0,0.767
22-Y,7.0,15.0,0.762
71-Y,37.0,79.0,0.759
127-L,15.0,32.0,0.758
24-D,9.0,19.0,0.747
31-R,13.0,27.0,0.731
48-E,5.0,10.0,0.693
36-R,2.0,4.0,0.693
45-P,1.0,2.0,0.693
102-R,3.0,6.0,0.693
100-D,1.0,2.0,0.693
51-A,3.0,6.0,0.693
111-N,1.0,2.0,0.693
98-T,1.0,2.0,0.693
44-I,1.0,2.0,0.693
17-F,1.0,2.0,0.693
17-W,1.0,2.0,0.693
60-A,1.0,2.0,0.693
127-M,2.0,4.0,0.693
15-T,1.0,2.0,0.693
4-I,11.0,22.0,0.693
3-G,7.0,14.0,0.693
59-Y,13.0,26.0,0.693
24-K,1.0,2.0,0.693
82-T,3.0,6.0,0.693
28-K,2.0,4.0,0.693
28-L,1.0,2.0,0.693
96-Y,1.0,2.0,0.693
5-L,1.0,2.0,0.693
32-R,1.0,2.0,0.693
52-F,1.0,2.0,0.693
25-T,2.0,4.0,0.693
68-K,1.0,2.0,0.693
78-H,1.0,2.0,0.693
97-R,1.0,2.0,0.693
91-A,3.0,6.0,0.693
91-R,1.0,2.0,0.693
63-W,1.0,2.0,0.693
19-A,1.0,2.0,0.693
88-L,1.0,2.0,0.693
71-A,1.0,2.0,0.693
112-S,1.0,2.0,0.693
112-L,2.0,4.0,0.693
99-S,24.0,47.0,0.672
3-S,10.0,19.0,0.642
15-M,39.0,74.0,0.641
51-G,8.0,15.0,0.629
24-P,8.0,15.0,0.629
103-F,16.0,30.0,0.629
22-N,46.0,85.0,0.614
93-Y,6.0,11.0,0.606
41-R,6.0,11.0,0.606
15-E,39.0,71.0,0.599
76-C,10.0,18.0,0.588
29-Q,5.0,9.0,0.588
2-I,5.0,9.0,0.588
71-I,10.0,18.0,0.588
27-S,9.0,16.0,0.575
56-R,4.0,7.0,0.56
96-Q,43.0,75.0,0.556
63-G,112.0,195.0,0.555
114-H,27.0,47.0,0.554
128-*,130.0,220.0,0.526
66-T,6.0,10.0,0.511
33-N,42.0,70.0,0.511
110-W,3.0,5.0,0.511
16-A,3.0,5.0,0.511
57-V,3.0,5.0,0.511
46-C,6.0,10.0,0.511
2-R,21.0,35.0,0.511
71-D,71.0,118.0,0.508
71-H,11.0,18.0,0.492
40-E,8.0,13.0,0.486
79-V,60.0,97.0,0.48
86-R,13.0,21.0,0.48
27-G,15.0,24.0,0.47
78-C,5.0,8.0,0.47
21-R,112.0,179.0,0.469
60-I,47.0,75.0,0.467
33-V,27.0,43.0,0.465
9-D,22.0,35.0,0.464
6-L,7.0,11.0,0.452
76-V,14.0,22.0,0.452
30-F,25.0,39.0,0.445
48-H,38.0,59.0,0.44
32-E,31.0,48.0,0.437
35-V,70.0,108.0,0.434
2-C,25.0,38.0,0.419
79-G,10.0,15.0,0.405
40-H,2.0,3.0,0.405
16-G,4.0,6.0,0.405
102-L,2.0,3.0,0.405
22-H,2.0,3.0,0.405
98-H,4.0,6.0,0.405
17-L,8.0,12.0,0.405
42-R,2.0,3.0,0.405
111-W,2.0,3.0,0.405
5-S,2.0,3.0,0.405
105-*,6.0,9.0,0.405
78-I,16.0,24.0,0.405
8-Q,2.0,3.0,0.405
49-I,10.0,15.0,0.405
128-W,6.0,9.0,0.405
1-P,6.0,9.0,0.405
112-E,18.0,27.0,0.405
24-T,57.0,85.0,0.4
110-S,33.0,49.0,0.395
71-K,33.0,49.0,0.395
113-Q,27.0,40.0,0.393
0-A,40.0,59.0,0.389
20-R,21.0,31.0,0.389
93-E,30.0,44.0,0.383
33-E,15.0,22.0,0.383
97-L,11.0,16.0,0.375
53-Q,36.0,52.0,0.368
0-Y,79.0,114.0,0.367
110-D,66.0,95.0,0.364
9-W,14.0,20.0,0.357
94-R,14.0,20.0,0.357
42-S,7.0,10.0,0.357
66-E,75.0,107.0,0.355
67-V,47.0,67.0,0.355
33-G,108.0,154.0,0.355
59-N,33.0,47.0,0.354
63-C,38.0,54.0,0.351
94-N,41.0,58.0,0.347
67-Y,29.0,41.0,0.346
106-A,124.0,175.0,0.345
28-C,27.0,38.0,0.342
23-V,79.0,111.0,0.34
73-E,10.0,14.0,0.336
127-W,15.0,21.0,0.336
22-R,5.0,7.0,0.336
111-S,5.0,7.0,0.336
31-I,45.0,63.0,0.336
96-M,5.0,7.0,0.336
16-N,33.0,46.0,0.332
84-N,36.0,50.0,0.329
109-I,31.0,43.0,0.327
39-V,8.0,11.0,0.318
51-K,8.0,11.0,0.318
98-A,8.0,11.0,0.318
74-*,16.0,22.0,0.318
33-R,11.0,15.0,0.31
28-N,47.0,64.0,0.309
48-R,133.0,181.0,0.308
13-G,67.0,91.0,0.306
75-G,235.0,319.0,0.306
29-I,31.0,42.0,0.304
84-R,31.0,42.0,0.304
16-*,46.0,62.0,0.298
17-M,26.0,35.0,0.297
45-E,50.0,67.0,0.293
64-Q,3.0,4.0,0.288
57-R,12.0,16.0,0.288
57-M,12.0,16.0,0.288
51-H,6.0,8.0,0.288
17-R,3.0,4.0,0.288
37-I,15.0,20.0,0.288
61-S,36.0,48.0,0.288
28-V,3.0,4.0,0.288
109-T,6.0,8.0,0.288
0-V,21.0,28.0,0.288
20-I,6.0,8.0,0.288
29-L,3.0,4.0,0.288
49-Y,21.0,28.0,0.288
2-T,6.0,8.0,0.288
84-T,3.0,4.0,0.288
104-A,104.0,138.0,0.283
9-T,47.0,62.0,0.277
20-G,69.0,91.0,0.277
27-V,87.0,114.0,0.27
95-I,29.0,38.0,0.27
122-S,83.0,108.0,0.263
1-L,47.0,61.0,0.261
106-G,38.0,49.0,0.254
55-R,94.0,121.0,0.252
83-R,7.0,9.0,0.251
40-N,25.0,32.0,0.247
93-N,82.0,105.0,0.247
75-R,25.0,32.0,0.247
42-G,18.0,23.0,0.245
32-V,18.0,23.0,0.245
3-V,65.0,83.0,0.244
95-R,102.0,130.0,0.243
37-L,138.0,176.0,0.243
68-A,73.0,93.0,0.242
107-L,22.0,28.0,0.241
88-*,34.0,43.0,0.235
15-A,136.0,172.0,0.235
19-K,19.0,24.0,0.234
86-C,16.0,20.0,0.223
31-A,8.0,10.0,0.223
76-A,12.0,15.0,0.223
101-R,4.0,5.0,0.223
37-S,113.0,141.0,0.221
59-G,113.0,140.0,0.214
92-R,122.0,151.0,0.213
114-T,47.0,58.0,0.21
99-M,13.0,16.0,0.208
98-G,105.0,129.0,0.206
16-I,31.0,38.0,0.204
128-N,106.0,130.0,0.204
44-E,49.0,60.0,0.203
79-E,9.0,11.0,0.201
14-I,18.0,22.0,0.201
59-E,36.0,44.0,0.201
24-V,63.0,77.0,0.201
61-C,9.0,11.0,0.201
58-K,18.0,22.0,0.201
58-I,51.0,62.0,0.195
25-S,56.0,68.0,0.194
109-E,77.0,93.0,0.189
72-A,160.0,193.0,0.188
28-G,69.0,83.0,0.185
51-P,10.0,12.0,0.182
108-P,5.0,6.0,0.182
50-F,30.0,36.0,0.182
61-A,10.0,12.0,0.182
88-I,15.0,18.0,0.182
1-R,94.0,112.0,0.175
104-E,63.0,75.0,0.174
1-*,48.0,57.0,0.172
74-R,114.0,135.0,0.169
66-R,109.0,129.0,0.168
127-V,193.0,228.0,0.167
93-G,88.0,104.0,0.167
97-A,83.0,98.0,0.166
77-Y,17.0,20.0,0.163
70-Q,41.0,48.0,0.158
23-T,47.0,55.0,0.157
37-C,6.0,7.0,0.154
36-N,6.0,7.0,0.154
104-M,49.0,57.0,0.151
69-S,49.0,57.0,0.151
77-G,74.0,86.0,0.15
52-R,124.0,144.0,0.15
68-S,25.0,29.0,0.148
6-G,38.0,44.0,0.147
6-S,19.0,22.0,0.147
60-V,82.0,95.0,0.147
128-G,13.0,15.0,0.143
18-F,26.0,30.0,0.143
82-C,33.0,38.0,0.141
29-*,27.0,31.0,0.138
79-S,7.0,8.0,0.134
9-M,7.0,8.0,0.134
62-E,35.0,40.0,0.134
47-C,77.0,88.0,0.134
5-V,35.0,40.0,0.134
41-L,42.0,48.0,0.134
64-G,120.0,137.0,0.132
38-S,80.0,91.0,0.129
64-K,53.0,60.0,0.124
0-N,70.0,79.0,0.121
16-R,142.0,160.0,0.119
37-V,8.0,9.0,0.118
101-C,16.0,18.0,0.118
47-H,64.0,72.0,0.118
78-Y,41.0,46.0,0.115
96-R,25.0,28.0,0.113
9-V,59.0,66.0,0.112
114-I,42.0,47.0,0.112
31-V,144.0,161.0,0.112
112-G,94.0,105.0,0.111
111-L,61.0,68.0,0.109
51-R,134.0,149.0,0.106
40-V,36.0,40.0,0.105
59-V,45.0,50.0,0.105
20-C,18.0,20.0,0.105
7-T,86.0,95.0,0.1
16-E,145.0,160.0,0.098
64-D,20.0,22.0,0.095
69-A,90.0,99.0,0.095
34-P,10.0,11.0,0.095
98-V,31.0,34.0,0.092
31-K,53.0,58.0,0.09
32-N,33.0,36.0,0.087
49-D,88.0,96.0,0.087
102-N,23.0,25.0,0.083
62-L,12.0,13.0,0.08
31-T,97.0,105.0,0.079
17-E,37.0,40.0,0.078
8-V,49.0,53.0,0.078
82-G,115.0,124.0,0.075
61-V,13.0,14.0,0.074
21-*,66.0,71.0,0.073
48-L,40.0,43.0,0.072
118-F,44.0,47.0,0.066
44-L,15.0,16.0,0.065
102-V,62.0,66.0,0.063
58-L,46.0,49.0,0.063
91-S,31.0,33.0,0.063
72-M,47.0,50.0,0.062
84-G,114.0,121.0,0.06
91-D,37.0,39.0,0.053
73-K,19.0,20.0,0.051
86-N,38.0,40.0,0.051
5-G,127.0,133.0,0.046
111-R,149.0,156.0,0.046
2-G,109.0,114.0,0.045
35-T,71.0,74.0,0.041
24-S,24.0,25.0,0.041
71-S,120.0,125.0,0.041
106-D,27.0,28.0,0.036
94-G,83.0,86.0,0.036
109-R,108.0,112.0,0.036
65-S,31.0,32.0,0.032
95-N,66.0,68.0,0.03
64-V,39.0,40.0,0.025
67-S,96.0,98.0,0.021
86-G,68.0,69.0,0.015
118-H,119.0,120.0,0.008
21-H,1.0,1.0,0.0
21-I,1.0,1.0,0.0
21-K,1.0,1.0,0.0
21-D,1.0,1.0,0.0
21-F,1.0,1.0,0.0
21-C,1.0,1.0,0.0
21-Y,1.0,1.0,0.0
21-V,5.0,5.0,0.0
79-N,1.0,1.0,0.0
79-M,1.0,1.0,0.0
79-L,1.0,1.0,0.0
79-K,1.0,1.0,0.0
79-I,1.0,1.0,0.0
79-H,1.0,1.0,0.0
79-F,1.0,1.0,0.0
79-D,1.0,1.0,0.0
79-C,1.0,1.0,0.0
79-A,1.0,1.0,0.0
79-Y,1.0,1.0,0.0
79-W,1.0,1.0,0.0
79-Q,1.0,1.0,0.0
79-*,1.0,1.0,0.0
116-K,1.0,1.0,0.0
9-Y,2.0,2.0,0.0
73-C,1.0,1.0,0.0
73-D,1.0,1.0,0.0
73-F,1.0,1.0,0.0
9-A,1.0,1.0,0.0
73-W,1.0,1.0,0.0
9-N,5.0,5.0,0.0
23-C,1.0,1.0,0.0
23-A,1.0,1.0,0.0
23-F,1.0,1.0,0.0
23-K,1.0,1.0,0.0
23-H,1.0,1.0,0.0
23-I,1.0,1.0,0.0
23-N,1.0,1.0,0.0
23-L,1.0,1.0,0.0
23-M,1.0,1.0,0.0
23-Q,1.0,1.0,0.0
23-Y,1.0,1.0,0.0
27-N,1.0,1.0,0.0
27-M,1.0,1.0,0.0
27-K,1.0,1.0,0.0
27-H,1.0,1.0,0.0
27-I,1.0,1.0,0.0
27-F,1.0,1.0,0.0
27-C,1.0,1.0,0.0
27-A,1.0,1.0,0.0
27-Y,1.0,1.0,0.0
27-Q,1.0,1.0,0.0
91-F,1.0,1.0,0.0
99-Q,1.0,1.0,0.0
99-P,1.0,1.0,0.0
99-R,1.0,1.0,0.0
99-Y,1.0,1.0,0.0
99-E,1.0,1.0,0.0
99-D,1.0,1.0,0.0
99-F,11.0,11.0,0.0
99-A,1.0,1.0,0.0
99-C,1.0,1.0,0.0
99-I,1.0,1.0,0.0
99-K,1.0,1.0,0.0
48-F,1.0,1.0,0.0
48-D,1.0,1.0,0.0
48-C,1.0,1.0,0.0
48-N,1.0,1.0,0.0
48-I,1.0,1.0,0.0
48-W,1.0,1.0,0.0
48-T,1.0,1.0,0.0
48-S,1.0,1.0,0.0
48-Q,1.0,1.0,0.0
48-Y,1.0,1.0,0.0
91-P,1.0,1.0,0.0
99-*,1.0,1.0,0.0
33-Q,1.0,1.0,0.0
36-I,1.0,1.0,0.0
108-Y,1.0,1.0,0.0
66-S,1.0,1.0,0.0
66-P,1.0,1.0,0.0
66-Y,1.0,1.0,0.0
66-F,1.0,1.0,0.0
66-C,1.0,1.0,0.0
66-M,26.0,26.0,0.0
66-L,1.0,1.0,0.0
66-K,1.0,1.0,0.0
66-I,1.0,1.0,0.0
36-Q,1.0,1.0,0.0
110-I,1.0,1.0,0.0
110-K,1.0,1.0,0.0
110-N,1.0,1.0,0.0
110-F,1.0,1.0,0.0
110-G,1.0,1.0,0.0
100-Q,1.0,1.0,0.0
110-P,1.0,1.0,0.0
110-Q,1.0,1.0,0.0
110-T,1.0,1.0,0.0
45-F,1.0,1.0,0.0
45-D,1.0,1.0,0.0
45-C,1.0,1.0,0.0
45-A,10.0,10.0,0.0
45-L,2.0,2.0,0.0
45-M,1.0,1.0,0.0
45-K,1.0,1.0,0.0
45-I,1.0,1.0,0.0
45-W,1.0,1.0,0.0
45-T,1.0,1.0,0.0
40-*,1.0,1.0,0.0
45-Q,1.0,1.0,0.0
95-A,1.0,1.0,0.0
95-C,1.0,1.0,0.0
95-D,1.0,1.0,0.0
95-F,1.0,1.0,0.0
95-H,1.0,1.0,0.0
95-K,1.0,1.0,0.0
91-*,1.0,1.0,0.0
95-L,1.0,1.0,0.0
95-P,1.0,1.0,0.0
95-S,1.0,1.0,0.0
95-W,1.0,1.0,0.0
50-H,1.0,1.0,0.0
95-Y,1.0,1.0,0.0
62-*,1.0,1.0,0.0
62-S,1.0,1.0,0.0
62-Q,1.0,1.0,0.0
62-P,1.0,1.0,0.0
62-W,1.0,1.0,0.0
62-V,1.0,1.0,0.0
62-T,1.0,1.0,0.0
62-Y,1.0,1.0,0.0
67-P,1.0,1.0,0.0
62-C,1.0,1.0,0.0
67-Q,1.0,1.0,0.0
62-F,1.0,1.0,0.0
62-D,1.0,1.0,0.0
62-K,1.0,1.0,0.0
62-I,1.0,1.0,0.0
62-H,1.0,1.0,0.0
62-N,1.0,1.0,0.0
67-T,1.0,1.0,0.0
40-T,1.0,1.0,0.0
40-Q,1.0,1.0,0.0
40-P,1.0,1.0,0.0
40-M,1.0,1.0,0.0
40-L,1.0,1.0,0.0
40-K,1.0,1.0,0.0
40-I,1.0,1.0,0.0
40-F,1.0,1.0,0.0
40-D,1.0,1.0,0.0
40-C,1.0,1.0,0.0
65-V,1.0,1.0,0.0
65-W,1.0,1.0,0.0
65-M,1.0,1.0,0.0
65-N,1.0,1.0,0.0
67-A,1.0,1.0,0.0
67-W,1.0,1.0,0.0
65-H,1.0,1.0,0.0
65-I,1.0,1.0,0.0
67-D,1.0,1.0,0.0
65-K,1.0,1.0,0.0
67-K,1.0,1.0,0.0
65-F,1.0,1.0,0.0
67-N,1.0,1.0,0.0
67-M,1.0,1.0,0.0
14-*,1.0,1.0,0.0
14-N,1.0,1.0,0.0
14-H,1.0,1.0,0.0
14-D,1.0,1.0,0.0
14-E,1.0,1.0,0.0
14-F,1.0,1.0,0.0
14-T,1.0,1.0,0.0
14-P,1.0,1.0,0.0
14-Q,1.0,1.0,0.0
16-F,1.0,1.0,0.0
16-D,1.0,1.0,0.0
16-K,1.0,1.0,0.0
16-L,1.0,1.0,0.0
16-M,1.0,1.0,0.0
16-V,3.0,3.0,0.0
16-T,6.0,6.0,0.0
68-L,1.0,1.0,0.0
12-H,1.0,1.0,0.0
12-G,13.0,13.0,0.0
68-C,1.0,1.0,0.0
12-A,1.0,1.0,0.0
68-Y,1.0,1.0,0.0
12-Y,1.0,1.0,0.0
68-*,1.0,1.0,0.0
1-V,1.0,1.0,0.0
108-D,1.0,1.0,0.0
67-C,10.0,10.0,0.0
122-A,1.0,1.0,0.0
39-E,1.0,1.0,0.0
39-D,1.0,1.0,0.0
39-K,1.0,1.0,0.0
39-I,1.0,1.0,0.0
39-H,1.0,1.0,0.0
39-N,1.0,1.0,0.0
39-L,1.0,1.0,0.0
39-S,1.0,1.0,0.0
39-T,3.0,3.0,0.0
39-Y,1.0,1.0,0.0
64-I,1.0,1.0,0.0
64-H,1.0,1.0,0.0
64-M,1.0,1.0,0.0
64-L,1.0,1.0,0.0
64-N,1.0,1.0,0.0
39-*,1.0,1.0,0.0
64-C,1.0,1.0,0.0
64-E,1.0,1.0,0.0
64-F,1.0,1.0,0.0
64-Y,1.0,1.0,0.0
64-P,1.0,1.0,0.0
64-S,1.0,1.0,0.0
64-T,1.0,1.0,0.0
126-P,1.0,1.0,0.0
67-F,1.0,1.0,0.0
106-T,1.0,1.0,0.0
106-W,1.0,1.0,0.0
106-V,1.0,1.0,0.0
106-Q,1.0,1.0,0.0
106-P,1.0,1.0,0.0
106-S,1.0,1.0,0.0
106-R,1.0,1.0,0.0
106-Y,1.0,1.0,0.0
106-E,1.0,1.0,0.0
106-C,1.0,1.0,0.0
106-M,1.0,1.0,0.0
106-L,1.0,1.0,0.0
106-N,1.0,1.0,0.0
106-H,1.0,1.0,0.0
106-K,1.0,1.0,0.0
102-Q,1.0,1.0,0.0
102-P,1.0,1.0,0.0
102-W,1.0,1.0,0.0
102-Y,1.0,1.0,0.0
77-*,1.0,1.0,0.0
68-Q,1.0,1.0,0.0
102-A,1.0,1.0,0.0
102-C,1.0,1.0,0.0
102-E,1.0,1.0,0.0
102-D,1.0,1.0,0.0
102-I,1.0,1.0,0.0
102-H,1.0,1.0,0.0
102-K,1.0,1.0,0.0
102-M,15.0,15.0,0.0
67-E,1.0,1.0,0.0
102-*,1.0,1.0,0.0
100-W,1.0,1.0,0.0
106-*,1.0,1.0,0.0
72-W,1.0,1.0,0.0
35-Y,1.0,1.0,0.0
35-W,1.0,1.0,0.0
35-Q,1.0,1.0,0.0
35-N,1.0,1.0,0.0
35-M,1.0,1.0,0.0
35-I,1.0,1.0,0.0
35-H,1.0,1.0,0.0
35-D,1.0,1.0,0.0
35-C,1.0,1.0,0.0
35-A,1.0,1.0,0.0
35-*,1.0,1.0,0.0
30-W,1.0,1.0,0.0
54-H,1.0,1.0,0.0
73-I,1.0,1.0,0.0
54-I,1.0,1.0,0.0
73-M,1.0,1.0,0.0
100-*,1.0,1.0,0.0
57-Y,1.0,1.0,0.0
57-S,1.0,1.0,0.0
57-W,1.0,1.0,0.0
57-K,1.0,1.0,0.0
73-A,1.0,1.0,0.0
57-I,1.0,1.0,0.0
57-H,1.0,1.0,0.0
57-N,1.0,1.0,0.0
57-L,1.0,1.0,0.0
57-C,1.0,1.0,0.0
57-A,1.0,1.0,0.0
57-F,1.0,1.0,0.0
57-E,1.0,1.0,0.0
57-D,1.0,1.0,0.0
30-E,1.0,1.0,0.0
30-L,1.0,1.0,0.0
30-M,1.0,1.0,0.0
30-K,1.0,1.0,0.0
30-I,1.0,1.0,0.0
57-*,1.0,1.0,0.0
30-T,1.0,1.0,0.0
30-P,1.0,1.0,0.0
30-Q,1.0,1.0,0.0
30-Y,1.0,1.0,0.0
86-A,1.0,1.0,0.0
73-Y,1.0,1.0,0.0
86-E,1.0,1.0,0.0
86-D,1.0,1.0,0.0
86-F,1.0,1.0,0.0
86-H,1.0,1.0,0.0
86-K,1.0,1.0,0.0
86-M,1.0,1.0,0.0
100-Y,1.0,1.0,0.0
86-Q,1.0,1.0,0.0
86-P,1.0,1.0,0.0
86-S,1.0,1.0,0.0
86-W,1.0,1.0,0.0
86-Y,1.0,1.0,0.0
100-N,1.0,1.0,0.0
100-M,1.0,1.0,0.0
100-L,1.0,1.0,0.0
100-K,1.0,1.0,0.0
100-I,1.0,1.0,0.0
100-H,1.0,1.0,0.0
103-G,1.0,1.0,0.0
103-A,1.0,1.0,0.0
73-Q,1.0,1.0,0.0
73-S,1.0,1.0,0.0
100-F,1.0,1.0,0.0
73-T,1.0,1.0,0.0
100-A,1.0,1.0,0.0
103-T,1.0,1.0,0.0
103-V,1.0,1.0,0.0
103-W,1.0,1.0,0.0
103-P,1.0,1.0,0.0
103-Q,1.0,1.0,0.0
103-R,1.0,1.0,0.0
120-T,1.0,1.0,0.0
77-T,1.0,1.0,0.0
77-W,1.0,1.0,0.0
77-Q,1.0,1.0,0.0
77-P,1.0,1.0,0.0
77-S,1.0,1.0,0.0
77-R,1.0,1.0,0.0
26-*,1.0,1.0,0.0
77-D,1.0,1.0,0.0
77-F,1.0,1.0,0.0
77-A,5.0,5.0,0.0
72-*,1.0,1.0,0.0
77-M,1.0,1.0,0.0
77-L,1.0,1.0,0.0
77-I,1.0,1.0,0.0
77-K,1.0,1.0,0.0
51-Q,1.0,1.0,0.0
51-S,1.0,1.0,0.0
51-T,1.0,1.0,0.0
51-V,1.0,1.0,0.0
51-Y,1.0,1.0,0.0
22-*,1.0,1.0,0.0
51-C,1.0,1.0,0.0
51-D,1.0,1.0,0.0
51-F,1.0,1.0,0.0
51-M,1.0,1.0,0.0
51-N,1.0,1.0,0.0
22-F,1.0,1.0,0.0
22-D,1.0,1.0,0.0
22-M,1.0,1.0,0.0
22-L,1.0,1.0,0.0
22-K,1.0,1.0,0.0
22-I,1.0,1.0,0.0
22-T,1.0,1.0,0.0
22-S,1.0,1.0,0.0
22-Q,1.0,1.0,0.0
22-P,1.0,1.0,0.0
26-F,1.0,1.0,0.0
26-D,1.0,1.0,0.0
26-H,1.0,1.0,0.0
72-P,1.0,1.0,0.0
26-N,1.0,1.0,0.0
26-S,1.0,1.0,0.0
26-Q,1.0,1.0,0.0
26-P,1.0,1.0,0.0
26-W,1.0,1.0,0.0
26-V,1.0,1.0,0.0
26-T,1.0,1.0,0.0
72-D,1.0,1.0,0.0
26-Y,1.0,1.0,0.0
72-C,1.0,1.0,0.0
98-*,1.0,1.0,0.0
6-I,1.0,1.0,0.0
111-Q,1.0,1.0,0.0
6-A,1.0,1.0,0.0
111-I,1.0,1.0,0.0
67-R,1.0,1.0,0.0
98-P,1.0,1.0,0.0
98-Q,1.0,1.0,0.0
98-S,1.0,1.0,0.0
98-I,1.0,1.0,0.0
98-K,1.0,1.0,0.0
98-L,1.0,1.0,0.0
98-M,1.0,1.0,0.0
98-C,1.0,1.0,0.0
98-D,1.0,1.0,0.0
98-F,1.0,1.0,0.0
67-*,1.0,1.0,0.0
114-G,1.0,1.0,0.0
1-G,1.0,1.0,0.0
94-T,3.0,3.0,0.0
94-V,1.0,1.0,0.0
94-W,1.0,1.0,0.0
94-P,1.0,1.0,0.0
94-Q,1.0,1.0,0.0
94-S,1.0,1.0,0.0
94-Y,1.0,1.0,0.0
94-D,1.0,1.0,0.0
44-*,1.0,1.0,0.0
94-F,1.0,1.0,0.0
94-L,1.0,1.0,0.0
94-M,1.0,1.0,0.0
94-H,1.0,1.0,0.0
94-K,1.0,1.0,0.0
90-P,1.0,1.0,0.0
90-W,1.0,1.0,0.0
90-Y,1.0,1.0,0.0
90-C,1.0,1.0,0.0
90-D,1.0,1.0,0.0
90-E,1.0,1.0,0.0
90-F,1.0,1.0,0.0
90-H,1.0,1.0,0.0
90-I,1.0,1.0,0.0
90-K,1.0,1.0,0.0
90-M,1.0,1.0,0.0
90-N,1.0,1.0,0.0
90-*,1.0,1.0,0.0
101-Q,1.0,1.0,0.0
44-Y,1.0,1.0,0.0
44-Q,1.0,1.0,0.0
44-V,1.0,1.0,0.0
44-H,1.0,1.0,0.0
44-N,1.0,1.0,0.0
44-F,1.0,1.0,0.0
44-D,1.0,1.0,0.0
88-D,1.0,1.0,0.0
94-E,1.0,1.0,0.0
118-Y,1.0,1.0,0.0
92-W,1.0,1.0,0.0
92-P,1.0,1.0,0.0
92-Q,2.0,2.0,0.0
92-F,1.0,1.0,0.0
92-D,1.0,1.0,0.0
92-C,1.0,1.0,0.0
92-A,1.0,1.0,0.0
92-N,51.0,51.0,0.0
92-K,1.0,1.0,0.0
92-H,1.0,1.0,0.0
17-G,12.0,12.0,0.0
17-D,1.0,1.0,0.0
17-N,1.0,1.0,0.0
17-I,1.0,1.0,0.0
17-H,1.0,1.0,0.0
17-V,1.0,1.0,0.0
17-T,1.0,1.0,0.0
17-Q,1.0,1.0,0.0
17-P,1.0,1.0,0.0
17-Y,1.0,1.0,0.0
13-F,1.0,1.0,0.0
13-D,1.0,1.0,0.0
13-I,1.0,1.0,0.0
65-P,1.0,1.0,0.0
13-M,1.0,1.0,0.0
13-Q,1.0,1.0,0.0
13-T,1.0,1.0,0.0
65-D,1.0,1.0,0.0
65-E,1.0,1.0,0.0
65-C,1.0,1.0,0.0
13-*,1.0,1.0,0.0
65-*,1.0,1.0,0.0
82-P,1.0,1.0,0.0
17-*,1.0,1.0,0.0
42-*,1.0,1.0,0.0
123-N,1.0,1.0,0.0
72-V,1.0,1.0,0.0
60-*,1.0,1.0,0.0
60-Q,1.0,1.0,0.0
60-P,1.0,1.0,0.0
60-S,1.0,1.0,0.0
60-Y,1.0,1.0,0.0
60-E,1.0,1.0,0.0
60-D,1.0,1.0,0.0
60-F,1.0,1.0,0.0
60-C,1.0,1.0,0.0
60-M,1.0,1.0,0.0
60-N,1.0,1.0,0.0
60-H,1.0,1.0,0.0
42-Q,1.0,1.0,0.0
42-P,14.0,14.0,0.0
42-W,1.0,1.0,0.0
42-Y,1.0,1.0,0.0
42-A,1.0,1.0,0.0
42-C,1.0,1.0,0.0
82-S,1.0,1.0,0.0
42-F,1.0,1.0,0.0
42-I,1.0,1.0,0.0
42-H,1.0,1.0,0.0
42-K,1.0,1.0,0.0
42-M,1.0,1.0,0.0
42-N,1.0,1.0,0.0
15-Q,1.0,1.0,0.0
31-N,1.0,1.0,0.0
31-M,1.0,1.0,0.0
31-F,1.0,1.0,0.0
31-D,1.0,1.0,0.0
110-*,1.0,1.0,0.0
18-P,1.0,1.0,0.0
18-Q,1.0,1.0,0.0
18-T,1.0,1.0,0.0
4-P,1.0,1.0,0.0
4-Y,1.0,1.0,0.0
15-N,1.0,1.0,0.0
108-R,1.0,1.0,0.0
108-Q,1.0,1.0,0.0
4-A,1.0,1.0,0.0
4-D,1.0,1.0,0.0
4-F,1.0,1.0,0.0
4-H,1.0,1.0,0.0
83-*,1.0,1.0,0.0
4-K,1.0,1.0,0.0
4-M,1.0,1.0,0.0
66-D,1.0,1.0,0.0
87-*,1.0,1.0,0.0
87-T,1.0,1.0,0.0
87-W,1.0,1.0,0.0
87-S,1.0,1.0,0.0
87-Y,1.0,1.0,0.0
87-D,1.0,1.0,0.0
87-E,1.0,1.0,0.0
87-F,1.0,1.0,0.0
87-A,1.0,1.0,0.0
87-L,1.0,1.0,0.0
87-N,1.0,1.0,0.0
87-H,1.0,1.0,0.0
87-I,1.0,1.0,0.0
87-K,1.0,1.0,0.0
83-P,1.0,1.0,0.0
83-Q,1.0,1.0,0.0
83-T,1.0,1.0,0.0
83-W,1.0,1.0,0.0
83-Y,1.0,1.0,0.0
101-F,1.0,1.0,0.0
101-G,1.0,1.0,0.0
83-E,1.0,1.0,0.0
83-F,1.0,1.0,0.0
83-G,1.0,1.0,0.0
83-H,1.0,1.0,0.0
83-I,1.0,1.0,0.0
66-H,1.0,1.0,0.0
83-M,1.0,1.0,0.0
83-N,1.0,1.0,0.0
125-D,1.0,1.0,0.0
110-M,1.0,1.0,0.0
81-W,1.0,1.0,0.0
81-T,1.0,1.0,0.0
81-R,1.0,1.0,0.0
81-S,1.0,1.0,0.0
81-P,1.0,1.0,0.0
81-Q,1.0,1.0,0.0
81-Y,1.0,1.0,0.0
81-F,1.0,1.0,0.0
81-E,1.0,1.0,0.0
81-C,1.0,1.0,0.0
81-N,1.0,1.0,0.0
81-L,1.0,1.0,0.0
81-M,1.0,1.0,0.0
81-H,1.0,1.0,0.0
81-I,1.0,1.0,0.0
91-K,1.0,1.0,0.0
73-N,1.0,1.0,0.0
110-Y,1.0,1.0,0.0
101-*,1.0,1.0,0.0
103-M,1.0,1.0,0.0
104-K,1.0,1.0,0.0
104-I,1.0,1.0,0.0
104-H,1.0,1.0,0.0
104-N,1.0,1.0,0.0
104-C,1.0,1.0,0.0
104-F,1.0,1.0,0.0
104-D,1.0,1.0,0.0
104-Y,1.0,1.0,0.0
108-V,1.0,1.0,0.0
104-S,1.0,1.0,0.0
104-R,1.0,1.0,0.0
104-Q,1.0,1.0,0.0
104-P,1.0,1.0,0.0
104-W,1.0,1.0,0.0
104-V,1.0,1.0,0.0
104-T,1.0,1.0,0.0
104-*,1.0,1.0,0.0
108-T,1.0,1.0,0.0
108-N,1.0,1.0,0.0
108-K,1.0,1.0,0.0
108-I,1.0,1.0,0.0
108-F,1.0,1.0,0.0
108-E,1.0,1.0,0.0
37-Q,1.0,1.0,0.0
37-P,1.0,1.0,0.0
37-R,1.0,1.0,0.0
37-T,1.0,1.0,0.0
37-E,1.0,1.0,0.0
37-D,1.0,1.0,0.0
37-F,1.0,1.0,0.0
37-H,1.0,1.0,0.0
37-K,1.0,1.0,0.0
37-M,1.0,1.0,0.0
37-N,1.0,1.0,0.0
103-K,1.0,1.0,0.0
37-*,1.0,1.0,0.0
103-E,1.0,1.0,0.0
76-*,1.0,1.0,0.0
50-D,1.0,1.0,0.0
50-E,1.0,1.0,0.0
55-Y,1.0,1.0,0.0
50-C,1.0,1.0,0.0
55-W,1.0,1.0,0.0
55-V,1.0,1.0,0.0
55-Q,1.0,1.0,0.0
55-M,1.0,1.0,0.0
55-N,1.0,1.0,0.0
55-I,1.0,1.0,0.0
55-H,7.0,7.0,0.0
55-D,1.0,1.0,0.0
55-A,1.0,1.0,0.0
50-Y,1.0,1.0,0.0
55-C,1.0,1.0,0.0
50-*,1.0,1.0,0.0
47-N,1.0,1.0,0.0
76-Y,1.0,1.0,0.0
76-P,1.0,1.0,0.0
76-Q,1.0,1.0,0.0
76-T,1.0,1.0,0.0
76-W,1.0,1.0,0.0
76-H,1.0,1.0,0.0
76-I,1.0,1.0,0.0
76-K,1.0,1.0,0.0
76-L,1.0,1.0,0.0
76-M,1.0,1.0,0.0
76-N,1.0,1.0,0.0
76-E,1.0,1.0,0.0
76-F,1.0,1.0,0.0
3-Y,1.0,1.0,0.0
3-W,1.0,1.0,0.0
3-R,1.0,1.0,0.0
3-Q,1.0,1.0,0.0
3-N,1.0,1.0,0.0
3-M,1.0,1.0,0.0
3-I,1.0,1.0,0.0
3-H,1.0,1.0,0.0
3-F,1.0,1.0,0.0
3-D,1.0,1.0,0.0
3-C,1.0,1.0,0.0
3-A,1.0,1.0,0.0
115-W,1.0,1.0,0.0
59-*,1.0,1.0,0.0
54-A,1.0,1.0,0.0
54-D,1.0,1.0,0.0
54-E,1.0,1.0,0.0
54-F,1.0,1.0,0.0
59-Q,1.0,1.0,0.0
59-P,1.0,1.0,0.0
59-S,1.0,1.0,0.0
59-R,1.0,1.0,0.0
59-T,1.0,1.0,0.0
59-W,1.0,1.0,0.0
59-I,1.0,1.0,0.0
59-H,4.0,4.0,0.0
59-K,1.0,1.0,0.0
59-M,1.0,1.0,0.0
59-L,1.0,1.0,0.0
54-V,1.0,1.0,0.0
54-W,1.0,1.0,0.0
54-Y,1.0,1.0,0.0
59-C,1.0,1.0,0.0
59-D,1.0,1.0,0.0
59-F,1.0,1.0,0.0
3-*,1.0,1.0,0.0
95-M,1.0,1.0,0.0
87-C,1.0,1.0,0.0
101-K,1.0,1.0,0.0
95-V,1.0,1.0,0.0
101-H,1.0,1.0,0.0
101-I,1.0,1.0,0.0
101-N,1.0,1.0,0.0
101-L,1.0,1.0,0.0
101-M,1.0,1.0,0.0
77-C,1.0,1.0,0.0
74-F,1.0,1.0,0.0
101-Y,1.0,1.0,0.0
108-*,1.0,1.0,0.0
101-P,1.0,1.0,0.0
83-K,1.0,1.0,0.0
101-W,1.0,1.0,0.0
101-T,1.0,1.0,0.0
24-*,1.0,1.0,0.0
119-R,1.0,1.0,0.0
24-A,1.0,1.0,0.0
24-C,1.0,1.0,0.0
24-L,3.0,3.0,0.0
24-N,1.0,1.0,0.0
24-I,1.0,1.0,0.0
24-H,1.0,1.0,0.0
24-Y,1.0,1.0,0.0
43-N,1.0,1.0,0.0
93-*,1.0,1.0,0.0
45-*,1.0,1.0,0.0
46-P,1.0,1.0,0.0
43-K,1.0,1.0,0.0
46-I,1.0,1.0,0.0
43-Q,1.0,1.0,0.0
1-Y,1.0,1.0,0.0
82-H,1.0,1.0,0.0
93-K,1.0,1.0,0.0
93-I,1.0,1.0,0.0
82-K,1.0,1.0,0.0
93-M,1.0,1.0,0.0
93-C,1.0,1.0,0.0
93-F,1.0,1.0,0.0
93-D,1.0,1.0,0.0
1-Q,1.0,1.0,0.0
93-S,1.0,1.0,0.0
93-Q,1.0,1.0,0.0
93-P,1.0,1.0,0.0
93-W,1.0,1.0,0.0
38-D,1.0,1.0,0.0
93-T,1.0,1.0,0.0
46-W,1.0,1.0,0.0
1-T,1.0,1.0,0.0
28-*,1.0,1.0,0.0
61-Y,1.0,1.0,0.0
61-P,1.0,1.0,0.0
61-Q,1.0,1.0,0.0
61-H,1.0,1.0,0.0
61-I,1.0,1.0,0.0
61-K,1.0,1.0,0.0
61-L,1.0,1.0,0.0
61-M,1.0,1.0,0.0
61-N,1.0,1.0,0.0
61-E,1.0,1.0,0.0
61-F,1.0,1.0,0.0
61-G,1.0,1.0,0.0
46-Q,1.0,1.0,0.0
1-N,1.0,1.0,0.0
1-A,1.0,1.0,0.0
61-*,1.0,1.0,0.0
1-C,1.0,1.0,0.0
72-Y,1.0,1.0,0.0
28-Q,1.0,1.0,0.0
28-P,1.0,1.0,0.0
28-S,1.0,1.0,0.0
28-Y,1.0,1.0,0.0
1-E,3.0,3.0,0.0
1-D,1.0,1.0,0.0
28-A,1.0,1.0,0.0
72-T,1.0,1.0,0.0
28-H,1.0,1.0,0.0
1-F,1.0,1.0,0.0
47-A,1.0,1.0,0.0
47-D,1.0,1.0,0.0
47-E,1.0,1.0,0.0
47-F,1.0,1.0,0.0
47-G,6.0,6.0,0.0
47-I,1.0,1.0,0.0
47-K,1.0,1.0,0.0
47-M,1.0,1.0,0.0
43-*,1.0,1.0,0.0
72-Q,1.0,1.0,0.0
47-P,5.0,5.0,0.0
47-Q,1.0,1.0,0.0
47-R,1.0,1.0,0.0
47-T,1.0,1.0,0.0
72-R,1.0,1.0,0.0
47-V,1.0,1.0,0.0
46-*,1.0,1.0,0.0
47-Y,1.0,1.0,0.0
72-S,1.0,1.0,0.0
96-I,1.0,1.0,0.0
96-N,1.0,1.0,0.0
96-L,1.0,1.0,0.0
72-N,1.0,1.0,0.0
96-D,1.0,1.0,0.0
65-Y,1.0,1.0,0.0
72-H,1.0,1.0,0.0
96-T,1.0,1.0,0.0
72-I,1.0,1.0,0.0
72-K,1.0,1.0,0.0
72-F,1.0,1.0,0.0
43-E,1.0,1.0,0.0
46-Y,1.0,1.0,0.0
43-C,1.0,1.0,0.0
46-T,1.0,1.0,0.0
47-*,1.0,1.0,0.0
43-I,1.0,1.0,0.0
46-M,1.0,1.0,0.0
46-L,1.0,1.0,0.0
43-V,1.0,1.0,0.0
46-N,1.0,1.0,0.0
43-P,1.0,1.0,0.0
46-H,1.0,1.0,0.0
46-K,1.0,1.0,0.0
46-E,1.0,1.0,0.0
46-G,1.0,1.0,0.0
46-F,1.0,1.0,0.0
43-Y,1.0,1.0,0.0
5-Y,1.0,1.0,0.0
5-E,1.0,1.0,0.0
5-F,1.0,1.0,0.0
69-*,1.0,1.0,0.0
5-N,2.0,2.0,0.0
5-H,1.0,1.0,0.0
69-Q,1.0,1.0,0.0
69-T,1.0,1.0,0.0
69-Y,1.0,1.0,0.0
69-C,1.0,1.0,0.0
69-D,1.0,1.0,0.0
69-E,1.0,1.0,0.0
69-F,1.0,1.0,0.0
69-G,2.0,2.0,0.0
69-H,1.0,1.0,0.0
69-K,1.0,1.0,0.0
69-L,1.0,1.0,0.0
109-S,1.0,1.0,0.0
109-P,1.0,1.0,0.0
109-V,1.0,1.0,0.0
109-W,1.0,1.0,0.0
109-Y,1.0,1.0,0.0
109-C,1.0,1.0,0.0
109-A,1.0,1.0,0.0
109-G,1.0,1.0,0.0
109-D,1.0,1.0,0.0
109-K,1.0,1.0,0.0
109-H,1.0,1.0,0.0
109-L,1.0,1.0,0.0
109-M,1.0,1.0,0.0
11-D,1.0,1.0,0.0
11-L,1.0,1.0,0.0
11-N,1.0,1.0,0.0
11-I,1.0,1.0,0.0
11-H,1.0,1.0,0.0
11-Y,1.0,1.0,0.0
111-D,1.0,1.0,0.0
111-C,1.0,1.0,0.0
121-I,1.0,1.0,0.0
80-K,1.0,1.0,0.0
80-H,1.0,1.0,0.0
80-N,1.0,1.0,0.0
80-M,1.0,1.0,0.0
80-A,1.0,1.0,0.0
80-F,1.0,1.0,0.0
80-E,1.0,1.0,0.0
80-D,1.0,1.0,0.0
82-M,1.0,1.0,0.0
80-R,1.0,1.0,0.0
80-Q,1.0,1.0,0.0
80-P,1.0,1.0,0.0
80-W,1.0,1.0,0.0
80-*,1.0,1.0,0.0
124-L,1.0,1.0,0.0
105-N,1.0,1.0,0.0
105-L,1.0,1.0,0.0
105-M,1.0,1.0,0.0
105-H,1.0,1.0,0.0
105-I,1.0,1.0,0.0
105-F,1.0,1.0,0.0
105-E,1.0,1.0,0.0
105-C,1.0,1.0,0.0
89-*,1.0,1.0,0.0
105-Y,1.0,1.0,0.0
105-W,1.0,1.0,0.0
105-T,1.0,1.0,0.0
105-S,1.0,1.0,0.0
105-P,1.0,1.0,0.0
89-Y,1.0,1.0,0.0
89-W,1.0,1.0,0.0
89-T,1.0,1.0,0.0
89-R,2.0,2.0,0.0
89-P,1.0,1.0,0.0
89-Q,1.0,1.0,0.0
89-N,1.0,1.0,0.0
89-L,1.0,1.0,0.0
89-M,1.0,1.0,0.0
89-K,1.0,1.0,0.0
89-H,1.0,1.0,0.0
89-I,1.0,1.0,0.0
89-F,1.0,1.0,0.0
89-G,1.0,1.0,0.0
89-E,1.0,1.0,0.0
36-E,1.0,1.0,0.0
36-A,1.0,1.0,0.0
36-H,1.0,1.0,0.0
36-K,1.0,1.0,0.0
36-V,77.0,77.0,0.0
36-P,1.0,1.0,0.0
33-H,1.0,1.0,0.0
33-D,1.0,1.0,0.0
36-Y,1.0,1.0,0.0
33-C,1.0,1.0,0.0
50-I,1.0,1.0,0.0
36-*,1.0,1.0,0.0
82-F,1.0,1.0,0.0
85-*,1.0,1.0,0.0
50-K,1.0,1.0,0.0
32-*,1.0,1.0,0.0
32-C,1.0,1.0,0.0
32-D,1.0,1.0,0.0
32-F,1.0,1.0,0.0
32-H,9.0,9.0,0.0
32-I,1.0,1.0,0.0
32-K,1.0,1.0,0.0
32-M,1.0,1.0,0.0
32-P,1.0,1.0,0.0
32-S,1.0,1.0,0.0
32-T,1.0,1.0,0.0
103-L,1.0,1.0,0.0
85-K,1.0,1.0,0.0
85-H,1.0,1.0,0.0
85-N,1.0,1.0,0.0
103-I,1.0,1.0,0.0
85-M,1.0,1.0,0.0
103-D,4.0,4.0,0.0
85-A,1.0,1.0,0.0
85-F,1.0,1.0,0.0
85-G,1.0,1.0,0.0
85-D,1.0,1.0,0.0
85-E,1.0,1.0,0.0
103-Y,1.0,1.0,0.0
85-R,1.0,1.0,0.0
85-Q,1.0,1.0,0.0
85-W,1.0,1.0,0.0
85-T,1.0,1.0,0.0
103-S,4.0,4.0,0.0
50-P,1.0,1.0,0.0
58-*,1.0,1.0,0.0
50-Q,1.0,1.0,0.0
58-M,1.0,1.0,0.0
58-N,1.0,1.0,0.0
58-H,1.0,1.0,0.0
58-D,1.0,1.0,0.0
58-E,1.0,1.0,0.0
58-F,1.0,1.0,0.0
58-G,1.0,1.0,0.0
58-A,1.0,1.0,0.0
58-C,1.0,1.0,0.0
58-Y,1.0,1.0,0.0
58-W,1.0,1.0,0.0
58-P,1.0,1.0,0.0
58-Q,1.0,1.0,0.0
58-S,1.0,1.0,0.0
82-Y,1.0,1.0,0.0
0-T,1.0,1.0,0.0
0-W,1.0,1.0,0.0
0-P,1.0,1.0,0.0
0-Q,1.0,1.0,0.0
0-R,1.0,1.0,0.0
0-D,1.0,1.0,0.0
0-F,1.0,1.0,0.0
0-C,1.0,1.0,0.0
0-L,1.0,1.0,0.0
0-M,1.0,1.0,0.0
0-K,1.0,1.0,0.0
0-*,1.0,1.0,0.0
15-P,1.0,1.0,0.0
82-W,1.0,1.0,0.0
82-Q,1.0,1.0,0.0
67-H,1.0,1.0,0.0
74-Y,1.0,1.0,0.0
74-V,1.0,1.0,0.0
74-W,1.0,1.0,0.0
74-T,3.0,3.0,0.0
74-P,1.0,1.0,0.0
74-L,1.0,1.0,0.0
74-M,1.0,1.0,0.0
74-K,1.0,1.0,0.0
74-H,1.0,1.0,0.0
70-*,1.0,1.0,0.0
74-C,1.0,1.0,0.0
74-A,1.0,1.0,0.0
25-*,1.0,1.0,0.0
52-Y,1.0,1.0,0.0
52-P,1.0,1.0,0.0
52-V,1.0,1.0,0.0
52-W,1.0,1.0,0.0
52-K,1.0,1.0,0.0
52-L,1.0,1.0,0.0
52-C,1.0,1.0,0.0
52-A,1.0,1.0,0.0
52-D,1.0,1.0,0.0
25-H,1.0,1.0,0.0
25-I,1.0,1.0,0.0
25-K,1.0,1.0,0.0
25-L,1.0,1.0,0.0
25-M,1.0,1.0,0.0
25-N,1.0,1.0,0.0
25-E,1.0,1.0,0.0
25-G,1.0,1.0,0.0
127-A,1.0,1.0,0.0
25-P,1.0,1.0,0.0
25-Q,1.0,1.0,0.0
70-R,44.0,44.0,0.0
70-S,1.0,1.0,0.0
70-T,1.0,1.0,0.0
70-Y,1.0,1.0,0.0
70-C,1.0,1.0,0.0
70-F,1.0,1.0,0.0
70-D,1.0,1.0,0.0
70-E,1.0,1.0,0.0
70-K,1.0,1.0,0.0
70-H,1.0,1.0,0.0
70-I,1.0,1.0,0.0
70-N,1.0,1.0,0.0
70-L,1.0,1.0,0.0
113-G,1.0,1.0,0.0
68-M,1.0,1.0,0.0
68-H,1.0,1.0,0.0
68-E,1.0,1.0,0.0
68-D,1.0,1.0,0.0
20-Y,1.0,1.0,0.0
68-F,1.0,1.0,0.0
20-Q,1.0,1.0,0.0
20-P,1.0,1.0,0.0
20-S,1.0,1.0,0.0
20-H,1.0,1.0,0.0
20-K,1.0,1.0,0.0
20-M,1.0,1.0,0.0
20-D,1.0,1.0,0.0
20-F,1.0,1.0,0.0
78-K,1.0,1.0,0.0
78-N,1.0,1.0,0.0
78-M,1.0,1.0,0.0
78-F,1.0,1.0,0.0
78-D,1.0,1.0,0.0
78-E,1.0,1.0,0.0
78-R,1.0,1.0,0.0
78-Q,1.0,1.0,0.0
78-T,1.0,1.0,0.0
78-*,1.0,1.0,0.0
117-L,1.0,1.0,0.0
68-T,1.0,1.0,0.0
68-W,1.0,1.0,0.0
29-D,1.0,1.0,0.0
29-F,1.0,1.0,0.0
29-A,1.0,1.0,0.0
29-M,1.0,1.0,0.0
29-N,35.0,35.0,0.0
29-H,1.0,1.0,0.0
29-K,1.0,1.0,0.0
29-T,8.0,8.0,0.0
20-*,1.0,1.0,0.0
29-P,1.0,1.0,0.0
29-Y,1.0,1.0,0.0
97-N,1.0,1.0,0.0
97-I,1.0,1.0,0.0
97-H,1.0,1.0,0.0
97-F,1.0,1.0,0.0
97-D,1.0,1.0,0.0
97-Y,1.0,1.0,0.0
97-V,1.0,1.0,0.0
97-T,1.0,1.0,0.0
97-Q,1.0,1.0,0.0
97-P,1.0,1.0,0.0
97-*,1.0,1.0,0.0
8-L,1.0,1.0,0.0
8-N,1.0,1.0,0.0
8-H,1.0,1.0,0.0
8-I,1.0,1.0,0.0
8-E,1.0,1.0,0.0
8-F,1.0,1.0,0.0
8-C,1.0,1.0,0.0
8-Y,1.0,1.0,0.0
8-P,1.0,1.0,0.0
49-*,1.0,1.0,0.0
49-C,1.0,1.0,0.0
49-F,1.0,1.0,0.0
49-K,8.0,8.0,0.0
49-N,1.0,1.0,0.0
49-M,1.0,1.0,0.0
49-P,1.0,1.0,0.0
49-Q,1.0,1.0,0.0
49-W,3.0,3.0,0.0
91-M,1.0,1.0,0.0
91-L,1.0,1.0,0.0
91-N,1.0,1.0,0.0
91-I,1.0,1.0,0.0
91-H,1.0,1.0,0.0
91-G,1.0,1.0,0.0
91-Y,1.0,1.0,0.0
91-T,1.0,1.0,0.0
91-W,1.0,1.0,0.0
91-Q,1.0,1.0,0.0
10-H,1.0,1.0,0.0
10-I,1.0,1.0,0.0
10-N,1.0,1.0,0.0
10-A,1.0,1.0,0.0
10-F,1.0,1.0,0.0
10-Y,1.0,1.0,0.0
10-P,10.0,10.0,0.0
10-Q,2.0,2.0,0.0
2-S,1.0,1.0,0.0
2-P,1.0,1.0,0.0
2-Q,1.0,1.0,0.0
2-V,1.0,1.0,0.0
2-W,1.0,1.0,0.0
2-Y,1.0,1.0,0.0
2-A,1.0,1.0,0.0
2-F,1.0,1.0,0.0
2-D,1.0,1.0,0.0
2-E,1.0,1.0,0.0
2-K,1.0,1.0,0.0
2-H,1.0,1.0,0.0
2-L,1.0,1.0,0.0
2-M,1.0,1.0,0.0
2-*,1.0,1.0,0.0
41-*,1.0,1.0,0.0
63-*,1.0,1.0,0.0
63-Y,1.0,1.0,0.0
63-V,1.0,1.0,0.0
63-T,1.0,1.0,0.0
63-S,1.0,1.0,0.0
63-P,1.0,1.0,0.0
63-Q,1.0,1.0,0.0
63-L,1.0,1.0,0.0
63-M,1.0,1.0,0.0
63-K,1.0,1.0,0.0
63-H,1.0,1.0,0.0
63-F,1.0,1.0,0.0
63-D,1.0,1.0,0.0
63-E,1.0,1.0,0.0
41-Y,1.0,1.0,0.0
41-S,1.0,1.0,0.0
41-P,1.0,1.0,0.0
41-H,1.0,1.0,0.0
41-N,1.0,1.0,0.0
94-*,1.0,1.0,0.0
41-M,1.0,1.0,0.0
41-C,1.0,1.0,0.0
41-F,1.0,1.0,0.0
41-G,1.0,1.0,0.0
41-D,1.0,1.0,0.0
19-W,1.0,1.0,0.0
19-V,1.0,1.0,0.0
19-Q,1.0,1.0,0.0
19-P,1.0,1.0,0.0
19-L,1.0,1.0,0.0
19-N,1.0,1.0,0.0
19-E,1.0,1.0,0.0
19-F,1.0,1.0,0.0
88-S,1.0,1.0,0.0
88-P,1.0,1.0,0.0
88-W,1.0,1.0,0.0
88-V,1.0,1.0,0.0
88-C,1.0,1.0,0.0
88-A,1.0,1.0,0.0
88-F,1.0,1.0,0.0
19-*,1.0,1.0,0.0
88-K,1.0,1.0,0.0
88-H,1.0,1.0,0.0
88-M,1.0,1.0,0.0
128-P,1.0,1.0,0.0
18-*,36.0,36.0,0.0
15-*,1.0,1.0,0.0
128-F,1.0,1.0,0.0
128-H,2.0,2.0,0.0
128-K,1.0,1.0,0.0
15-Y,1.0,1.0,0.0
18-E,1.0,1.0,0.0
18-I,1.0,1.0,0.0
15-S,1.0,1.0,0.0
18-K,1.0,1.0,0.0
18-M,1.0,1.0,0.0
15-V,1.0,1.0,0.0
15-I,1.0,1.0,0.0
15-K,1.0,1.0,0.0
18-S,6.0,6.0,0.0
18-Y,1.0,1.0,0.0
15-C,1.0,1.0,0.0
15-D,1.0,1.0,0.0
76-G,1.0,1.0,0.0
7-Y,1.0,1.0,0.0
84-*,1.0,1.0,0.0
7-Q,1.0,1.0,0.0
7-P,1.0,1.0,0.0
7-V,97.0,97.0,0.0
7-I,1.0,1.0,0.0
7-H,1.0,1.0,0.0
75-*,1.0,1.0,0.0
84-M,1.0,1.0,0.0
84-L,1.0,1.0,0.0
84-K,1.0,1.0,0.0
84-H,1.0,1.0,0.0
84-F,1.0,1.0,0.0
84-E,1.0,1.0,0.0
84-D,1.0,1.0,0.0
84-C,43.0,43.0,0.0
84-A,1.0,1.0,0.0
84-W,1.0,1.0,0.0
84-S,1.0,1.0,0.0
84-P,1.0,1.0,0.0
38-N,1.0,1.0,0.0
82-L,1.0,1.0,0.0
38-M,1.0,1.0,0.0
38-K,1.0,1.0,0.0
38-H,1.0,1.0,0.0
38-I,1.0,1.0,0.0
38-F,1.0,1.0,0.0
1-S,1.0,1.0,0.0
82-A,1.0,1.0,0.0
38-C,1.0,1.0,0.0
1-W,1.0,1.0,0.0
1-I,1.0,1.0,0.0
1-K,8.0,8.0,0.0
1-M,1.0,1.0,0.0
38-Y,1.0,1.0,0.0
82-V,1.0,1.0,0.0
38-P,1.0,1.0,0.0
38-*,1.0,1.0,0.0
82-*,1.0,1.0,0.0
107-D,1.0,1.0,0.0
107-H,1.0,1.0,0.0
107-K,1.0,1.0,0.0
107-M,1.0,1.0,0.0
107-N,1.0,1.0,0.0
107-P,1.0,1.0,0.0
107-S,7.0,7.0,0.0
107-W,1.0,1.0,0.0
34-Y,1.0,1.0,0.0
34-Q,1.0,1.0,0.0
34-W,1.0,1.0,0.0
34-K,1.0,1.0,0.0
34-I,1.0,1.0,0.0
34-N,1.0,1.0,0.0
34-A,1.0,1.0,0.0
34-F,1.0,1.0,0.0
34-E,1.0,1.0,0.0
54-K,1.0,1.0,0.0
54-M,1.0,1.0,0.0
34-*,1.0,1.0,0.0
54-N,1.0,1.0,0.0
54-P,1.0,1.0,0.0
54-Q,1.0,1.0,0.0
54-T,1.0,1.0,0.0
75-S,1.0,1.0,0.0
75-Q,1.0,1.0,0.0
75-P,1.0,1.0,0.0
75-V,1.0,1.0,0.0
75-Y,1.0,1.0,0.0
82-E,1.0,1.0,0.0
75-A,1.0,1.0,0.0
75-F,1.0,1.0,0.0
75-E,1.0,1.0,0.0
75-D,1.0,1.0,0.0
75-K,1.0,1.0,0.0
75-I,5.0,5.0,0.0
75-H,1.0,1.0,0.0
71-*,1.0,1.0,0.0
75-M,1.0,1.0,0.0
75-L,1.0,1.0,0.0
53-Y,1.0,1.0,0.0
53-T,1.0,1.0,0.0
53-S,1.0,1.0,0.0
53-R,15.0,15.0,0.0
53-N,1.0,1.0,0.0
53-L,1.0,1.0,0.0
53-K,1.0,1.0,0.0
53-I,1.0,1.0,0.0
53-H,1.0,1.0,0.0
53-F,1.0,1.0,0.0
53-E,1.0,1.0,0.0
53-D,1.0,1.0,0.0
53-C,1.0,1.0,0.0
53-A,3.0,3.0,0.0
53-*,1.0,1.0,0.0
71-V,1.0,1.0,0.0
71-Q,1.0,1.0,0.0
71-P,1.0,1.0,0.0
71-F,1.0,1.0,0.0
71-C,1.0,1.0,0.0
71-N,1.0,1.0,0.0
112-W,1.0,1.0,0.0
112-P,1.0,1.0,0.0
112-Q,1.0,1.0,0.0
56-*,1.0,1.0,0.0
112-F,1.0,1.0,0.0
112-D,1.0,1.0,0.0
112-C,1.0,1.0,0.0
112-M,1.0,1.0,0.0
112-K,1.0,1.0,0.0
112-I,1.0,1.0,0.0
56-F,1.0,1.0,0.0
56-G,1.0,1.0,0.0
56-N,1.0,1.0,0.0
56-M,1.0,1.0,0.0
56-K,1.0,1.0,0.0
56-H,1.0,1.0,0.0
56-I,1.0,1.0,0.0
56-T,1.0,1.0,0.0
56-P,1.0,1.0,0.0
56-Q,1.0,1.0,0.0
112-*,1.0,1.0,0.0
56-Y,1.0,1.0,0.0
67-L,122.0,121.0,-0.008
26-A,130.0,128.0,-0.016
45-V,57.0,56.0,-0.018
17-A,137.0,134.0,-0.022
98-E,38.0,37.0,-0.027
25-C,36.0,35.0,-0.028
39-P,104.0,101.0,-0.029
32-G,105.0,102.0,-0.029
112-V,33.0,32.0,-0.031
10-V,61.0,59.0,-0.033
66-*,30.0,29.0,-0.034
77-N,60.0,58.0,-0.034
70-P,118.0,114.0,-0.034
41-I,59.0,57.0,-0.034
60-K,58.0,56.0,-0.035
109-N,54.0,52.0,-0.038
103-N,26.0,25.0,-0.039
114-L,76.0,73.0,-0.04
10-T,77.0,74.0,-0.04
85-Y,23.0,22.0,-0.044
112-N,46.0,44.0,-0.044
80-L,136.0,130.0,-0.045
88-R,90.0,86.0,-0.045
90-S,43.0,41.0,-0.048
37-Y,21.0,20.0,-0.049
89-D,40.0,38.0,-0.051
42-V,59.0,56.0,-0.052
22-V,19.0,18.0,-0.054
102-T,111.0,105.0,-0.056
4-*,54.0,51.0,-0.057
126-A,54.0,51.0,-0.057
14-L,141.0,133.0,-0.058
78-L,104.0,98.0,-0.059
22-E,34.0,32.0,-0.061
3-T,68.0,64.0,-0.061
29-R,115.0,108.0,-0.063
8-G,145.0,136.0,-0.064
100-T,63.0,59.0,-0.066
49-S,109.0,102.0,-0.066
62-A,106.0,99.0,-0.068
58-T,76.0,71.0,-0.068
114-F,45.0,42.0,-0.069
88-N,45.0,42.0,-0.069
88-E,101.0,94.0,-0.072
80-S,99.0,92.0,-0.073
62-G,14.0,13.0,-0.074
85-S,70.0,65.0,-0.074
13-N,28.0,26.0,-0.074
54-G,13.0,12.0,-0.08
47-L,13.0,12.0,-0.08
116-M,77.0,71.0,-0.081
85-L,183.0,168.0,-0.086
35-E,12.0,11.0,-0.087
108-G,12.0,11.0,-0.087
47-S,12.0,11.0,-0.087
85-C,12.0,11.0,-0.087
124-I,58.0,53.0,-0.09
52-N,35.0,32.0,-0.09
19-S,105.0,96.0,-0.09
67-I,22.0,20.0,-0.095
114-N,33.0,30.0,-0.095
92-I,33.0,30.0,-0.095
6-V,105.0,95.0,-0.1
46-D,52.0,47.0,-0.101
0-G,94.0,85.0,-0.101
72-E,61.0,55.0,-0.104
48-P,10.0,9.0,-0.105
40-Y,10.0,9.0,-0.105
57-Q,40.0,36.0,-0.105
65-A,10.0,9.0,-0.105
60-R,10.0,9.0,-0.105
128-R,181.0,163.0,-0.105
99-V,69.0,62.0,-0.107
31-L,59.0,53.0,-0.107
54-R,206.0,185.0,-0.108
87-Q,58.0,52.0,-0.109
96-P,106.0,95.0,-0.11
74-N,19.0,17.0,-0.111
30-N,28.0,25.0,-0.113
83-S,56.0,50.0,-0.113
76-S,74.0,66.0,-0.114
39-Q,46.0,41.0,-0.115
14-S,110.0,98.0,-0.116
16-Q,9.0,8.0,-0.118
73-L,63.0,56.0,-0.118
54-C,18.0,16.0,-0.118
74-Q,9.0,8.0,-0.118
20-T,9.0,8.0,-0.118
65-T,44.0,39.0,-0.121
95-E,121.0,107.0,-0.123
60-L,52.0,46.0,-0.123
12-V,86.0,76.0,-0.124
5-K,34.0,30.0,-0.125
23-E,33.0,29.0,-0.129
48-*,33.0,29.0,-0.129
4-R,113.0,99.0,-0.132
99-N,24.0,21.0,-0.134
87-R,16.0,14.0,-0.134
25-V,8.0,7.0,-0.134
19-T,8.0,7.0,-0.134
107-G,16.0,14.0,-0.134
18-H,87.0,76.0,-0.135
68-I,38.0,33.0,-0.141
18-N,38.0,33.0,-0.141
36-T,83.0,72.0,-0.142
13-V,30.0,26.0,-0.143
80-Y,45.0,39.0,-0.143
6-E,37.0,32.0,-0.145
55-L,52.0,45.0,-0.145
97-E,50.0,43.0,-0.151
45-Y,14.0,12.0,-0.154
111-*,49.0,42.0,-0.154
72-L,14.0,12.0,-0.154
69-P,7.0,6.0,-0.154
50-M,7.0,6.0,-0.154
58-V,83.0,71.0,-0.156
45-N,34.0,29.0,-0.159
30-H,68.0,58.0,-0.159
108-C,102.0,87.0,-0.159
24-G,20.0,17.0,-0.163
108-H,83.0,70.0,-0.17
97-M,51.0,43.0,-0.171
78-S,125.0,105.0,-0.174
50-V,98.0,82.0,-0.178
19-D,86.0,72.0,-0.178
56-D,43.0,36.0,-0.178
14-Y,30.0,25.0,-0.182
4-Q,6.0,5.0,-0.182
4-G,18.0,15.0,-0.182
104-G,12.0,10.0,-0.182
96-W,12.0,10.0,-0.182
43-S,48.0,40.0,-0.182
74-I,24.0,20.0,-0.182
19-Y,24.0,20.0,-0.182
63-N,29.0,24.0,-0.189
53-P,104.0,86.0,-0.19
50-T,126.0,104.0,-0.192
43-L,34.0,28.0,-0.194
82-R,100.0,82.0,-0.198
72-G,22.0,18.0,-0.201
3-P,11.0,9.0,-0.201
80-I,22.0,18.0,-0.201
50-N,11.0,9.0,-0.201
83-V,27.0,22.0,-0.205
51-*,43.0,35.0,-0.206
90-L,48.0,39.0,-0.208
118-*,80.0,65.0,-0.208
0-E,16.0,13.0,-0.208
18-C,96.0,78.0,-0.208
109-*,21.0,17.0,-0.211
123-D,94.0,76.0,-0.213
102-F,26.0,21.0,-0.214
98-Y,26.0,21.0,-0.214
29-E,101.0,81.0,-0.221
40-G,100.0,80.0,-0.223
51-E,5.0,4.0,-0.223
50-S,5.0,4.0,-0.223
28-I,10.0,8.0,-0.223
80-V,20.0,16.0,-0.223
85-I,20.0,16.0,-0.223
85-V,10.0,8.0,-0.223
53-M,5.0,4.0,-0.223
116-C,59.0,47.0,-0.227
101-S,59.0,47.0,-0.227
100-V,98.0,78.0,-0.228
57-P,132.0,105.0,-0.229
19-I,39.0,31.0,-0.23
79-T,68.0,54.0,-0.231
121-F,96.0,76.0,-0.234
7-N,24.0,19.0,-0.234
56-S,52.0,41.0,-0.238
65-L,42.0,33.0,-0.241
127-S,28.0,22.0,-0.241
41-T,125.0,98.0,-0.243
77-E,23.0,18.0,-0.245
105-V,41.0,32.0,-0.248
90-A,9.0,7.0,-0.251
59-A,18.0,14.0,-0.251
43-T,27.0,21.0,-0.251
46-V,18.0,14.0,-0.251
52-Q,9.0,7.0,-0.251
27-T,49.0,38.0,-0.254
92-E,89.0,69.0,-0.255
60-T,89.0,69.0,-0.255
107-R,222.0,172.0,-0.255
82-N,44.0,34.0,-0.258
21-M,35.0,27.0,-0.26
116-N,48.0,37.0,-0.26
125-H,113.0,87.0,-0.261
83-C,13.0,10.0,-0.262
121-M,94.0,72.0,-0.267
44-A,102.0,78.0,-0.268
76-D,51.0,39.0,-0.268
28-R,21.0,16.0,-0.272
22-G,88.0,67.0,-0.273
4-N,41.0,31.0,-0.28
30-D,4.0,3.0,-0.288
127-E,20.0,15.0,-0.288
83-A,12.0,9.0,-0.288
55-E,8.0,6.0,-0.288
54-S,4.0,3.0,-0.288
93-H,4.0,3.0,-0.288
5-Q,4.0,3.0,-0.288
80-G,4.0,3.0,-0.288
33-M,4.0,3.0,-0.288
8-W,4.0,3.0,-0.288
19-H,4.0,3.0,-0.288
128-E,128.0,96.0,-0.288
7-M,8.0,6.0,-0.288
1-H,12.0,9.0,-0.288
38-R,8.0,6.0,-0.288
112-A,4.0,3.0,-0.288
125-A,365.0,272.0,-0.294
127-G,62.0,46.0,-0.298
81-D,27.0,20.0,-0.3
95-*,42.0,31.0,-0.304
93-V,38.0,28.0,-0.305
42-D,15.0,11.0,-0.31
34-T,86.0,63.0,-0.311
11-P,129.0,94.0,-0.317
27-P,11.0,8.0,-0.318
97-G,11.0,8.0,-0.318
55-*,83.0,60.0,-0.324
46-S,68.0,49.0,-0.328
30-C,78.0,56.0,-0.331
9-R,46.0,33.0,-0.332
74-E,88.0,63.0,-0.334
99-T,116.0,83.0,-0.335
95-Q,7.0,5.0,-0.336
49-H,7.0,5.0,-0.336
18-D,7.0,5.0,-0.336
121-T,272.0,193.0,-0.343
73-R,189.0,134.0,-0.344
44-M,48.0,34.0,-0.345
102-S,17.0,12.0,-0.348
26-M,51.0,36.0,-0.348
121-L,187.0,132.0,-0.348
11-Q,44.0,31.0,-0.35
105-G,105.0,74.0,-0.35
107-*,105.0,74.0,-0.35
119-H,137.0,96.0,-0.356
126-N,10.0,7.0,-0.357
75-N,30.0,21.0,-0.357
15-L,10.0,7.0,-0.357
103-H,73.0,51.0,-0.359
106-I,43.0,30.0,-0.36
41-V,162.0,113.0,-0.36
7-F,43.0,30.0,-0.36
127-T,102.0,71.0,-0.362
94-C,23.0,16.0,-0.363
81-G,115.0,80.0,-0.363
38-L,59.0,41.0,-0.364
10-G,36.0,25.0,-0.365
125-E,129.0,89.0,-0.371
118-C,135.0,93.0,-0.373
125-N,148.0,101.0,-0.382
116-R,346.0,236.0,-0.383
87-P,147.0,100.0,-0.385
98-N,43.0,29.0,-0.394
101-D,46.0,31.0,-0.395
66-Q,6.0,4.0,-0.405
14-R,6.0,4.0,-0.405
64-*,9.0,6.0,-0.405
100-S,3.0,2.0,-0.405
100-G,18.0,12.0,-0.405
6-M,3.0,2.0,-0.405
123-Q,63.0,42.0,-0.405
108-L,15.0,10.0,-0.405
55-K,9.0,6.0,-0.405
28-D,3.0,2.0,-0.405
46-R,3.0,2.0,-0.405
5-R,3.0,2.0,-0.405
5-C,3.0,2.0,-0.405
80-C,15.0,10.0,-0.405
33-L,3.0,2.0,-0.405
33-A,15.0,10.0,-0.405
32-L,3.0,2.0,-0.405
25-R,27.0,18.0,-0.405
20-W,3.0,2.0,-0.405
20-L,3.0,2.0,-0.405
88-Q,3.0,2.0,-0.405
84-I,9.0,6.0,-0.405
112-Y,6.0,4.0,-0.405
2-N,38.0,25.0,-0.419
5-D,29.0,19.0,-0.423
9-L,26.0,17.0,-0.425
4-E,121.0,79.0,-0.426
62-M,69.0,45.0,-0.427
21-E,143.0,93.0,-0.43
126-W,20.0,13.0,-0.431
83-D,60.0,39.0,-0.431
113-K,40.0,26.0,-0.431
113-P,68.0,44.0,-0.435
77-V,31.0,20.0,-0.438
41-K,45.0,29.0,-0.439
35-S,14.0,9.0,-0.442
69-I,42.0,27.0,-0.442
114-E,53.0,34.0,-0.444
105-K,39.0,25.0,-0.445
114-A,100.0,64.0,-0.446
116-Q,36.0,23.0,-0.448
52-E,105.0,67.0,-0.449
50-L,11.0,7.0,-0.452
114-C,82.0,52.0,-0.455
123-Y,142.0,90.0,-0.456
10-E,27.0,17.0,-0.463
21-T,8.0,5.0,-0.47
86-T,8.0,5.0,-0.47
127-F,8.0,5.0,-0.47
5-A,8.0,5.0,-0.47
32-A,8.0,5.0,-0.47
7-S,8.0,5.0,-0.47
116-Y,37.0,23.0,-0.475
6-T,74.0,46.0,-0.475
114-D,103.0,64.0,-0.476
89-S,29.0,18.0,-0.477
113-H,58.0,36.0,-0.477
103-C,68.0,42.0,-0.482
124-P,200.0,123.0,-0.486
0-H,13.0,8.0,-0.486
52-I,13.0,8.0,-0.486
110-V,18.0,11.0,-0.492
75-C,18.0,11.0,-0.492
115-*,133.0,81.0,-0.496
26-E,78.0,47.0,-0.507
115-L,103.0,62.0,-0.508
9-E,20.0,12.0,-0.511
23-G,15.0,9.0,-0.511
51-L,35.0,21.0,-0.511
13-L,5.0,3.0,-0.511
87-V,5.0,3.0,-0.511
61-D,45.0,27.0,-0.511
43-H,20.0,12.0,-0.511
36-S,5.0,3.0,-0.511
58-R,5.0,3.0,-0.511
91-V,5.0,3.0,-0.511
128-T,10.0,6.0,-0.511
56-C,10.0,6.0,-0.511
114-S,232.0,139.0,-0.512
54-*,92.0,55.0,-0.514
81-V,42.0,25.0,-0.519
124-Q,138.0,82.0,-0.521
117-Q,96.0,57.0,-0.521
118-M,27.0,16.0,-0.523
125-S,399.0,236.0,-0.525
73-*,75.0,44.0,-0.533
115-R,226.0,132.0,-0.538
21-N,12.0,7.0,-0.539
34-D,12.0,7.0,-0.539
117-P,225.0,130.0,-0.549
68-P,7.0,4.0,-0.56
35-P,7.0,4.0,-0.56
26-L,7.0,4.0,-0.56
44-G,14.0,8.0,-0.56
52-*,35.0,20.0,-0.56
68-N,7.0,4.0,-0.56
113-A,160.0,91.0,-0.564
49-T,30.0,17.0,-0.568
126-S,131.0,74.0,-0.571
21-Q,9.0,5.0,-0.588
126-E,9.0,5.0,-0.588
111-K,9.0,5.0,-0.588
101-A,9.0,5.0,-0.588
5-*,9.0,5.0,-0.588
111-G,9.0,5.0,-0.588
89-V,9.0,5.0,-0.588
128-S,18.0,10.0,-0.588
15-G,18.0,10.0,-0.588
116-E,174.0,96.0,-0.595
116-G,169.0,93.0,-0.597
4-T,11.0,6.0,-0.606
81-K,68.0,37.0,-0.609
36-F,24.0,13.0,-0.613
65-Q,13.0,7.0,-0.619
90-T,28.0,15.0,-0.624
113-S,312.0,167.0,-0.625
38-Q,15.0,8.0,-0.629
12-T,47.0,25.0,-0.631
25-D,57.0,30.0,-0.642
42-T,67.0,35.0,-0.649
128-I,33.0,17.0,-0.663
21-A,4.0,2.0,-0.693
79-P,16.0,8.0,-0.693
27-*,2.0,1.0,-0.693
9-K,10.0,5.0,-0.693
23-D,2.0,1.0,-0.693
27-D,2.0,1.0,-0.693
99-W,2.0,1.0,-0.693
99-G,2.0,1.0,-0.693
99-H,2.0,1.0,-0.693
48-M,2.0,1.0,-0.693
66-W,2.0,1.0,-0.693
66-A,2.0,1.0,-0.693
33-I,2.0,1.0,-0.693
110-H,2.0,1.0,-0.693
110-C,14.0,7.0,-0.693
45-H,2.0,1.0,-0.693
62-R,2.0,1.0,-0.693
40-W,2.0,1.0,-0.693
14-M,2.0,1.0,-0.693
14-K,2.0,1.0,-0.693
16-C,2.0,1.0,-0.693
16-H,2.0,1.0,-0.693
12-N,2.0,1.0,-0.693
12-M,2.0,1.0,-0.693
12-K,2.0,1.0,-0.693
12-I,2.0,1.0,-0.693
12-D,2.0,1.0,-0.693
12-R,8.0,4.0,-0.693
12-Q,2.0,1.0,-0.693
39-C,2.0,1.0,-0.693
39-F,2.0,1.0,-0.693
64-W,2.0,1.0,-0.693
108-A,2.0,1.0,-0.693
126-M,14.0,7.0,-0.693
35-K,2.0,1.0,-0.693
86-*,2.0,1.0,-0.693
57-T,2.0,1.0,-0.693
30-R,2.0,1.0,-0.693
100-P,4.0,2.0,-0.693
86-L,2.0,1.0,-0.693
100-C,2.0,1.0,-0.693
86-V,2.0,1.0,-0.693
73-V,2.0,1.0,-0.693
51-W,2.0,1.0,-0.693
51-I,2.0,1.0,-0.693
22-C,2.0,1.0,-0.693
22-A,6.0,3.0,-0.693
26-I,2.0,1.0,-0.693
6-N,2.0,1.0,-0.693
111-Y,2.0,1.0,-0.693
6-K,2.0,1.0,-0.693
6-H,2.0,1.0,-0.693
111-H,18.0,9.0,-0.693
6-Y,2.0,1.0,-0.693
6-Q,2.0,1.0,-0.693
98-W,2.0,1.0,-0.693
94-A,2.0,1.0,-0.693
90-V,2.0,1.0,-0.693
90-G,2.0,1.0,-0.693
44-W,2.0,1.0,-0.693
44-T,2.0,1.0,-0.693
44-K,2.0,1.0,-0.693
44-C,2.0,1.0,-0.693
92-*,12.0,6.0,-0.693
92-V,2.0,1.0,-0.693
92-S,2.0,1.0,-0.693
92-L,2.0,1.0,-0.693
17-C,2.0,1.0,-0.693
42-E,2.0,1.0,-0.693
31-Y,2.0,1.0,-0.693
31-P,2.0,1.0,-0.693
66-V,2.0,1.0,-0.693
108-W,2.0,1.0,-0.693
108-M,2.0,1.0,-0.693
4-L,2.0,1.0,-0.693
87-G,2.0,1.0,-0.693
83-L,2.0,1.0,-0.693
37-A,2.0,1.0,-0.693
55-T,2.0,1.0,-0.693
55-P,14.0,7.0,-0.693
55-G,4.0,2.0,-0.693
55-F,2.0,1.0,-0.693
3-K,2.0,1.0,-0.693
24-F,2.0,1.0,-0.693
24-W,2.0,1.0,-0.693
43-W,2.0,1.0,-0.693
93-L,2.0,1.0,-0.693
61-T,2.0,1.0,-0.693
61-W,2.0,1.0,-0.693
28-T,2.0,1.0,-0.693
28-F,2.0,1.0,-0.693
96-E,4.0,2.0,-0.693
96-*,2.0,1.0,-0.693
43-F,2.0,1.0,-0.693
5-P,2.0,1.0,-0.693
5-I,2.0,1.0,-0.693
69-W,2.0,1.0,-0.693
69-M,2.0,1.0,-0.693
109-F,2.0,1.0,-0.693
11-C,2.0,1.0,-0.693
11-K,2.0,1.0,-0.693
11-T,2.0,1.0,-0.693
11-W,2.0,1.0,-0.693
111-A,2.0,1.0,-0.693
80-T,2.0,1.0,-0.693
105-Q,2.0,1.0,-0.693
36-C,2.0,1.0,-0.693
33-P,2.0,1.0,-0.693
82-D,2.0,1.0,-0.693
85-P,2.0,1.0,-0.693
0-S,2.0,1.0,-0.693
0-I,2.0,1.0,-0.693
74-D,2.0,1.0,-0.693
52-S,2.0,1.0,-0.693
52-M,2.0,1.0,-0.693
52-G,2.0,1.0,-0.693
25-F,2.0,1.0,-0.693
25-Y,2.0,1.0,-0.693
70-A,2.0,1.0,-0.693
29-W,2.0,1.0,-0.693
78-A,2.0,1.0,-0.693
78-P,2.0,1.0,-0.693
78-W,2.0,1.0,-0.693
29-V,2.0,1.0,-0.693
97-K,2.0,1.0,-0.693
97-C,2.0,1.0,-0.693
97-W,2.0,1.0,-0.693
97-S,2.0,1.0,-0.693
8-M,2.0,1.0,-0.693
8-T,2.0,1.0,-0.693
49-G,4.0,2.0,-0.693
49-L,2.0,1.0,-0.693
91-E,2.0,1.0,-0.693
43-M,2.0,1.0,-0.693
10-C,2.0,1.0,-0.693
10-D,2.0,1.0,-0.693
10-S,18.0,9.0,-0.693
10-*,2.0,1.0,-0.693
19-R,2.0,1.0,-0.693
19-M,2.0,1.0,-0.693
88-Y,2.0,1.0,-0.693
128-L,2.0,1.0,-0.693
15-H,2.0,1.0,-0.693
15-F,2.0,1.0,-0.693
7-*,2.0,1.0,-0.693
107-I,2.0,1.0,-0.693
34-H,2.0,1.0,-0.693
34-M,2.0,1.0,-0.693
34-C,2.0,1.0,-0.693
75-W,2.0,1.0,-0.693
53-W,2.0,1.0,-0.693
71-W,2.0,1.0,-0.693
71-T,6.0,3.0,-0.693
71-R,4.0,2.0,-0.693
71-L,2.0,1.0,-0.693
112-T,2.0,1.0,-0.693
56-E,2.0,1.0,-0.693
117-I,39.0,19.0,-0.719
69-N,25.0,12.0,-0.734
115-C,44.0,21.0,-0.74
113-N,59.0,28.0,-0.745
114-M,53.0,25.0,-0.751
9-C,15.0,7.0,-0.762
126-T,58.0,27.0,-0.765
108-S,13.0,6.0,-0.773
76-R,13.0,6.0,-0.773
54-L,13.0,6.0,-0.773
91-C,13.0,6.0,-0.773
9-G,74.0,34.0,-0.778
8-D,37.0,17.0,-0.778
30-*,11.0,5.0,-0.788
118-N,66.0,30.0,-0.788
113-R,185.0,83.0,-0.802
120-S,157.0,70.0,-0.808
23-S,9.0,4.0,-0.811
36-M,9.0,4.0,-0.811
104-L,9.0,4.0,-0.811
105-D,9.0,4.0,-0.811
38-T,9.0,4.0,-0.811
12-P,16.0,7.0,-0.827
90-Q,16.0,7.0,-0.827
118-S,78.0,34.0,-0.83
123-G,493.0,214.0,-0.835
113-D,135.0,58.0,-0.845
21-G,14.0,6.0,-0.847
9-I,7.0,3.0,-0.847
31-S,7.0,3.0,-0.847
115-I,21.0,9.0,-0.847
29-S,7.0,3.0,-0.847
107-C,49.0,21.0,-0.847
123-S,380.0,162.0,-0.853
114-Y,40.0,17.0,-0.856
110-A,19.0,8.0,-0.865
34-V,53.0,22.0,-0.879
114-V,152.0,63.0,-0.881
114-K,51.0,21.0,-0.887
31-G,17.0,7.0,-0.887
46-A,22.0,9.0,-0.894
116-A,93.0,38.0,-0.895
116-W,84.0,34.0,-0.904
9-*,5.0,2.0,-0.916
110-R,10.0,4.0,-0.916
122-T,95.0,38.0,-0.916
30-S,5.0,2.0,-0.916
100-E,20.0,8.0,-0.916
13-A,5.0,2.0,-0.916
43-A,5.0,2.0,-0.916
52-T,5.0,2.0,-0.916
115-M,28.0,11.0,-0.934
26-G,18.0,7.0,-0.944
115-F,36.0,14.0,-0.944
125-R,685.0,264.0,-0.953
73-H,13.0,5.0,-0.956
9-Q,8.0,3.0,-0.981
99-L,8.0,3.0,-0.981
64-A,8.0,3.0,-0.981
105-A,8.0,3.0,-0.981
127-D,8.0,3.0,-0.981
8-*,8.0,3.0,-0.981
92-T,11.0,4.0,-1.012
120-I,77.0,28.0,-1.012
126-Q,42.0,15.0,-1.03
86-I,14.0,5.0,-1.03
115-Y,28.0,10.0,-1.03
125-G,736.0,258.0,-1.048
120-A,215.0,75.0,-1.053
119-A,226.0,78.0,-1.064
113-W,61.0,21.0,-1.066
121-N,71.0,24.0,-1.085
21-W,3.0,1.0,-1.099
21-P,3.0,1.0,-1.099
9-H,6.0,2.0,-1.099
23-*,3.0,1.0,-1.099
23-W,3.0,1.0,-1.099
27-E,15.0,5.0,-1.099
27-W,3.0,1.0,-1.099
48-A,3.0,1.0,-1.099
48-V,3.0,1.0,-1.099
33-W,3.0,1.0,-1.099
110-L,3.0,1.0,-1.099
40-S,3.0,1.0,-1.099
16-Y,3.0,1.0,-1.099
12-L,3.0,1.0,-1.099
12-F,3.0,1.0,-1.099
12-C,3.0,1.0,-1.099
12-W,3.0,1.0,-1.099
68-V,3.0,1.0,-1.099
12-*,3.0,1.0,-1.099
39-W,3.0,1.0,-1.099
126-R,102.0,34.0,-1.099
102-G,3.0,1.0,-1.099
100-R,3.0,1.0,-1.099
127-N,3.0,1.0,-1.099
127-Q,3.0,1.0,-1.099
26-C,3.0,1.0,-1.099
111-F,3.0,1.0,-1.099
94-I,9.0,3.0,-1.099
44-S,3.0,1.0,-1.099
44-P,3.0,1.0,-1.099
92-Y,3.0,1.0,-1.099
17-S,3.0,1.0,-1.099
13-P,3.0,1.0,-1.099
13-W,3.0,1.0,-1.099
60-G,3.0,1.0,-1.099
31-Q,3.0,1.0,-1.099
15-R,3.0,1.0,-1.099
15-W,3.0,1.0,-1.099
4-S,3.0,1.0,-1.099
87-M,12.0,4.0,-1.099
101-E,3.0,1.0,-1.099
50-G,6.0,2.0,-1.099
47-W,3.0,1.0,-1.099
43-R,9.0,3.0,-1.099
38-G,3.0,1.0,-1.099
28-W,3.0,1.0,-1.099
28-E,3.0,1.0,-1.099
96-C,3.0,1.0,-1.099
96-F,3.0,1.0,-1.099
43-G,3.0,1.0,-1.099
111-T,6.0,2.0,-1.099
5-T,3.0,1.0,-1.099
5-W,6.0,2.0,-1.099
69-V,3.0,1.0,-1.099
109-Q,3.0,1.0,-1.099
11-F,3.0,1.0,-1.099
11-V,9.0,3.0,-1.099
105-R,3.0,1.0,-1.099
36-D,3.0,1.0,-1.099
36-W,3.0,1.0,-1.099
33-K,3.0,1.0,-1.099
33-F,3.0,1.0,-1.099
33-*,3.0,1.0,-1.099
32-Q,3.0,1.0,-1.099
32-W,3.0,1.0,-1.099
50-W,3.0,1.0,-1.099
74-S,3.0,1.0,-1.099
25-W,3.0,1.0,-1.099
70-W,3.0,1.0,-1.099
68-G,3.0,1.0,-1.099
20-V,3.0,1.0,-1.099
29-C,3.0,1.0,-1.099
49-A,3.0,1.0,-1.099
10-W,3.0,1.0,-1.099
50-R,3.0,1.0,-1.099
41-E,3.0,1.0,-1.099
19-C,3.0,1.0,-1.099
128-Q,12.0,4.0,-1.099
128-A,6.0,2.0,-1.099
18-L,3.0,1.0,-1.099
18-W,3.0,1.0,-1.099
7-R,3.0,1.0,-1.099
7-C,3.0,1.0,-1.099
7-A,3.0,1.0,-1.099
84-V,3.0,1.0,-1.099
84-Q,3.0,1.0,-1.099
38-W,3.0,1.0,-1.099
107-E,3.0,1.0,-1.099
107-Y,3.0,1.0,-1.099
34-L,3.0,1.0,-1.099
34-G,24.0,8.0,-1.099
113-V,161.0,53.0,-1.111
113-L,128.0,42.0,-1.114
122-V,251.0,82.0,-1.119
114-W,28.0,9.0,-1.135
114-P,44.0,14.0,-1.145
126-L,170.0,54.0,-1.147
111-P,16.0,5.0,-1.163
116-S,122.0,38.0,-1.166
125-Q,91.0,28.0,-1.179
101-V,14.0,4.0,-1.253
11-M,7.0,2.0,-1.253
89-C,7.0,2.0,-1.253
25-A,7.0,2.0,-1.253
128-D,7.0,2.0,-1.253
121-V,251.0,71.0,-1.263
128-V,11.0,3.0,-1.299
113-E,59.0,16.0,-1.305
116-*,96.0,26.0,-1.306
116-F,41.0,11.0,-1.316
6-R,15.0,4.0,-1.322
96-V,15.0,4.0,-1.322
118-L,76.0,20.0,-1.335
127-R,23.0,6.0,-1.344
113-T,78.0,20.0,-1.361
73-G,4.0,1.0,-1.386
9-F,4.0,1.0,-1.386
27-L,4.0,1.0,-1.386
27-R,4.0,1.0,-1.386
110-E,4.0,1.0,-1.386
40-R,4.0,1.0,-1.386
14-V,8.0,2.0,-1.386
16-P,4.0,1.0,-1.386
16-W,4.0,1.0,-1.386
12-E,20.0,5.0,-1.386
39-A,4.0,1.0,-1.386
39-R,12.0,3.0,-1.386
106-F,4.0,1.0,-1.386
30-G,4.0,1.0,-1.386
30-A,4.0,1.0,-1.386
30-V,4.0,1.0,-1.386
22-W,4.0,1.0,-1.386
26-K,4.0,1.0,-1.386
6-C,4.0,1.0,-1.386
6-*,4.0,1.0,-1.386
31-W,4.0,1.0,-1.386
31-E,4.0,1.0,-1.386
37-W,4.0,1.0,-1.386
115-E,24.0,6.0,-1.386
24-R,4.0,1.0,-1.386
96-K,4.0,1.0,-1.386
69-R,4.0,1.0,-1.386
11-E,4.0,1.0,-1.386
11-*,4.0,1.0,-1.386
70-V,8.0,2.0,-1.386
70-G,4.0,1.0,-1.386
113-I,48.0,12.0,-1.386
20-A,4.0,1.0,-1.386
127-I,4.0,1.0,-1.386
8-S,4.0,1.0,-1.386
49-E,4.0,1.0,-1.386
49-V,4.0,1.0,-1.386
10-K,4.0,1.0,-1.386
41-W,4.0,1.0,-1.386
41-A,4.0,1.0,-1.386
19-G,4.0,1.0,-1.386
88-T,4.0,1.0,-1.386
128-C,4.0,1.0,-1.386
18-A,4.0,1.0,-1.386
18-V,4.0,1.0,-1.386
7-K,4.0,1.0,-1.386
7-D,4.0,1.0,-1.386
38-E,4.0,1.0,-1.386
107-F,4.0,1.0,-1.386
107-Q,4.0,1.0,-1.386
107-T,4.0,1.0,-1.386
34-S,16.0,4.0,-1.386
53-G,4.0,1.0,-1.386
118-A,57.0,14.0,-1.404
124-*,54.0,13.0,-1.424
125-*,128.0,30.0,-1.451
123-K,107.0,25.0,-1.454
125-M,129.0,30.0,-1.459
122-C,39.0,9.0,-1.466
116-L,136.0,31.0,-1.479
123-I,123.0,28.0,-1.48
113-F,71.0,16.0,-1.49
125-V,430.0,96.0,-1.499
21-S,9.0,2.0,-1.504
61-R,9.0,2.0,-1.504
113-M,27.0,6.0,-1.504
8-A,9.0,2.0,-1.504
114-Q,41.0,9.0,-1.516
119-K,42.0,9.0,-1.54
123-M,61.0,13.0,-1.546
126-G,47.0,10.0,-1.548
119-M,47.0,10.0,-1.548
119-W,125.0,26.0,-1.57
79-R,5.0,1.0,-1.609
95-G,5.0,1.0,-1.609
95-T,5.0,1.0,-1.609
14-A,5.0,1.0,-1.609
14-C,10.0,2.0,-1.609
67-G,5.0,1.0,-1.609
35-R,5.0,1.0,-1.609
26-R,5.0,1.0,-1.609
6-W,10.0,2.0,-1.609
118-T,35.0,7.0,-1.609
13-C,5.0,1.0,-1.609
127-H,5.0,1.0,-1.609
31-*,5.0,1.0,-1.609
127-*,5.0,1.0,-1.609
50-A,5.0,1.0,-1.609
96-G,20.0,4.0,-1.609
43-D,5.0,1.0,-1.609
36-G,5.0,1.0,-1.609
36-L,5.0,1.0,-1.609
74-G,5.0,1.0,-1.609
29-G,10.0,2.0,-1.609
88-G,5.0,1.0,-1.609
128-M,5.0,1.0,-1.609
7-W,5.0,1.0,-1.609
7-E,5.0,1.0,-1.609
38-A,5.0,1.0,-1.609
38-V,5.0,1.0,-1.609
107-V,5.0,1.0,-1.609
34-R,5.0,1.0,-1.609
123-V,193.0,38.0,-1.625
118-I,41.0,8.0,-1.634
124-H,80.0,15.0,-1.674
117-V,204.0,37.0,-1.707
124-M,79.0,14.0,-1.73
125-Y,131.0,23.0,-1.74
120-N,29.0,5.0,-1.758
123-F,101.0,17.0,-1.782
113-C,101.0,17.0,-1.782
23-R,6.0,1.0,-1.792
126-Y,18.0,3.0,-1.792
127-K,6.0,1.0,-1.792
44-R,6.0,1.0,-1.792
92-G,6.0,1.0,-1.792
13-S,6.0,1.0,-1.792
81-A,6.0,1.0,-1.792
37-G,6.0,1.0,-1.792
115-T,42.0,7.0,-1.792
96-H,6.0,1.0,-1.792
11-A,6.0,1.0,-1.792
113-Y,54.0,9.0,-1.792
10-L,6.0,1.0,-1.792
128-Y,6.0,1.0,-1.792
7-L,6.0,1.0,-1.792
119-S,197.0,32.0,-1.817
9-S,37.0,6.0,-1.819
35-G,19.0,3.0,-1.846
125-T,209.0,33.0,-1.846
123-T,127.0,20.0,-1.848
119-L,145.0,22.0,-1.886
119-N,40.0,6.0,-1.897
118-V,87.0,13.0,-1.901
122-P,67.0,10.0,-1.902
123-W,94.0,14.0,-1.904
126-V,34.0,5.0,-1.917
121-H,48.0,7.0,-1.925
122-E,76.0,11.0,-1.933
21-L,7.0,1.0,-1.946
9-P,21.0,3.0,-1.946
48-G,7.0,1.0,-1.946
40-A,14.0,2.0,-1.946
65-R,7.0,1.0,-1.946
14-W,7.0,1.0,-1.946
57-G,7.0,1.0,-1.946
6-D,7.0,1.0,-1.946
18-R,7.0,1.0,-1.946
4-W,7.0,1.0,-1.946
115-N,21.0,3.0,-1.946
119-P,119.0,17.0,-1.946
11-S,7.0,1.0,-1.946
124-F,7.0,1.0,-1.946
126-F,14.0,2.0,-1.946
78-G,7.0,1.0,-1.946
10-M,7.0,1.0,-1.946
123-R,281.0,40.0,-1.949
117-M,117.0,16.0,-1.99
121-Q,76.0,10.0,-2.028
125-P,175.0,23.0,-2.029
116-V,122.0,16.0,-2.031
125-K,119.0,15.0,-2.071
127-C,8.0,1.0,-2.079
39-G,8.0,1.0,-2.079
126-H,16.0,2.0,-2.079
13-R,8.0,1.0,-2.079
65-G,8.0,1.0,-2.079
33-S,8.0,1.0,-2.079
18-G,8.0,1.0,-2.079
126-D,16.0,2.0,-2.079
107-A,8.0,1.0,-2.079
123-L,202.0,25.0,-2.089
123-A,146.0,18.0,-2.093
121-*,57.0,7.0,-2.097
118-K,25.0,3.0,-2.12
115-Q,17.0,2.0,-2.14
116-T,95.0,11.0,-2.156
122-D,35.0,4.0,-2.169
124-T,106.0,12.0,-2.179
120-Y,53.0,6.0,-2.179
123-H,72.0,8.0,-2.197
115-G,105.0,11.0,-2.256
116-I,29.0,3.0,-2.269
11-G,10.0,1.0,-2.303
121-C,94.0,9.0,-2.346
119-T,106.0,10.0,-2.361
119-V,184.0,17.0,-2.382
120-C,76.0,7.0,-2.385
96-S,11.0,1.0,-2.398
124-R,231.0,21.0,-2.398
124-V,168.0,15.0,-2.416
14-G,12.0,1.0,-2.485
115-K,12.0,1.0,-2.485
118-D,49.0,4.0,-2.506
122-N,13.0,1.0,-2.565
126-I,13.0,1.0,-2.565
119-Y,39.0,3.0,-2.565
10-R,13.0,1.0,-2.565
120-K,40.0,3.0,-2.59
123-E,54.0,4.0,-2.603
119-Q,73.0,5.0,-2.681
120-M,44.0,3.0,-2.686
118-W,59.0,4.0,-2.691
116-H,30.0,2.0,-2.708
118-Q,30.0,2.0,-2.708
118-G,112.0,7.0,-2.773
115-P,32.0,2.0,-2.773
126-*,16.0,1.0,-2.773
124-C,113.0,7.0,-2.781
123-C,116.0,7.0,-2.808
7-G,17.0,1.0,-2.833
115-V,52.0,3.0,-2.853
119-G,450.0,25.0,-2.89
11-R,18.0,1.0,-2.89
122-I,19.0,1.0,-2.944
121-A,212.0,11.0,-2.959
66-G,20.0,1.0,-2.996
122-Y,20.0,1.0,-2.996
126-K,20.0,1.0,-2.996
120-E,60.0,3.0,-2.996
115-H,20.0,1.0,-2.996
121-P,100.0,5.0,-2.996
121-Y,60.0,3.0,-2.996
116-D,41.0,2.0,-3.02
121-S,230.0,11.0,-3.04
126-C,21.0,1.0,-3.045
121-W,105.0,5.0,-3.045
120-G,192.0,9.0,-3.06
122-H,22.0,1.0,-3.091
113-*,45.0,2.0,-3.114
122-G,248.0,11.0,-3.116
125-F,190.0,8.0,-3.168
122-Q,24.0,1.0,-3.178
122-K,24.0,1.0,-3.178
118-E,49.0,2.0,-3.199
120-H,25.0,1.0,-3.219
115-D,25.0,1.0,-3.219
120-P,76.0,3.0,-3.232
117-G,258.0,10.0,-3.25
122-M,26.0,1.0,-3.258
122-R,131.0,5.0,-3.266
117-C,79.0,3.0,-3.271
118-R,134.0,5.0,-3.288
125-L,379.0,14.0,-3.298
122-*,28.0,1.0,-3.332
118-P,28.0,1.0,-3.332
117-R,281.0,10.0,-3.336
117-N,29.0,1.0,-3.367
124-A,175.0,6.0,-3.373
122-F,30.0,1.0,-3.401
119-I,30.0,1.0,-3.401
117-Y,30.0,1.0,-3.401
120-V,153.0,5.0,-3.421
120-W,92.0,3.0,-3.423
116-P,31.0,1.0,-3.434
115-S,63.0,2.0,-3.45
121-D,95.0,3.0,-3.455
124-K,34.0,1.0,-3.526
115-A,35.0,1.0,-3.555
125-I,144.0,4.0,-3.584
119-F,37.0,1.0,-3.611
117-K,37.0,1.0,-3.611
124-N,77.0,2.0,-3.651
114-*,39.0,1.0,-3.664
124-E,42.0,1.0,-3.738
124-D,90.0,2.0,-3.807
117-W,90.0,2.0,-3.807
124-G,280.0,6.0,-3.843
120-Q,47.0,1.0,-3.85
120-D,48.0,1.0,-3.871
121-E,97.0,2.0,-3.882
121-R,244.0,5.0,-3.888
117-*,50.0,1.0,-3.912
117-A,150.0,3.0,-3.912
124-S,254.0,5.0,-3.928
117-F,51.0,1.0,-3.932
120-*,51.0,1.0,-3.932
117-H,53.0,1.0,-3.97
117-S,159.0,3.0,-3.97
117-D,54.0,1.0,-3.989
123-*,55.0,1.0,-4.007
120-F,56.0,1.0,-4.025
122-W,57.0,1.0,-4.043
119-*,57.0,1.0,-4.043
121-G,59.0,1.0,-4.078
125-W,316.0,5.0,-4.146
119-D,67.0,1.0,-4.205
125-C,215.0,3.0,-4.272
117-T,74.0,1.0,-4.304
117-E,74.0,1.0,-4.304
124-Y,75.0,1.0,-4.317
122-L,81.0,1.0,-4.394
121-K,81.0,1.0,-4.394
124-W,82.0,1.0,-4.407
120-R,188.0,2.0,-4.543
123-P,102.0,1.0,-4.625
119-E,114.0,1.0,-4.736
120-L,156.0,1.0,-5.05
