
Last position-specific scoring matrix computed, weighted observed percentages rounded down, information per position, and relative weight of gapless real matches to pseudocounts
            A   R   N   D   C   Q   E   G   H   I   L   K   M   F   P   S   T   W   Y   V   A   R   N   D   C   Q   E   G   H   I   L   K   M   F   P   S   T   W   Y   V
    1 I    -7  -9  -9  -9  -7  -9  -9 -10  -9   8  -4  -9  -5  -6  -9  -8  -7  -9  -7   3    0   0   0   0   0   0   0   0   0  83   0   0   0   0   0   0   0   0   0  17  2.80 1.02
    2 V    -3  -7  -8  -9  -6  -8  -8  -9  -8   3  -2  -5   0  -2  -8  -6  -3  -8  -3   7    2   0   0   0   0   0   0   0   0  16   3   1   2   2   0   1   1   0   1  71  1.93 0.80
    3 G    -5  -7   1  -5  -9  -4  -4   7  -2 -10 -10  -5  -9  -9  -8  -4  -7  -9  -9  -9    0   0   7   1   0   1   1  87   1   0   0   1   0   0   0   1   0   0   0   0  2.51 0.99
    4 G    -5  -9  -7  -7  -9  -8  -9   8  -9 -10 -10  -8  -9 -10  -9  -6  -8  -9 -10 -10    1   0   0   0   0   0   0  99   0   0   0   0   0   0   0   0   0   0   0   0  3.12 1.17
    5 S    -2   1   0  -1   0   2   2  -3   2  -2  -2   0  -1   0  -4   0   1  -1   2   0    2   7   4   3   2  11  14   2   5   2   2   6   2   3   0   8  10   1   8   8  0.21 0.20
    6 D    -1  -3   2   4  -4   0   4  -4  -3  -3  -4  -1  -3  -3   2  -1   0  -7  -3  -1    6   1  11  20   0   3  24   1   0   2   2   3   1   1   9   5   6   0   1   6  0.51 0.34
    7 S     6  -7  -6  -7   6  -6  -6  -4  -7  -2  -6  -6  -5  -7  -4   2   1  -8  -7   0   52   0   0   0  15   0   0   1   0   2   0   0   0   0   1  12   8   0   0   7  1.40 0.69
    8 R     0   2   0   1  -2   1   2  -2  -1  -2  -1   1  -1  -4   1   1   0  -4  -3   0    8  11   3   8   1   7  12   2   1   2   5   9   1   0   8   9   6   0   0   6  0.16 0.15
    9 E     0   0  -3  -2  -6  -1   2  -4  -2   1  -1   1  -3  -2   5  -2  -3  -2  -3   0    7   6   1   2   0   2  12   1   1   9   7  10   0   2  29   2   1   1   1   6  0.53 0.34
   10 G    -2  -2   3  -2  -7  -4  -2   6   5  -6  -6  -4  -7  -6  -7  -1  -2  -5  -1  -7    3   2  12   2   0   0   3  51  14   1   1   1   0   0   0   4   2   0   2   0  1.29 0.61
   11 A     1   0  -1   1  -2   1   3  -3  -1  -6  -5   1  -4  -5  -5   4  -2  -7  -5  -5   10   5   2   6   1   7  21   1   1   0   1   7   0   0   0  33   2   0   0   1  0.71 0.46
   12 W    -3  -3  -6  -9   1   1  -8  -8   3  -2  -5  -7  -5   3  -9  -4  -6  11   2  -1    3   2   1   0   3   7   0   0   6   3   1   0   0  11   0   1   1  51   6   4  2.45 0.97
   13 P    -7  -9  -7  -8  -6  -8  -8  -6  -9 -10  -9  -5 -10 -11   9  -6  -7 -11 -10  -9    0   0   0   0   0   0   0   1   0   0   0   1   0   0  97   0   0   0   0   0  3.61 1.39
   14 W    -8 -10 -11 -11  -5  -9 -10 -10   1 -10  -9 -10  -9   0 -11  -6 -10  13   4 -10    0   0   0   0   0   0   0   0   3   0   0   0   0   3   0   1   0  81  11   0  4.51 1.54
   15 V    -7  -5  -7  -7  -9   9  -4  -9  -2   1  -4  -6   5  -7  -8  -7  -4  -8  -8  -3    0   0   0   0   0  73   0   0   1   8   2   0  12   0   0   0   1   0   0   2  2.52 1.11
   16 V     4  -8  -8  -8  -1  -7  -7  -4  -8   1  -3  -7  -4  -7  -7  -5  -3  -8  -7   6   27   0   0   0   1   0   0   2   0   7   2   0   0   0   0   0   2   0   0  59  1.65 0.75
   17 A     2  -2  -3  -5  -6  -2  -4  -3  -3  -4  -2  -6   1  -5  -6   6  -3  -8  -2  -4   16   2   1   0   0   2   1   2   1   1   5   0   3   1   0  62   1   0   1   1  1.31 0.72
   18 L    -7  -8  -9  -9  -7  -8  -8  -9  -8   3   6  -8  -1  -1  -8  -8  -6  -7  -6   1    0   0   0   0   0   0   0   0   0  15  74   0   1   2   0   0   0   0   0   8  1.88 0.79
   19 Y    -5   4   1  -5  -7   6  -3  -3   4  -2  -1  -1  -1   1  -6  -3  -3   0   2  -3    0  20   7   0   0  30   1   2   8   2   6   3   2   5   0   2   2   1   7   2  0.85 0.50
   20 F    -2   1  -2  -2  -4   0  -1  -3   0   1   0   0  -1   2  -4  -1   0   2   5   0    2   7   2   2   0   3   4   2   2   7   9   6   1   8   1   5   7   3  21   8  0.31 0.22
   21 D    -2   3   3   0  -5   0   0   1   0  -4  -2   1  -1  -1  -1   1  -1  -1   0  -4    2  15  12   6   0   4   6   9   2   1   5  10   1   3   3  12   3   1   3   1  0.23 0.20
   22 D    -4  -1   3   0  -7  -1  -2   5  -1  -5  -6   0  -6  -5  -3   1   0  -3  -2  -5    1   4  13   5   0   3   2  42   1   1   0   5   0   0   1  12   5   0   2   1  0.84 0.47
   23 Q    -2   3  -1  -1  -5   1   1   1   1  -2  -3   1  -2   0  -3   1   0  -2   3  -1    3  16   2   2   0   6   8   9   3   2   2   9   1   4   1  11   5   0  11   4  0.25 0.22
   24 Q    -4  -2  -4  -7  -8   0  -5  -3  10  -7  -1  -5  -4   3  -3  -4  -6   0   0  -5    2   3   1   0   0   4   0   3  62   0   6   0   0   9   2   1   0   1   3   1  2.29 0.92
   25 V    -3  -1  -3  -6  -5  -1  -5  -6   2   2   1  -3  -1   6  -6  -3   0   2   2   1    2   4   1   0   0   2   0   0   5  13  13   2   1  28   0   2   6   2   7  11  0.70 0.37
   26 C    -8 -11 -10 -11  12 -10 -11  -7 -11  -9  -7 -11  -9  -7 -10  -7  -8 -10 -10  -8    0   0   0   0  98   0   0   0   0   0   1   0   0   0   0   0   0   0   0   0  4.92 1.60
   27 G    -2  -7  -7  -7  -9  -8  -7   8  -8 -10 -10  -8  -9 -10  -9  -4  -8  -9 -10 -10    3   0   0   0   0   0   0  95   0   0   0   0   0   0   0   1   0   0   0   0  2.90 1.12
   28 A     3  -8  -7  -6  -3  -8  -7   7  -8  -9  -9  -7  -8  -9  -8  -4  -6  -9  -9  -7   20   0   0   0   1   0   0  78   0   0   0   0   0   0   0   1   0   0   0   0  2.35 0.96
   29 S     0  -7  -5  -6  -6  -6  -6  -5  -7  -3  -7  -6  -5  -6  -7   6   4  -8  -7   2    8   0   0   0   0   0   0   1   0   2   0   0   0   0   0  52  23   0   0  13  1.48 0.78
   30 L    -7  -8  -9  -9  -7  -8  -9  -7  -9   4   6  -8  -4  -5  -9  -8  -7  -8  -7   0    0   0   0   0   0   0   0   1   0  21  73   0   0   0   0   0   0   0   0   6  1.98 0.82
   31 V    -5  -7  -9  -9  -7  -8  -9  -9  -9   8   2  -8  -4  -4  -8  -8  -6  -8  -3   2    1   0   0   0   0   0   0   0   0  66  18   0   0   0   0   0   0   0   1  13  2.08 0.82
   32 S     1  -2   5   2  -4  -4  -3   0   3  -6  -6  -2  -6  -7  -6   4   1  -8  -6  -6    9   3  22  11   0   0   1   6   7   0   1   2   0   0   0  32   7   0   0   0  0.89 0.52
   33 R    -1   0   3   2  -7  -1   3  -4   0  -7  -6   0  -6  -7   4   2  -1  -7  -5  -6    5   5  11  12   0   3  16   1   2   0   0   5   0   0  23  14   3   0   0   0  0.73 0.45
   34 D    -4   3   2   0   2   4   0  -3   1  -4  -4   1  -3  -2  -5  -1  -1   1   0  -4    0  17  11   5   5  22   6   2   3   1   2   8   0   1   0   5   5   2   4   1  0.56 0.38
   35 W   -10  -7 -10 -11 -10  -7 -10 -10   3  -5  -7 -10  -9  -1 -11  -8  -4  13   2  -7    0   0   0   0   0   0   0   0   5   1   1   0   0   2   0   0   2  81   7   0  4.40 1.52
   36 L    -2  -8  -9  -9  -6  -8  -8  -9  -9   4   0  -8  -5  -5  -8  -7  -6  -8  -7   7    4   0   0   0   0   0   0   0   0  19  10   0   0   0   0   0   0   0   0  67  1.98 0.82
   37 V    -5  -8  -9  -9  -7  -8  -8  -9  -8   2   6  -8   2  -5  -8  -8  -6  -7  -7   4    1   0   0   0   0   0   0   0   0   9  62   0   4   0   0   0   0   0   0  25  1.72 0.76
   38 S    -6  -8  -6  -7  -3  -7  -7  -7  -8  -7  -8  -7  -5  -9  -8   3   8  -9  -8  -5    0   0   0   0   1   0   0   0   0   0   0   0   0   0   0  21  78   0   0   0  2.54 1.14
   39 A     8  -7  -8  -8  -7  -7  -7  -6  -8  -8  -8  -7  -7  -9  -7  -4  -4  -9  -8  -2   96   0   0   0   0   0   0   0   0   0   0   0   0   0   0   1   1   0   0   3  2.72 1.16
   40 A     7  -8  -8  -8  -5  -7  -7  -1  -8  -8  -8  -5  -7  -9  -7  -3  -5  -9  -8  -6   93   0   0   0   0   0   0   4   0   0   0   1   0   0   0   2   0   0   0   0  2.56 1.11
   41 H    -7  -7  -7  -9  -6  -4  -7 -10  12 -11  -9  -8  -9  -9 -10  -6  -9 -10  -6 -11    0   0   0   0   0   1   0   0  98   0   0   0   0   0   0   1   0   0   0   0  4.62 1.61
   42 C    -7 -11 -10 -11  12 -10 -11 -10 -10  -9  -9 -11  -9 -10 -10  -8  -8 -10 -10  -6    0   0   0   0  99   0   0   0   0   0   0   0   0   0   0   0   0   0   0   1  5.00 1.66
   43 V    -3  -5  -3  -5  -2  -5  -5  -4  -4   3   1  -5   0   6  -5  -5  -1   1   2   3    2   0   1   1   1   1   1   1   0  15  10   1   2  30   1   1   4   2   6  22  0.91 0.42
   44 Y    -1   1   0   1  -3   1   1  -1   2  -1  -1   0   0  -1   0   0  -1   2   2  -1    5   6   4   9   0   7   9   4   5   3   6   6   2   3   4   6   3   3   9   5  0.09 0.08
   45 G    -1   1   2   1  -3   0   0   2  -1  -3  -2   1  -2  -3   1   1   1  -3  -2  -2    3   8   8   9   0   3   5  19   1   2   3   8   1   1   6  10   9   0   1   2  0.22 0.15
   46 R    -1   2   1   0  -2   0   0  -1   0  -1  -1   2  -1   0   0   1   0  -2   1  -2    3  14   7   6   1   4   6   5   2   3   5  13   2   5   4   9   5   0   5   2  0.13 0.10
   47 N    -1   1   3   1  -2   0   0  -1   0  -1  -1   0  -1  -1   0   2   0  -1   1  -1    4   7  13   7   1   3   5   4   2   3   5   4   2   2   4  16   6   1   6   4  0.13 0.11
   48 M     0   0   0  -1  -1   0   0  -1   0   0   0   0   0   0   0   0   0   0   0   0    7   5   5   3   1   5   4   4   3   6  13   7   3   4   5  10   5   2   2   7  0.02 0.02
   49 E    -1   1   2   2  -2   1   1  -2   1  -2  -2   1  -2  -2   0   1   0  -2  -1  -2    5   8  11  14   1   6   7   3   3   3   4   9   1   2   5  10   5   1   2   2  0.19 0.12
   50 P     1  -1  -2  -2  -3  -2  -2  -2  -2  -1   0   1  -2  -3   5  -1   1  -2  -2   0   12   3   2   2   0   1   2   3   1   4   9   8   1   1  31   4   7   1   1   8  0.51 0.26
   51 S     0   1   1   0  -2   0   1  -1   1  -2  -2   0  -1   0  -1   3   0  -2   0  -2    7   6   5   5   1   3   8   4   3   2   4   7   1   4   3  25   5   0   4   3  0.17 0.15
   52 K    -1   1   2   1  -3   1   0  -1   1  -2  -1   1  -1  -1  -2   2   0  -3   0  -1    4   9   9   8   0   7   6   5   3   3   6   7   2   3   1  14   7   0   4   3  0.11 0.11
   53 W    -5  -6  -6  -6  -6  -5  -6  -6  -1   3   2  -6   0   3  -6  -4  -5   8   6   0    1   0   0   0   0   0   0   1   2  14  17   0   2   9   1   1   0  20  24   6  1.36 0.59
   54 K    -3   4  -1  -2  -4   3   0  -4  -1  -1  -2   2  -2  -2  -5   1   3  -4  -1  -1    2  20   3   2   0  11   5   1   2   3   4  12   1   2   0   8  19   0   2   4  0.46 0.33
   55 A     1  -7  -8  -8  -4  -7  -7  -7  -8   2  -2  -6  -2  -3  -7  -5  -4  -8  -6   7   11   0   0   0   0   0   0   0   0  11   3   0   1   1   0   1   1   0   0  70  1.84 0.80
   56 V    -3   4  -4  -5  -4   0  -4  -5   2   1  -1  -1  -1   0  -5  -2  -1   1   3   3    2  24   0   0   0   5   1   1   4   8   7   3   2   4   0   3   4   2   9  21  0.54 0.34
   57 L     1  -6  -7  -5  -2  -5  -6  -5  -5   0   5  -6   2   2  -6  -3  -3  -6  -4   2   11   0   0   1   1   0   0   1   0   5  53   0   4   8   0   2   1   0   0  12  1.04 0.52
   58 G    -5  -5  -6  -7  -8  -6  -7   8  -7  -8  -5  -6  -6  -8  -6  -5  -6  -5  -8  -8    1   1   0   0   0   0   0  92   0   0   1   0   0   0   1   1   0   0   0   0  2.70 1.05
   59 L     1   0  -2   2  -4   0   4  -2  -2   0  -1   1  -1  -3  -4  -1   0  -5  -3  -2   12   5   1  13   0   4  24   3   1   5   7   8   1   1   0   5   6   0   1   3  0.30 0.23
   60 H    -3   0   0  -3  -5  -1  -3  -5   8  -2   0  -3  -3  -1  -4  -2   0   2   4  -2    2   5   5   1   0   3   1   1  37   3  10   2   0   2   1   2   6   2  12   3  1.11 0.50
   61 M    -3   0   4   4  -4   1  -2  -3   2  -2  -3   0  -2  -2  -4   1  -1  -3   0  -3    2   5  21  23   0   7   2   2   4   2   3   6   1   2   1   9   4   0   3   2  0.53 0.32
   62 A    -2   2  -2  -4  -4   2  -2  -3  -2   2   4  -2   0  -1  -4  -2  -1  -2  -3  -1    3  13   2   1   0   8   2   2   1  12  38   1   2   3   0   4   4   1   1   3  0.49 0.30
   63 S     0   1   1   0  -2   0   0   0   0  -3  -2   0  -3  -1  -3   3   1  -1   2  -1    6   7   6   5   1   4   5   6   2   1   3   5   0   3   1  24  10   1   6   3  0.21 0.20
   64 N    -2   1   2   1  -2   1   1   0   1  -2  -3   2  -1  -3  -1   2   0  -4  -2  -1    3   7  10   8   1   7   8   6   3   3   2  11   1   1   2  16   4   0   1   6  0.20 0.17
   65 L    -1   0   0   0  -2   0   0  -2   0   0   1   0   0   0   2   0   0   0   1   0    5   6   5   4   0   3   6   3   3   6  13   5   2   4   9   4   7   1   5   8  0.05 0.05
   66 T    -2   0   2   3  -3  -1   3  -1   1  -4  -3  -1  -3  -2   0   1   2   1  -1  -2    3   4   8  14   1   2  21   4   4   1   3   4   0   2   4   8  11   2   2   3  0.31 0.23
   67 S     0  -1   1   1  -3  -1   3   3  -1  -5  -4   1  -4  -4  -3   2  -1  -3  -2  -3    7   3   7   7   1   2  20  18   1   1   1   8   0   1   1  17   3   0   2   1  0.41 0.29
   68 P     0  -1   0   0  -3  -1   1   1  -1  -3  -2  -1  -3  -2   4   1   2  -2   0  -3    6   2   5   6   0   2   8  10   1   1   4   3   0   2  19  12  13   1   3   2  0.30 0.23
   69 Q    -2   0   0  -1  -3   1   3   2   3  -4  -4   0  -1  -2   0   1   1  -3  -2  -3    2   5   5   2   1   7  23  13   8   1   1   4   1   2   5   9   9   0   1   2  0.36 0.27
   70 I     1  -1  -2  -1  -1   0   2   1   0   0  -1  -1   0  -2   0   0   0  -3  -1   1   12   4   1   2   1   4  14  12   2   5   6   4   2   1   4   7   7   0   2  10  0.08 0.09
   71 E    -3   0  -3  -3  -6   7   1  -5  -1   0  -2   0   0  -2  -3  -2  -1  -5  -1   1    2   5   1   1   0  43   7   0   2   5   3   5   2   2   1   3   5   0   2  10  0.87 0.50
   72 T    -1   0  -1  -1  -2  -1   1  -3   0   1   0   0   0   1  -2   0   2   0   0   1    4   4   2   2   1   2   9   1   2  10  10   6   3   5   1   6  14   1   4  12  0.11 0.12
   73 R    -2   4  -4  -4  -3  -1  -3  -5   1   3   0  -1   1   3  -4  -2  -3  -4   2   1    3  24   0   1   0   2   1   0   4  16   9   3   4  10   1   3   1   0   6  10  0.51 0.32
   74 L     0   2   1   0  -4   0   1   0  -1  -3  -2   1  -2  -2   2   1   0  -2   0  -2    6  10   6   4   0   4   8   7   1   1   4  10   1   2   9  13   6   0   3   2  0.16 0.15
   75 I     0  -6  -7  -8  -3  -7  -5  -6  -8   3  -1  -7  -4  -4  -3  -3  -2  -7  -6   7    7   0   0   0   1   0   1   1   0  17   6   0   0   1   2   2   2   0   0  62  1.53 0.69
   76 D     1   1  -1   1  -4   2   2  -3  -3  -2  -3   3  -3  -5  -4   2  -1  -5  -4  -2   13   7   3   7   0   7  14   1   0   3   2  17   1   0   0  16   4   0   0   3  0.37 0.30
   77 Q    -2   5   0   0  -6   3   1  -4  -1  -5  -5   4  -3  -6  -5  -1  -1  -3  -3  -4    3  25   4   6   0  12   9   1   2   0   1  24   1   0   0   4   5   0   1   1  0.76 0.45
   78 I    -1  -6  -7  -7  -5  -6  -6  -7  -3   7   0  -3  -1  -2  -7  -1  -3  -2   0   3    5   0   0   0   0   0   0   0   1  51   8   2   1   1   0   5   1   1   3  21  1.29 0.59
   79 V    -4  -3  -6  -8  -4  -4  -4  -8   0   7  -1  -4  -2   3  -7  -5  -3  -3   1   3    1   2   0   0   0   1   1   0   2  50   5   1   0  13   0   1   1   0   5  16  1.33 0.60
   80 I    -2   1  -2  -4  -3   0  -3  -4  -3   3   0   0   1  -3   2  -1   0   0  -2   2    3   9   2   0   1   5   1   1   0  20   9   6   3   0  11   5   5   1   2  17  0.34 0.25
   81 N    -7  -6   1  -7  -9  -5  -4  -6  11 -10  -7  -7  -8  -4  -2  -4  -8  -9   0  -9    0   0   6   0   0   0   1   1  83   0   1   0   0   1   2   1   0   0   3   0  3.59 1.32
   82 P    -4  -3  -4  -3  -5  -2   3  -5  -2  -6  -8  -1  -7  -7   7  -1  -5  -5  -5  -6    2   2   1   2   0   2  17   1   1   0   0   4   0   0  59   6   1   0   0   0  1.80 0.86
   83 H    -2   0   3   3  -2   2   0   1   1  -5  -2   2  -2  -3  -4   1  -2  -3   0  -5    2   5  14  15   1   9   5   9   3   0   4  14   1   1   0   9   2   0   3   0  0.38 0.28
   84 Y    -7  -7  -4  -8  -8  -5  -8  -6  -2  -7  -5  -8  -6   6  -5  -6  -7   5   9  -7    0   0   1   0   0   1   0   1   1   0   1   0   0  27   1   0   0   6  60   0  2.73 1.06
   85 N    -4  -1   6   4  -4   0  -1  -4  -1  -3  -5  -1  -5  -4  -5   2  -1  -1  -2  -2    1   3  37  18   0   3   3   1   1   1   1   4   0   1   0  13   3   1   2   3  0.91 0.51
   86 K     0   1  -1   0  -3  -1   0  -1   0  -1  -3   1   0  -1   3   2   0  -3   1  -2    7   8   3   5   0   2   5   5   3   3   2   7   3   2  14  18   5   0   5   3  0.21 0.20
   87 R    -1   1   2   1  -4   1   1  -1   0  -2  -1   1  -2   0   0   1   0   1   0  -1    5   8   9   8   0   7   7   4   2   2   5   7   1   5   4  10   6   2   4   5  0.10 0.10
   88 R    -1  -1   3   0  -5  -2  -1   0  -1  -4  -2  -2  -3  -4  -2   1   5  -3  -3  -3    5   3  12   5   0   2   4   6   2   1   4   2   0   1   2  11  36   0   1   2  0.57 0.40
   89 K    -2  -3   0  -2  -1  -3  -2  -3   3   2   1  -1   2   3  -2   0  -1  -3   4   0    2   1   6   2   1   1   2   2   7  10  13   5   5  11   2   7   5   0  14   6  0.28 0.21
   90 N    -3  -1   3   5  -5  -1   0   1   0  -4  -4  -2  -2  -4  -4   1  -2  -5  -1  -3    2   4  14  34   0   3   6  12   3   1   1   2   1   1   1   9   2   0   3   2  0.68 0.40
   91 N     0  -3   7  -2  -5  -4  -6   0   4  -7  -7  -4  -7   0  -7  -1  -5  -6   5  -6    7   1  48   2   0   1   0   6   9   0   0   1   0   4   0   4   0   0  16   0  1.50 0.72
   92 D    -8  -8  -4   9  -9  -7  -5  -7  -7  -9  -9  -7  -9  -9  -8  -7  -7 -10  -9  -9    0   0   1  97   0   0   0   0   0   0   0   0   0   0   0   0   0   0   0   0  3.40 1.29
   93 I    -6  -8  -8  -8  -7  -8  -8  -9  -8   8   1  -8  -2   0  -8  -8  -6  -8  -3   2    0   0   0   0   0   0   0   0   0  73  10   0   1   3   0   0   0   0   1  11  2.21 0.87
   94 A     7  -6  -7  -7   0  -5  -7  -3  -6  -6  -6  -6   5  -7  -7  -1  -2  -8  -7  -4   74   0   0   0   2   0   0   2   0   0   1   0  13   0   0   5   2   0   0   1  1.95 0.91
   95 M    -6  -8  -9  -9  -7  -8  -8  -9  -8   1   7  -8   1  -5  -8  -8  -7  -7  -7   1    0   0   0   0   0   0   0   0   0   7  81   0   3   0   0   0   0   0   0   8  2.05 0.86
   96 M    -4  -7  -8  -8  -6  -7  -8  -8  -8   4   5  -7   3  -1  -8  -7  -5  -3  -4   3    1   0   0   0   0   0   0   0   0  23  52   0   5   2   0   0   0   0   0  15  1.45 0.65
   97 H    -5   4  -5  -5  -8   3   3  -7   3  -4  -3   6  -4  -7  -6  -4  -4  -5  -3  -4    1  19   0   0   0  13  15   0   5   1   3  38   0   0   0   1   1   0   1   1  1.22 0.64
   98 L    -6  -8  -9  -9  -4  -8  -8  -9  -8  -1   7  -8   1  -2  -9  -7  -5  -7  -5  -3    0   0   0   0   0   0   0   0   0   3  89   0   2   2   0   0   1   0   0   2  2.24 0.93
   99 E     2   0   0   2  -4   0   2  -3   0  -5  -5   2  -5  -5  -2   3   0  -3  -3  -4   16   5   4  11   0   5  13   1   2   0   1  11   0   0   1  22   5   0   1   1  0.45 0.34
  100 M    -2   2  -1  -1  -5   2   2  -1   1  -4  -4   2  -3  -3  -2   3   2  -6  -2  -3    3  11   2   3   0   9  13   4   3   1   1  12   0   1   2  20  11   0   1   1  0.41 0.32
  101 K     0  -1  -3  -2   2  -1  -1  -6  -5  -8  -7  -1  -6  -8   7   0  -1  -9  -6  -6    7   3   1   3   4   3   4   0   0   0   0   4   0   0  59   7   3   0   0   0  1.64 0.80
  102 V     3  -6  -7  -7  -4  -7  -6  -7  -7   3   1  -7  -1  -1  -4  -4  -3  -5  -6   5   22   0   0   0   0   0   0   0   0  12  14   0   1   3   1   1   1   0   0  43  1.13 0.57
  103 N    -1   0   2   0  -5   2   1  -3  -1  -1  -3   0  -3  -4   0   0   4  -6  -4   0    4   6  10   5   0   9   8   1   2   4   2   6   0   1   6   7  23   0   0   8  0.32 0.28
  104 Y    -4  -4  -7  -7  -1  -5  -2  -7  -6   2   3  -4   0   7  -4  -5  -4  -3   4  -3    1   1   0   0   1   1   3   0   0  10  24   1   2  39   1   1   1   0  11   2  1.23 0.58
  105 T    -4  -3   5  -1  -6  -4  -4   0  -4  -7  -7  -4  -5  -6  -4   4   4  -8  -7  -5    1   1  24   4   0   0   1   7   0   0   0   1   0   0   1  33  27   0   0   0  1.21 0.68
  106 D    -1   0   1   4  -5   1   1  -2  -1  -5  -5   1  -2  -6   0   2   0  -3  -3  -4    6   4   7  25   0   6   9   3   2   1   1   8   1   0   6  14   5   0   1   1  0.46 0.33
  107 Y     0   0   1  -2  -6  -1  -3  -3   4  -4  -2   0  -3   2  -5   0   1  -2   6  -1    6   6   8   2   0   2   1   2   8   1   4   5   0   7   0   7   9   0  26   4  0.57 0.37
  108 I    -2  -5  -8  -7  -4  -3  -8  -8  -7   6  -3  -6  -2  -5  -8  -5  -2  -8  -6   6    3   1   0   0   0   1   0   0   0  35   2   1   1   0   0   1   3   0   0  51  1.73 0.75
  109 Q    -1   4  -2  -4  -5   5  -2  -2   2  -1   0   1  -2  -5  -6   0  -2   0  -4  -2    5  19   2   0   0  26   1   3   5   3   9   9   1   0   0   7   2   1   1   3  0.60 0.41
  110 P    -1  -3  -6  -7  -8  -7  -6  -8  -8  -4  -2  -4  -8  -5   8  -3   0  -5  -3  -2    5   2   0   0   0   0   0   0   0   1   4   1   0   1  73   2   6   0   1   3  2.23 1.00
  111 I     2  -7  -7  -8  -5  -7  -7  -3  -8   6  -2  -7  -3  -5  -7  -4  -5  -8  -6   5   18   0   0   0   0   0   0   2   0  38   3   0   0   0   0   1   0   0   0  36  1.48 0.67
  112 C    -1  -5  -4  -3  11  -4  -5  -5  -5  -6  -6  -2  -6  -8  -1  -1  -2  -8  -8  -4    5   1   1   2  71   1   1   1   0   0   1   3   0   0   3   5   2   0   0   1  2.88 1.07
  113 L    -7  -7  -8  -9  -7  -5  -8  -9  -8   1   7  -8   0  -4  -8  -8  -6  -7  -6  -1    0   0   0   0   0   1   0   0   0   6  86   0   2   0   0   0   0   0   0   4  2.15 0.89
  114 P     0  -6  -6  -7  -7  -5  -6  -4  -7  -7  -7  -6  -4  -7   8  -4  -4  -8  -5  -5    9   0   0   0   0   1   0   1   0   0   1   0   1   0  82   1   1   0   0   1  2.71 1.12
  115 E     0  -1   0   2  -4   0   3  -2  -1  -4  -3  -1  -2  -2   2   2   1  -4  -4  -2    9   3   5  10   0   5  17   2   1   1   3   3   1   2  10  16   8   0   0   3  0.31 0.25
  116 E     2  -1  -2  -2  -5   1   1  -2  -1  -3  -4   2  -3  -2   3   2   0  -1  -2  -2   20   4   1   2   0   6   7   2   1   1   2  11   0   2  12  19   4   1   1   3  0.35 0.29
  117 N    -2   0   3   2  -2  -1   0   2  -1  -4  -4  -2  -4  -2  -2   2   1  -3  -3  -4    3   5  12  13   1   3   6  18   1   1   1   2   0   2   2  18   9   0   1   1  0.41 0.29
  118 Q     0  -1   0   1  -4   2   2  -4   2  -3  -2  -1   0   0   0   1   0  -3   1  -1    6   4   5   9   0  11  14   1   5   1   4   2   3   4   4  11   7   0   5   5  0.20 0.19
  119 V    -1   0   1   1   3   1   1  -2  -1   0   0   0   0  -3   0   0   1  -4  -3   0    5   4   6   7   8   6  11   2   1   6   8   7   2   1   4   6   9   0   1   7  0.12 0.12
  120 F    -1  -4  -3  -5  -5  -4  -4  -6  -3   1   3  -5  -1   5   2  -3  -2   1   0   2    4   1   1   0   0   1   1   0   1   6  27   0   1  25  10   2   2   2   3  12  0.71 0.39
  121 P     1  -2  -1  -1  -4   0   1  -3  -2  -2  -2   0   0  -2   5   1   1  -4  -1  -1   10   2   3   3   0   4   8   1   1   2   5   6   2   2  26   9   9   0   3   4  0.40 0.28
  122 P     2  -2   2   2  -5  -1   0  -2   1  -2  -4  -1  -4  -4   4   1  -1  -4  -3  -1   19   2   8  12   0   3   5   3   3   2   1   4   0   1  18   9   4   0   1   5  0.37 0.27
  123 G    -3  -2   3  -1  -5  -2  -4   6  -2  -5  -5  -3  -3  -3  -3  -2  -2   2   0  -5    2   3  11   3   0   2   1  58   1   1   1   2   1   1   2   2   3   3   3   1  1.19 0.58
  124 R    -1   1  -2   0  -5   1   0  -4   1  -3  -2   0   1  -1  -3   1   5  -6   0  -3    4   8   1   4   0   6   6   1   3   1   3   6   4   2   1  10  35   0   4   1  0.52 0.38
  125 I    -1   0   1   0  -3   1   1  -3  -1   0  -1   1   2  -2   1   1   1  -2  -1  -1    3   6   7   5   0   6   9   1   1   6   7   9   7   1   7   9   9   0   3   3  0.12 0.14
  126 C     0  -9  -7  -9  11  -8  -9   0  -6  -5  -3  -8  -3  -7  -4  -2  -3  -5  -8   0    9   0   0   0  67   0   0   7   0   1   2   0   1   0   1   3   2   0   0   6  2.77 1.05
  127 S    -4  -1  -6  -7  -6  -2  -3  -7   0   1   0  -5   0   1  -7  -2   2   9   4   1    2   3   0   0   0   2   2   0   2   7  10   1   2   5   0   4  14  23  14   9  1.05 0.54
  128 I     0  -8  -8  -8  -6  -7  -8  -8  -8   5  -4  -7  -3  -6  -8  -6   0  -8  -7   7    6   0   0   0   0   0   0   0   0  25   1   0   0   0   0   0   5   0   0  62  1.88 0.81
  129 A     2  -6  -5  -6  -5  -6  -6  -6  -7  -1  -4  -6  -6  -7  -6   4   6  -8  -7  -3   15   0   0   0   0   0   0   0   0   4   2   0   0   0   0  32  46   0   0   2  1.52 0.80
  130 G    -6  -8  -7  -7  -9  -8  -8   8  -8  -9  -9  -8  -9  -9  -8  -7  -8  -9  -9  -9    0   0   0   0   0   0   0  98   0   0   0   0   0   0   0   0   0   0   0   0  3.09 1.19
  131 W   -10 -10 -10 -11  -9  -9 -10 -10  -9  -9  -9 -10  -9   0 -10 -10  -9  13   0 -10    0   0   0   0   0   0   0   0   0   0   0   0   0   4   0   0   0  93   2   0  5.21 1.76
  132 G    -5  -8  -7  -7  -9  -8  -8   8  -8 -10  -9  -8  -9  -9  -6  -6  -8  -9  -9  -9    0   0   0   0   0   0   0  98   0   0   0   0   0   0   0   0   0   0   0   0  3.05 1.18
  133 A     1   3   2   0  -5   0  -1  -4   2  -3  -2   1  -1  -1  -4   1   1  -3   1  -1   11  16  12   5   0   4   2   0   5   1   4   9   1   2   0   8   9   0   5   4  0.29 0.24
  134 L    -4  -2  -4  -4  -6  -1  -3  -7  -2   2   3  -4   0  -5  -5  -3   6  -7  -4   1    1   2   0   1   0   3   2   0   1  11  23   1   2   0   1   1  43   0   1   7  1.00 0.56
  135 I    -1   1   0   0  -3   3   1  -1   1  -3  -2   2  -1  -1  -3   2   0  -1   0  -2    5   9   3   4   1  12   9   4   3   1   4  12   2   3   1  16   5   1   4   2  0.21 0.20
  136 Y    -2  -3   1   0  -6   0   5  -3   0  -4  -4  -2  -3  -1   0   2   1  -4   2  -3    3   1   7   4   0   3  34   1   2   1   2   2   1   3   5  12   9   0   8   2  0.58 0.39
  137 Q    -2   0   3   2  -6   0  -1   4  -1  -5  -4   0  -4  -3  -1   1   0  -6  -2  -5    3   5  12  12   0   4   4  31   2   0   2   6   0   1   3   9   5   0   1   1  0.52 0.34
  138 G     0  -3  -2   0  -4  -1  -1   6  -4  -3  -3  -4  -3  -2  -5   0  -1   1  -3   0    6   1   2   5   0   3   4  49   0   1   3   1   1   2   0   6   4   2   1   7  0.78 0.43
  139 S    -1   1   1   0  -5   0   1  -2  -1  -4  -4   1  -1  -3   4   2  -1  -6  -2  -2    5   6   7   4   0   3   9   4   1   1   2   8   1   1  21  17   4   0   2   2  0.41 0.30
  140 T    -1  -3  -2  -3  -4  -1  -2  -1  -1   0   2  -2   1   1   0   1   2  -3   3  -1    4   1   2   1   0   3   2   4   1   6  22   2   3   4   5  12  14   0  11   3  0.24 0.23
  141 A     2  -4  -3  -6  -7  -1  -5  -4  -7  -7  -7  -6  -7  -8   6   4   0  -8  -6  -4   16   1   2   0   0   3   1   1   0   0   0   0   0   0  41  29   5   0   0   1  1.43 0.75
  142 D    -1   1   3   4  -2   1   1  -2  -1  -5  -3  -1  -3  -3   1   1   1  -6  -1  -3    5   6  12  21   1   5   7   3   1   0   3   4   1   1   7  11   9   0   2   1  0.35 0.27
  143 V    -1   0  -1  -1  -3   0  -1  -4   0   2   0   0  -1  -1  -2  -1   2  -4  -1   3    4   5   3   4   0   4   4   1   3  13   7   6   1   2   2   3  16   0   2  21  0.23 0.21
  144 L    -7  -8  -9  -9  -7  -5  -9 -10  -9  -3   7  -8  -1  -6  -9  -8  -7  -8  -7  -2    0   0   0   0   0   1   0   0   0   1  95   0   1   0   0   0   0   0   0   2  2.50 1.02
  145 Q    -7   3  -2  -6  -9   8  -4  -8   0  -8  -2   1   3  -8  -7  -5  -7  -8  -4  -8    0  14   2   0   0  61   0   0   2   0   5   8   6   0   0   0   0   0   1   0  1.99 0.95
  146 E    -1  -2  -5  -3   5   5   5  -3  -3  -7  -7   2  -2  -5  -6  -4  -4  -5   0  -3    4   2   0   1  12  20  36   2   0   0   0  13   1   1   0   1   1   0   3   3  1.15 0.63
  147 A     4  -7  -7  -7  -6  -6  -7  -1  -7  -1   1  -6  -2  -6  -5  -5  -1  -7  -6   5   37   0   0   0   0   0   0   5   0   3  11   0   1   0   0   0   4   0   0  38  1.18 0.62
  148 D    -1   0   2   2  -5   3   3  -3   0  -4  -2   1  -1  -3  -2   0   1  -3  -1  -2    4   6  12  10   0  11  17   2   2   0   5   7   2   1   1   7   8   0   2   3  0.31 0.25
  149 V    -2  -7  -8  -8  -4  -3  -7  -8  -8   3   2  -6   0  -3  -7  -7  -4  -7  -6   6    4   0   0   0   0   1   0   0   0  12  20   0   2   1   0   0   1   0   0  57  1.53 0.69
  150 P    -5   0  -1  -2  -8   0  -2  -4   0  -6  -5   1  -7  -5   7  -2  -2  -9  -5  -7    1   5   3   2   0   4   3   1   2   1   1   7   0   1  60   4   3   0   0   0  1.65 0.80
  151 L    -4  -3  -7  -8  -6  -6  -7  -8  -6   5   4  -5  -2  -2  -6  -4  -2  -7  -1   4    1   2   0   0   0   0   0   0   0  34  31   1   0   1   0   1   3   0   2  23  1.23 0.57
  152 L    -4  -5  -8  -8  -6  -6  -7  -8  -5   6   2  -6   2  -2  -6  -6  -4   2  -1   5    1   1   0   0   0   0   0   0   0  35  20   0   4   1   0   0   1   3   3  31  1.30 0.59
  153 S    -2  -3   2   4  -5  -4   0  -2  -2  -6  -6  -3  -4  -7   2   4   0  -8  -5  -6    2   2   9  25   0   0   6   3   1   0   1   1   1   0  11  32   5   0   0   0  0.89 0.54
  154 N    -3   2   5   0  -6   3  -1  -5   3  -4  -2  -1  -3  -3  -3   1   0   0   1  -4    1  12  25   6   0  14   3   0   7   1   4   2   1   1   1   8   6   1   5   1  0.60 0.40
  155 E     1   0   0   2  -6   2   3  -4   1  -5  -5   1  -4  -4  -3   1   1  -5  -5  -4   13   4   5  10   0   9  22   1   3   0   0  10   0   1   1  11   8   0   0   1  0.48 0.35
  156 K    -1   1  -1   1  -5   2   2  -4  -1   0  -1   1  -1  -3  -4  -1   2  -3  -4   1    4   8   2   8   0  11  15   0   1   5   6   8   1   1   0   3  14   0   0  11  0.29 0.25
  157 C    -8 -10 -10 -10  12 -10  -7  -9 -10  -8  -8 -10  -8  -9 -10  -8  -8  -9  -9  -6    0   0   0   0  98   0   0   0   0   0   0   0   0   0   0   0   0   0   0   0  4.92 1.63
  158 Q    -2   2   5   0  -6   3   1  -4  -2  -3  -4   2  -2  -5  -5   2  -2  -7  -5  -3    3  10  26   5   0  12   9   1   1   2   2  11   1   0   0  13   2   0   0   2  0.68 0.43
  159 Q     1   3   1   0   0   3   1  -2   1  -4  -3   2  -4  -5  -4   2  -2  -3  -4  -4   10  14   6   4   2  13  10   2   3   1   3  14   0   0   0  15   2   0   0   1  0.42 0.32
  160 Q     2  -1  -1   0  -2   0  -1  -3   0  -1   0   0   1  -2  -3   3  -1   1   1  -1   18   4   2   6   1   4   2   1   2   3  10   5   4   2   1  21   4   2   5   4  0.19 0.21
  161 M    -3  -4  -5  -6  -7  -6  -6  -6  -1  -3   0  -5   1   2  -6  -2  -2   5   8  -1    2   1   1   1   0   0   0   1   1   1   8   0   3   7   0   4   3   7  54   5  1.72 0.76
  162 P    -2   0  -1  -2  -3  -1  -1   1   2  -3  -2   0  -3  -1   3   1  -2   5   4  -3    2   6   2   2   0   3   3  11   5   2   5   5   0   2  14   9   3   7  17   2  0.42 0.29
  163 E    -2   0   3   1  -5   1   1   3  -1  -4  -4   1  -2  -5  -1   1  -1   0  -2  -4    3   5  12   9   0   6   7  23   1   1   1   8   1   0   3  11   4   1   2   1  0.38 0.27
  164 Y     0  -1   0  -1  -3  -1  -1   3   2  -1  -1   0   0   0  -2   1  -1  -3   2  -1    6   4   5   4   0   2   3  21   5   4   7   5   3   5   2  11   3   0   7   4  0.14 0.12
  165 N     0   2   2   0  -4   1   0   0  -2  -1  -1   2   0  -2  -1   1   1  -4  -1  -2    6  11  10   4   0   7   5   8   1   3   5  12   3   2   2   8  10   0   2   2  0.14 0.14
  166 I    -6  -7  -8  -7  -7  -8  -8  -9  -5   7   0  -7  -2  -1  -8  -6  -5  -8  -3   4    0   0   0   0   0   0   0   0   0  62   9   0   1   3   0   0   0   0   1  23  1.95 0.79
  167 T    -5  -1  -2  -1  -6   0  -4  -5   0  -2  -2   1  -2  -4  -2   1   6  -2  -1  -4    0   3   2   4   0   3   1   1   2   2   4   8   1   1   2   8  54   1   2   1  1.08 0.63
  168 E    -2  -2   2   5  -7  -1   3  -3  -3  -5  -6   0  -6  -7   3   1  -1  -6  -6  -6    3   2   9  28   0   3  15   2   1   1   0   5   0   0  15  12   4   0   0   0  0.81 0.48
  169 N    -3   3   5   2  -6  -2  -2   0   0  -5  -5  -1  -5  -4  -6   1   2  -4  -2  -3    2  13  27  11   0   1   2   8   2   0   1   3   0   1   0  11  12   0   2   2  0.67 0.42
  170 M    -7  -8  -1  -9  -8  -3  -3  -8  -3  -4  -5  -7  11  -1  -7  -5  -4  -8  -6  -2    0   0   3   0   0   1   3   0   1   1   0   0  83   3   0   1   1   0   0   2  3.41 1.32
  171 V    -6  -7  -8  -8  -6  -6  -8  -8  -7   5   4  -7   3   4  -8  -7  -5  -4  -5   2    0   0   0   0   0   0   0   0   0  27  38   0   6  16   0   0   0   0   0  13  1.39 0.62
  172 C    -8 -11 -10 -11  12 -10 -11  -7 -10  -8  -9 -10  -9  -6 -10  -8  -8  -9 -10  -8    0   0   0   0  99   0   0   0   0   0   0   0   0   0   0   0   0   0   0   0  4.96 1.64
  173 A     7  -7  -7  -8  -6  -7  -7  -4  -7  -5  -6  -7  -7  -8  -6  -3  -4  -8  -8  -2   92   0   0   0   0   0   0   1   0   1   1   0   0   0   0   1   1   0   0   3  2.46 1.06
  174 G    -4  -6  -6  -6  -5  -6  -5   8  -8  -7  -9  -7  -6  -9  -8  -3  -7  -8  -9  -7    1   0   0   0   0   0   1  93   0   0   0   0   0   0   0   2   0   0   0   0  2.73 1.08
  175 Y    -3  -5  -1   1  -6  -3  -2   0   2  -2  -1  -4  -3   4  -5  -1  -2  -2   7  -1    2   1   3   7   0   1   2   8   5   2   5   1   0  14   1   5   3   0  36   5  0.90 0.47
  176 E    -1   0  -1  -1  -4   0   1  -3  -2   0   2   1   2  -2   3  -1   0  -3  -2  -2    5   5   2   3   0   4   9   2   1   5  22   8   6   1  14   5   5   0   1   2  0.21 0.18
  177 A     1   0   1   3  -6   2   4  -1  -1  -5  -4   0  -4  -5  -3   0  -1  -4  -4  -4   10   5   6  14   0  10  28   4   1   1   2   6   0   0   1   7   4   0   1   1  0.53 0.35
  178 G    -3  -3  -3  -3  -4  -3  -2   7  -4  -6  -7  -3  -4  -7  -5  -1  -4   0  -3  -6    2   2   1   2   0   1   3  75   0   0   1   2   0   0   1   5   1   1   1   1  1.79 0.77
  179 G    -3   0  -2  -4  -7   0  -3   6  -3  -3  -6   0  -3  -7  -4   0  -3  -5  -6  -3    2   5   2   1   0   4   2  62   1   2   1   7   1   0   1   6   2   0   0   3  1.28 0.61
  180 V    -2   2  -4  -5  -6   0  -2  -4  -1   1  -4   6  -1  -3  -4  -2   0  -7  -2   2    3   9   1   0   0   3   2   1   2   9   1  45   1   1   1   2   5   0   1  12  0.88 0.50
  181 D    -3  -6  -2   8  -7  -6  -4  -2  -7  -9  -9  -7  -9  -9  -7  -1  -4  -9  -9  -9    2   0   2  85   0   0   0   3   0   0   0   0   0   0   0   5   1   0   0   0  2.67 1.09
  182 S     4  -5  -5  -6  -6  -5  -6  -2  -6  -3  -5  -6  -6  -6  -4   5   2  -8  -7  -3   33   0   0   0   0   0   0   2   0   1   1   0   0   0   1  45  13   0   0   2  1.37 0.74
  183 C    -8 -10 -10 -10  12 -10 -11  -8 -10  -8  -8 -10  -9  -6 -10  -8  -8  -9  -9  -8    0   0   0   0  99   0   0   0   0   0   0   0   0   0   0   0   0   0   0   0  4.95 1.64
  184 Q    -4  -1   1  -4  -8   8  -1  -6  -1  -6  -5   1   0  -5  -7  -3  -5  -4  -2  -4    1   3   6   1   0  64   4   1   1   0   2   8   3   1   0   2   0   0   1   1  1.82 0.90
  185 G    -5  -7  -4  -6  -9  -7  -8   8  -8 -10 -10  -8  -7  -9  -9  -7  -8  -9  -7  -5    1   0   1   0   0   0   0  96   0   0   0   0   0   0   0   0   0   0   0   1  2.95 1.16
  186 D    -8  -8  -5   9 -10  -7  -5  -8  -8 -10 -10  -7 -10 -10  -8  -7  -5 -11  -7 -10    0   0   0  98   0   0   0   0   0   0   0   0   0   0   0   0   1   0   0   0  3.48 1.34
  187 S    -5  -7  -5  -7  -7  -7  -7  -4  -7  -7  -9  -7  -8  -9  -7   8  -4  -9  -6  -6    1   0   0   0   0   0   0   1   0   0   0   0   0   0   0  96   1   0   0   1  2.84 1.26
  188 G    -5  -8  -7  -7  -9  -8  -8   8  -8 -10 -10  -8  -9  -9  -8  -7  -8  -9  -9  -9    0   0   0   0   0   0   0  98   0   0   0   0   0   0   0   0   0   0   0   0  3.10 1.19
  189 G    -6  -9  -7  -8  -9  -8  -8   8  -8 -10 -10  -8  -9  -9  -9  -4  -8  -9  -9  -9    0   0   0   0   0   0   0  98   0   0   0   0   0   0   0   2   0   0   0   0  3.08 1.19
  190 P    -5  -5  -9  -9 -10  -8  -8  -9  -9 -10  -8  -8 -10 -11   9  -6  -8 -11 -10 -10    1   1   0   0   0   0   0   0   0   0   0   0   0   0  97   0   0   0   0   0  3.66 1.45
  191 L    -6  -8  -9  -9  -7  -8  -8  -9   1  -3   7  -8   3   0  -9  -8  -7  -7  -5   0    0   0   0   0   0   0   0   0   3   0  81   0   6   3   0   0   0   0   0   6  2.02 0.87
  192 M     0  -7   0  -7  -6  -1  -7  -7  -2   1  -2  -7   5  -5  -7  -2  -1  -8  -4   6    8   0   5   0   0   3   0   0   1   6   3   0  12   0   0   3   4   0   1  55  1.32 0.66
  193 C    -2  -7  -5  -6  11  -3  -8  -8  -1  -2  -3  -8   0  -5  -8  -2   1  -4  -1   0    4   0   1   1  64   1   0   0   1   2   2   0   3   1   0   3   7   0   3   6  2.53 0.97
  194 Q    -3   1   3   1  -6   3   3  -2   0  -6  -3   2  -2  -2   0  -1  -3  -3  -1  -4    1   7  13   6   0  14  17   3   2   0   3  12   1   2   6   5   1   0   2   1  0.44 0.32
  195 E    -1   0   1   2  -5   0   1   3   0  -2  -3   1  -2   0  -3   0  -1  -1   1   0    3   5   6  11   0   5   9  20   3   3   1   8   1   4   1   5   3   1   4   8  0.20 0.18
  196 N    -2   0   4   3  -3   1   1   0   1  -5  -5   2  -4  -5  -2   1  -2  -5  -4  -4    3   5  18  17   1   7  10   7   3   1   1  11   0   0   2  10   2   0   0   1  0.49 0.30
  197 N    -2   0   2   2  -1  -1  -1   5  -1  -4  -3   0  -3  -3  -3   0  -1  -3  -3  -3    2   4  11  10   1   2   5  38   1   1   3   5   0   1   1   7   3   0   1   2  0.58 0.28
  198 R    -1   4  -2  -2  -3   1  -1  -2   0   0  -2   1  -1  -2  -1   0   2  -3  -1   1    6  22   2   2   0   6   3   3   2   6   3   8   1   1   2   6  15   0   2   9  0.27 0.19
  199 W    -3  -4  -4  -4  -4  -3  -3  -4  -1  -3  -3  -3   1   2  -3  -3  -2  11   4  -3    3   1   1   1   0   1   2   2   2   2   3   2   3   7   2   3   2  50  12   2  2.16 0.71
  200 L    -2  -2  -3  -4  -4   0  -1  -4   2   1  -1  -2  -2   3  -4  -2   2   1   5   2    2   2   1   1   0   5   5   1   4   8   5   2   1  13   1   2  11   2  17  17  0.47 0.28
  201 L    -6  -7  -7  -8  -7   4  -6  -8  -5   0   5  -6  -2  -4  -8  -7  -4  -7  -6   3    0   0   0   0   0  18   0   0   0   4  59   0   1   0   0   0   1   0   0  16  1.52 0.73
  202 A     2  -2  -5  -6  -2   2  -4  -5   3   2  -2  -4   0  -1  -6  -3   1  -3   1   4   16   2   0   0   1  11   0   1   8  10   3   0   2   3   0   1   7   0   5  30  0.63 0.41
  203 G    -5  -7  -7  -8  -9  -8  -9   8  -9 -10 -10  -8  -9 -10  -9  -5  -8  -9  -9 -10    1   0   0   0   0   0   0  98   0   0   0   0   0   0   0   1   0   0   0   0  3.09 1.20
  204 V    -4  -8  -8  -4  -6  -8  -8  -9  -9   7   0  -8  -4  -6  -8  -6  -4  -8  -7   5    1   0   0   1   0   0   0   0   0  51  10   0   0   0   0   0   1   0   0  36  1.88 0.78
  205 T    -2  -8  -8  -8  -6  -7  -8  -7  -8   1  -4  -7  -3  -7  -8  -6   4  -8  -7   7    3   0   0   0   0   0   0   0   0   7   1   0   0   0   0   0  22   0   0  66  1.94 0.86
  206 S    -5  -8  -5  -7  -8  -7  -7  -7  -8  -7  -9  -7  -8  -9  -7   8  -5 -10  -8  -7    0   0   0   0   0   0   0   0   0   0   0   0   0   0   0  98   0   0   0   0  2.98 1.30
  207 F    -6  -8 -10 -11  -9  -9 -10  -6  -3  -7  -8  -8  -8   5 -11  -9  -7  13   0  -9    1   0   0   0   0   0   0   1   1   0   0   0   0  18   0   0   0  76   2   0  4.27 1.50
  208 G    -5  -8  -6  -6  -9  -8  -6   8  -8 -10 -10  -8  -9 -10  -7  -4  -8  -9  -9  -7    1   0   0   0   0   0   1  96   0   0   0   0   0   0   0   2   0   0   0   0  2.92 1.14
  209 Y    -3  -1  -1   1  -5  -1   2  -3   1   1  -1   0  -1   0  -3   1  -1  -2   4   0    1   4   3  10   0   3  14   1   3  10   6   5   2   3   1   9   4   0  16   6  0.25 0.22
  210 Q    -3  -2  -4  -2  -8  -3  -1   7  -5  -7  -6  -1  -5  -7   0  -1  -5  -8  -7  -5    2   3   1   2   0   2   5  70   0   0   1   3   0   0   5   5   1   0   0   1  1.61 0.74
  211 C    -8  -7  -5  -6  12 -10  -9 -10 -10  -9  -9 -10  -7  -8 -10  -8  -6  -6 -10  -7    0   0   1   1  96   0   0   0   0   0   0   0   0   0   0   0   1   0   0   0  4.75 1.59
  212 A     5  -5   1  -3   2  -6  -6   5  -7  -7  -8  -6  -7  -8  -7  -3  -5  -4  -8  -5   51   1   5   2   3   0   0  34   0   0   0   0   0   0   0   2   0   0   0   0  1.52 0.75
  213 L    -2   4   0  -1  -4   3   2  -4  -1  -3   0   2  -1  -5  -5  -1  -1  -5  -1  -2    3  25   4   4   0  15  12   1   2   2  10   9   1   0   0   3   3   0   3   3  0.51 0.35
  214 P     1   2  -4  -3  -7  -2  -1  -5  -4  -3  -4   3  -4  -6   6  -3  -3  -4  -2  -1   11   9   1   1   0   2   4   1   0   2   2  14   1   0  43   2   2   0   2   5  1.07 0.58
  215 N    -4   0   6   1  -7  -1  -1   3   0  -5  -4   1  -2  -5  -6  -1  -3  -3   0  -7    1   5  36   8   0   3   3  22   2   1   2   7   1   0   0   4   1   0   3   0  0.91 0.51
  216 R    -2   3  -1  -4  -6  -1  -4  -4   1  -3  -1   5  -2   2  -6  -1  -1  -5   5  -2    3  13   3   0   0   2   0   1   3   1   6  29   1   8   0   5   4   0  18   2  0.73 0.44
  217 P    -7  -9  -5  -8 -10  -8  -8  -9  -8  -7  -9  -8  -9  -2   9  -8  -8  -9   2  -7    0   0   1   0   0   0   0   0   0   0   0   0   0   2  89   0   0   0   7   0  3.26 1.32
  218 G    -2  -8  -6  -4  -8  -8  -5   7  -8  -8  -7  -7  -9  -9  -8  -2  -1  -9  -9  -7    3   0   0   1   0   0   1  86   0   0   1   0   0   0   0   4   4   0   0   0  2.43 0.98
  219 V    -6  -9  -9  -9  -7  -9  -9  -7  -9   3  -5  -9  -4  -3  -9  -8  -6  -9  -7   8    0   0   0   0   0   0   0   0   0  12   0   0   0   1   0   0   0   0   0  85  2.59 1.03
  220 Y    -8  -9  -7 -10  -4  -9  -9 -10  -5  -8  -8  -9  -8   3 -10  -8  -9  -5  10  -8    0   0   0   0   0   0   0   0   0   0   0   0   0  11   0   0   0   0  88   0  3.72 1.37
  221 A     2  -7  -6  -7  -4  -6  -7  -3  -4  -2  -6  -6  -3  -8  -6   1   7  -8  -7  -1   16   0   0   0   0   0   0   2   0   2   0   0   1   0   0   8  66   0   0   4  1.81 0.87
  222 R    -4   7   2  -1  -8  -1  -3  -6  -1  -8  -3   4  -5  -6  -7  -1  -5  -8  -5  -6    1  48   9   4   0   3   2   0   1   0   3  21   0   0   0   6   0   0   0   1  1.38 0.67
  223 V    -6  -8  -9  -9  -7  -8  -7  -9  -9   2   0  -8  -2  -6  -5  -7  -1  -9  -7   7    0   0   0   0   0   0   0   0   0   8   8   0   1   0   1   0   4   0   0  78  2.16 0.89
  224 P     1  -3  -2  -4   4   0  -4  -3  -3  -2  -5  -5  -3  -2  -1   5   3  -1  -3  -3   11   2   1   1   9   4   1   2   1   3   0   0   1   2   4  37  19   1   1   1  0.79 0.51
  225 R     1   2   2  -2  -5   0   0  -4   2  -4  -3   2  -2  -2  -3   1  -1  -4   3  -2   13  10  11   1   0   3   7   0   5   1   2  14   1   2   1  12   3   0  10   3  0.36 0.28
  226 F    -4  -8  -6  -9  -8  -7  -8  -9   1  -4   0  -8  -2   6  -8  -6  -6  -4   8  -1    1   0   0   0   0   0   0   0   2   1   8   0   1  32   0   0   0   0  49   5  2.24 0.91
  227 T    -3   3   0  -4  -5   0  -2  -5  -1   2   2  -1   0  -2  -4  -1   1  -4  -1   2    1  16   5   1   0   5   2   0   1  11  22   3   2   1   0   4   8   0   2  16  0.35 0.26
  228 E    -2  -1   2   5  -7   0   1  -1  -2  -7  -5   1  -4  -7   2   2  -1  -7  -5  -6    3   3   8  33   0   4   7   4   1   0   1   9   0   0   9  14   4   0   0   0  0.73 0.44
  229 W   -10 -10 -12 -12 -10 -10 -11 -10 -10 -10  -8 -11  -9   0 -12 -11 -10  13  -3 -11    0   0   0   0   0   0   0   0   0   0   0   0   0   4   0   0   0  95   1   0  5.39 1.78
  230 I    -7  -9  -9  -9  -7  -9  -9 -10  -9   8  -1  -9   1  -5  -9  -8  -7  -9  -7   1    0   0   0   0   0   0   0   0   0  84   6   0   3   0   0   0   0   0   0   7  2.69 1.00
  231 Q    -1   2   2   0  -5   3   1  -4   3  -4  -4   3  -2  -5  -5  -1   0  -3   1  -3    4  11  10   6   0  15   9   1   6   1   2  17   1   0   0   5   5   0   5   2  0.47 0.32
  232 S    -2   0   1   2  -5   3   3  -2   0  -6  -5   2  -4  -6  -5   2   0  -3  -3  -6    3   5   7  12   0  12  18   3   2   0   1  12   0   0   0  18   5   0   1   0  0.56 0.37
  233 F    -3  -3   0  -5  -4   1  -3  -6   4   3  -3   0  -1  -2  -5  -3   4  -5   2   3    1   1   5   0   0   6   1   0   9  14   1   7   1   1   0   1  24   0   7  20  0.61 0.40
  234 L    -6  -6  -8  -8  -6  -6  -7  -8  -7   6   1  -7   8  -4  -7  -7  -2  -7  -6   2    0   0   0   0   0   0   0   0   0  39  11   0  33   0   0   0   2   0   0  14  1.78 0.72
  235 H    -5   4   4  -3  -7   5   3  -5   2  -7  -6  -2  -5  -6  -5  -4  -4  -6   2  -6    0  24  22   0   0  24  20   0   5   0   0   0   0   0   0   0   0   0   6   0  1.19 0.54

                      K         Lambda
Standard Ungapped    0.1358     0.3200
Standard Gapped      0.0586     0.2670
PSI Ungapped         0.1920     0.3161
PSI Gapped           0.0586     0.2670
