18-D,7.0,119.0,2.833
66-S,1.0,4.0,1.386
62-W,1.0,4.0,1.386
127-Y,1.0,4.0,1.386
16-L,1.0,3.0,1.099
16-M,1.0,3.0,1.099
100-L,1.0,3.0,1.099
5-L,1.0,3.0,1.099
82-R,100.0,253.0,0.928
88-N,45.0,105.0,0.847
95-A,1.0,2.0,0.693
40-P,1.0,2.0,0.693
16-D,1.0,2.0,0.693
39-S,1.0,2.0,0.693
100-W,1.0,2.0,0.693
57-A,1.0,2.0,0.693
22-M,1.0,2.0,0.693
44-T,2.0,4.0,0.693
31-C,1.0,2.0,0.693
77-C,1.0,2.0,0.693
80-W,1.0,2.0,0.693
58-G,1.0,2.0,0.693
25-E,1.0,2.0,0.693
29-Y,1.0,2.0,0.693
63-V,1.0,2.0,0.693
2-I,5.0,9.0,0.588
12-Q,2.0,3.0,0.405
6-Y,2.0,3.0,0.405
44-W,2.0,3.0,0.405
128-L,2.0,3.0,0.405
69-P,7.0,10.0,0.357
24-P,8.0,11.0,0.318
4-S,3.0,4.0,0.288
63-I,3.0,4.0,0.288
8-R,6.0,7.0,0.154
21-H,1.0,1.0,0.0
21-I,1.0,1.0,0.0
21-K,1.0,1.0,0.0
21-D,1.0,1.0,0.0
21-F,1.0,1.0,0.0
21-C,1.0,1.0,0.0
21-Y,1.0,1.0,0.0
79-N,1.0,1.0,0.0
79-M,1.0,1.0,0.0
79-L,1.0,1.0,0.0
79-K,1.0,1.0,0.0
79-I,1.0,1.0,0.0
79-H,1.0,1.0,0.0
79-F,1.0,1.0,0.0
79-D,1.0,1.0,0.0
79-C,1.0,1.0,0.0
79-A,1.0,1.0,0.0
79-Y,1.0,1.0,0.0
79-W,1.0,1.0,0.0
79-Q,1.0,1.0,0.0
79-*,1.0,1.0,0.0
116-K,1.0,1.0,0.0
73-C,1.0,1.0,0.0
73-D,1.0,1.0,0.0
73-F,1.0,1.0,0.0
9-A,1.0,1.0,0.0
73-W,1.0,1.0,0.0
23-C,1.0,1.0,0.0
23-A,1.0,1.0,0.0
23-F,1.0,1.0,0.0
23-K,1.0,1.0,0.0
23-H,1.0,1.0,0.0
23-I,1.0,1.0,0.0
23-N,1.0,1.0,0.0
23-L,1.0,1.0,0.0
23-M,1.0,1.0,0.0
23-P,1.0,1.0,0.0
23-Q,1.0,1.0,0.0
23-Y,1.0,1.0,0.0
27-N,1.0,1.0,0.0
27-M,1.0,1.0,0.0
27-K,1.0,1.0,0.0
27-H,1.0,1.0,0.0
27-I,1.0,1.0,0.0
27-F,1.0,1.0,0.0
27-C,1.0,1.0,0.0
27-A,1.0,1.0,0.0
27-Y,1.0,1.0,0.0
27-Q,1.0,1.0,0.0
91-F,1.0,1.0,0.0
99-Q,1.0,1.0,0.0
99-P,1.0,1.0,0.0
99-R,1.0,1.0,0.0
99-Y,1.0,1.0,0.0
99-E,1.0,1.0,0.0
99-D,1.0,1.0,0.0
99-A,1.0,1.0,0.0
99-C,1.0,1.0,0.0
99-I,1.0,1.0,0.0
99-K,1.0,1.0,0.0
48-F,1.0,1.0,0.0
48-D,1.0,1.0,0.0
48-C,1.0,1.0,0.0
48-N,1.0,1.0,0.0
48-I,1.0,1.0,0.0
48-W,1.0,1.0,0.0
48-T,1.0,1.0,0.0
48-S,1.0,1.0,0.0
48-Q,1.0,1.0,0.0
48-Y,1.0,1.0,0.0
91-P,1.0,1.0,0.0
99-*,1.0,1.0,0.0
33-Q,1.0,1.0,0.0
36-I,1.0,1.0,0.0
108-Y,1.0,1.0,0.0
66-P,1.0,1.0,0.0
66-Y,1.0,1.0,0.0
66-F,1.0,1.0,0.0
66-C,1.0,1.0,0.0
66-L,1.0,1.0,0.0
66-K,1.0,1.0,0.0
66-I,1.0,1.0,0.0
36-Q,1.0,1.0,0.0
110-I,1.0,1.0,0.0
110-K,1.0,1.0,0.0
110-N,1.0,1.0,0.0
110-F,1.0,1.0,0.0
110-G,1.0,1.0,0.0
100-Q,1.0,1.0,0.0
110-P,1.0,1.0,0.0
110-Q,1.0,1.0,0.0
110-T,1.0,1.0,0.0
45-F,1.0,1.0,0.0
45-D,1.0,1.0,0.0
45-C,1.0,1.0,0.0
45-M,1.0,1.0,0.0
45-K,1.0,1.0,0.0
45-I,1.0,1.0,0.0
45-W,1.0,1.0,0.0
45-T,1.0,1.0,0.0
45-R,1.0,1.0,0.0
40-*,1.0,1.0,0.0
45-P,1.0,1.0,0.0
45-Q,1.0,1.0,0.0
95-C,1.0,1.0,0.0
95-D,1.0,1.0,0.0
95-F,1.0,1.0,0.0
95-H,1.0,1.0,0.0
95-K,1.0,1.0,0.0
91-*,1.0,1.0,0.0
95-L,1.0,1.0,0.0
95-P,1.0,1.0,0.0
95-S,1.0,1.0,0.0
95-W,1.0,1.0,0.0
50-H,1.0,1.0,0.0
95-Y,1.0,1.0,0.0
62-*,1.0,1.0,0.0
62-S,1.0,1.0,0.0
62-Q,1.0,1.0,0.0
62-P,1.0,1.0,0.0
62-V,1.0,1.0,0.0
62-T,1.0,1.0,0.0
62-Y,1.0,1.0,0.0
67-P,1.0,1.0,0.0
62-C,1.0,1.0,0.0
67-Q,1.0,1.0,0.0
62-F,1.0,1.0,0.0
62-D,1.0,1.0,0.0
62-K,1.0,1.0,0.0
62-I,1.0,1.0,0.0
62-H,1.0,1.0,0.0
62-N,1.0,1.0,0.0
67-T,1.0,1.0,0.0
40-T,1.0,1.0,0.0
40-Q,1.0,1.0,0.0
40-M,1.0,1.0,0.0
40-L,1.0,1.0,0.0
40-K,1.0,1.0,0.0
40-I,1.0,1.0,0.0
40-F,1.0,1.0,0.0
40-D,1.0,1.0,0.0
40-C,1.0,1.0,0.0
65-V,1.0,1.0,0.0
65-W,1.0,1.0,0.0
65-M,1.0,1.0,0.0
65-N,1.0,1.0,0.0
67-A,1.0,1.0,0.0
67-W,1.0,1.0,0.0
65-H,1.0,1.0,0.0
65-I,1.0,1.0,0.0
67-D,1.0,1.0,0.0
65-K,1.0,1.0,0.0
67-K,1.0,1.0,0.0
65-F,1.0,1.0,0.0
67-N,1.0,1.0,0.0
67-M,1.0,1.0,0.0
14-*,1.0,1.0,0.0
14-N,1.0,1.0,0.0
14-H,1.0,1.0,0.0
14-D,1.0,1.0,0.0
14-E,1.0,1.0,0.0
14-F,1.0,1.0,0.0
14-T,1.0,1.0,0.0
14-P,1.0,1.0,0.0
14-Q,1.0,1.0,0.0
16-F,1.0,1.0,0.0
16-K,1.0,1.0,0.0
16-S,1.0,1.0,0.0
68-L,1.0,1.0,0.0
12-H,1.0,1.0,0.0
68-C,1.0,1.0,0.0
12-A,1.0,1.0,0.0
68-Y,1.0,1.0,0.0
12-Y,1.0,1.0,0.0
68-*,1.0,1.0,0.0
1-V,1.0,1.0,0.0
108-D,1.0,1.0,0.0
122-A,1.0,1.0,0.0
39-E,1.0,1.0,0.0
39-D,1.0,1.0,0.0
39-K,1.0,1.0,0.0
39-I,1.0,1.0,0.0
39-H,1.0,1.0,0.0
39-N,1.0,1.0,0.0
39-L,1.0,1.0,0.0
39-Y,1.0,1.0,0.0
64-I,1.0,1.0,0.0
64-H,1.0,1.0,0.0
64-M,1.0,1.0,0.0
64-L,1.0,1.0,0.0
64-N,1.0,1.0,0.0
39-*,1.0,1.0,0.0
64-C,1.0,1.0,0.0
64-E,1.0,1.0,0.0
64-F,1.0,1.0,0.0
64-Y,1.0,1.0,0.0
64-P,1.0,1.0,0.0
64-S,1.0,1.0,0.0
64-R,1.0,1.0,0.0
64-T,1.0,1.0,0.0
126-P,1.0,1.0,0.0
67-F,1.0,1.0,0.0
106-T,1.0,1.0,0.0
106-W,1.0,1.0,0.0
106-V,1.0,1.0,0.0
106-Q,1.0,1.0,0.0
106-P,1.0,1.0,0.0
106-S,1.0,1.0,0.0
106-R,1.0,1.0,0.0
106-Y,1.0,1.0,0.0
106-E,1.0,1.0,0.0
106-C,1.0,1.0,0.0
106-M,1.0,1.0,0.0
106-L,1.0,1.0,0.0
106-N,1.0,1.0,0.0
106-H,1.0,1.0,0.0
106-K,1.0,1.0,0.0
102-Q,1.0,1.0,0.0
102-P,1.0,1.0,0.0
102-W,1.0,1.0,0.0
102-Y,1.0,1.0,0.0
77-*,1.0,1.0,0.0
68-Q,1.0,1.0,0.0
102-A,1.0,1.0,0.0
102-C,1.0,1.0,0.0
102-E,1.0,1.0,0.0
102-D,1.0,1.0,0.0
102-G,3.0,3.0,0.0
102-I,1.0,1.0,0.0
102-H,1.0,1.0,0.0
102-K,1.0,1.0,0.0
67-E,1.0,1.0,0.0
102-*,1.0,1.0,0.0
106-*,1.0,1.0,0.0
72-W,1.0,1.0,0.0
35-Y,1.0,1.0,0.0
35-W,1.0,1.0,0.0
35-Q,1.0,1.0,0.0
35-N,1.0,1.0,0.0
35-M,1.0,1.0,0.0
35-L,1.0,1.0,0.0
35-I,1.0,1.0,0.0
35-H,1.0,1.0,0.0
35-F,1.0,1.0,0.0
35-D,1.0,1.0,0.0
35-C,1.0,1.0,0.0
35-A,1.0,1.0,0.0
35-*,1.0,1.0,0.0
30-W,1.0,1.0,0.0
54-H,1.0,1.0,0.0
73-I,1.0,1.0,0.0
54-I,1.0,1.0,0.0
73-M,1.0,1.0,0.0
100-*,1.0,1.0,0.0
57-Y,1.0,1.0,0.0
57-S,1.0,1.0,0.0
57-W,1.0,1.0,0.0
57-K,1.0,1.0,0.0
73-A,1.0,1.0,0.0
57-I,1.0,1.0,0.0
57-H,1.0,1.0,0.0
57-N,1.0,1.0,0.0
57-L,1.0,1.0,0.0
57-C,1.0,1.0,0.0
57-F,1.0,1.0,0.0
57-E,1.0,1.0,0.0
57-D,1.0,1.0,0.0
30-E,1.0,1.0,0.0
30-L,1.0,1.0,0.0
30-M,1.0,1.0,0.0
30-K,1.0,1.0,0.0
30-I,1.0,1.0,0.0
57-*,1.0,1.0,0.0
30-T,1.0,1.0,0.0
30-P,1.0,1.0,0.0
30-Q,1.0,1.0,0.0
100-S,3.0,3.0,0.0
30-Y,1.0,1.0,0.0
86-A,1.0,1.0,0.0
73-Y,1.0,1.0,0.0
86-E,1.0,1.0,0.0
86-D,1.0,1.0,0.0
86-F,1.0,1.0,0.0
86-H,1.0,1.0,0.0
86-K,1.0,1.0,0.0
86-M,1.0,1.0,0.0
100-Y,1.0,1.0,0.0
86-Q,1.0,1.0,0.0
86-P,1.0,1.0,0.0
86-S,1.0,1.0,0.0
86-W,1.0,1.0,0.0
86-Y,1.0,1.0,0.0
100-N,1.0,1.0,0.0
100-M,1.0,1.0,0.0
100-K,1.0,1.0,0.0
100-I,1.0,1.0,0.0
100-H,1.0,1.0,0.0
103-G,1.0,1.0,0.0
103-A,1.0,1.0,0.0
73-Q,1.0,1.0,0.0
73-S,1.0,1.0,0.0
100-F,1.0,1.0,0.0
73-T,1.0,1.0,0.0
100-D,1.0,1.0,0.0
100-A,1.0,1.0,0.0
103-T,1.0,1.0,0.0
103-V,1.0,1.0,0.0
103-W,1.0,1.0,0.0
103-P,1.0,1.0,0.0
103-Q,1.0,1.0,0.0
103-R,1.0,1.0,0.0
120-T,1.0,1.0,0.0
77-T,1.0,1.0,0.0
77-W,1.0,1.0,0.0
77-Q,1.0,1.0,0.0
77-P,1.0,1.0,0.0
77-S,1.0,1.0,0.0
77-R,1.0,1.0,0.0
26-*,1.0,1.0,0.0
77-D,1.0,1.0,0.0
77-F,1.0,1.0,0.0
72-*,1.0,1.0,0.0
77-M,1.0,1.0,0.0
77-L,1.0,1.0,0.0
77-I,1.0,1.0,0.0
77-K,1.0,1.0,0.0
51-Q,1.0,1.0,0.0
51-S,1.0,1.0,0.0
51-T,1.0,1.0,0.0
51-V,1.0,1.0,0.0
51-Y,1.0,1.0,0.0
22-*,1.0,1.0,0.0
51-C,1.0,1.0,0.0
51-D,1.0,1.0,0.0
51-F,1.0,1.0,0.0
51-M,1.0,1.0,0.0
51-N,1.0,1.0,0.0
22-F,1.0,1.0,0.0
22-D,1.0,1.0,0.0
22-L,1.0,1.0,0.0
22-K,1.0,1.0,0.0
22-I,1.0,1.0,0.0
22-T,1.0,1.0,0.0
22-S,1.0,1.0,0.0
22-Q,1.0,1.0,0.0
22-P,1.0,1.0,0.0
22-Y,7.0,7.0,0.0
26-F,1.0,1.0,0.0
26-D,1.0,1.0,0.0
26-H,1.0,1.0,0.0
72-P,1.0,1.0,0.0
26-N,1.0,1.0,0.0
26-S,1.0,1.0,0.0
26-Q,1.0,1.0,0.0
26-P,1.0,1.0,0.0
26-W,1.0,1.0,0.0
26-V,1.0,1.0,0.0
26-T,1.0,1.0,0.0
72-D,1.0,1.0,0.0
26-Y,1.0,1.0,0.0
72-C,1.0,1.0,0.0
98-*,1.0,1.0,0.0
6-K,2.0,2.0,0.0
6-I,1.0,1.0,0.0
111-Q,1.0,1.0,0.0
6-A,1.0,1.0,0.0
111-M,1.0,1.0,0.0
111-N,1.0,1.0,0.0
111-I,1.0,1.0,0.0
67-R,1.0,1.0,0.0
98-P,1.0,1.0,0.0
98-Q,1.0,1.0,0.0
98-R,2.0,2.0,0.0
98-S,1.0,1.0,0.0
98-T,1.0,1.0,0.0
98-H,4.0,4.0,0.0
98-I,1.0,1.0,0.0
98-K,1.0,1.0,0.0
98-L,1.0,1.0,0.0
98-M,1.0,1.0,0.0
98-C,1.0,1.0,0.0
98-D,1.0,1.0,0.0
98-F,1.0,1.0,0.0
67-*,1.0,1.0,0.0
114-G,1.0,1.0,0.0
1-G,1.0,1.0,0.0
94-V,1.0,1.0,0.0
94-W,1.0,1.0,0.0
94-P,1.0,1.0,0.0
94-Q,1.0,1.0,0.0
94-S,1.0,1.0,0.0
94-Y,1.0,1.0,0.0
94-D,1.0,1.0,0.0
44-*,1.0,1.0,0.0
94-F,1.0,1.0,0.0
94-L,1.0,1.0,0.0
94-M,1.0,1.0,0.0
94-H,1.0,1.0,0.0
94-K,1.0,1.0,0.0
90-P,1.0,1.0,0.0
90-W,1.0,1.0,0.0
90-Y,1.0,1.0,0.0
90-C,1.0,1.0,0.0
90-D,1.0,1.0,0.0
90-E,1.0,1.0,0.0
90-F,1.0,1.0,0.0
90-H,1.0,1.0,0.0
90-I,1.0,1.0,0.0
90-K,1.0,1.0,0.0
90-M,1.0,1.0,0.0
90-N,1.0,1.0,0.0
90-*,1.0,1.0,0.0
101-Q,1.0,1.0,0.0
44-Y,1.0,1.0,0.0
44-Q,1.0,1.0,0.0
44-V,1.0,1.0,0.0
44-I,1.0,1.0,0.0
44-H,1.0,1.0,0.0
44-N,1.0,1.0,0.0
44-F,1.0,1.0,0.0
44-D,1.0,1.0,0.0
88-D,1.0,1.0,0.0
94-E,1.0,1.0,0.0
118-Y,1.0,1.0,0.0
92-W,1.0,1.0,0.0
92-P,1.0,1.0,0.0
92-F,1.0,1.0,0.0
92-D,1.0,1.0,0.0
92-C,1.0,1.0,0.0
92-A,1.0,1.0,0.0
92-M,1.0,1.0,0.0
92-K,1.0,1.0,0.0
92-H,1.0,1.0,0.0
17-F,1.0,1.0,0.0
17-D,1.0,1.0,0.0
17-N,1.0,1.0,0.0
17-K,1.0,1.0,0.0
17-I,1.0,1.0,0.0
17-H,1.0,1.0,0.0
17-W,1.0,1.0,0.0
17-V,1.0,1.0,0.0
17-T,1.0,1.0,0.0
17-Q,1.0,1.0,0.0
17-P,1.0,1.0,0.0
17-Y,1.0,1.0,0.0
13-F,1.0,1.0,0.0
13-D,1.0,1.0,0.0
13-K,1.0,1.0,0.0
13-I,1.0,1.0,0.0
65-P,1.0,1.0,0.0
13-M,1.0,1.0,0.0
13-Q,1.0,1.0,0.0
13-T,1.0,1.0,0.0
65-D,1.0,1.0,0.0
65-E,1.0,1.0,0.0
65-C,1.0,1.0,0.0
13-*,1.0,1.0,0.0
65-*,1.0,1.0,0.0
82-P,1.0,1.0,0.0
17-*,1.0,1.0,0.0
42-*,1.0,1.0,0.0
123-N,1.0,1.0,0.0
72-V,1.0,1.0,0.0
60-*,1.0,1.0,0.0
60-W,1.0,1.0,0.0
60-Q,1.0,1.0,0.0
60-P,1.0,1.0,0.0
60-S,1.0,1.0,0.0
60-Y,1.0,1.0,0.0
60-E,1.0,1.0,0.0
60-D,1.0,1.0,0.0
60-F,1.0,1.0,0.0
60-A,1.0,1.0,0.0
60-C,1.0,1.0,0.0
60-M,1.0,1.0,0.0
60-N,1.0,1.0,0.0
60-H,1.0,1.0,0.0
42-Q,1.0,1.0,0.0
42-W,1.0,1.0,0.0
42-Y,1.0,1.0,0.0
42-A,1.0,1.0,0.0
42-C,1.0,1.0,0.0
82-S,1.0,1.0,0.0
42-F,1.0,1.0,0.0
42-I,1.0,1.0,0.0
42-H,1.0,1.0,0.0
42-K,1.0,1.0,0.0
42-M,1.0,1.0,0.0
42-L,1.0,1.0,0.0
42-N,1.0,1.0,0.0
15-Q,1.0,1.0,0.0
31-H,1.0,1.0,0.0
31-N,1.0,1.0,0.0
31-M,1.0,1.0,0.0
31-F,1.0,1.0,0.0
31-D,1.0,1.0,0.0
110-*,1.0,1.0,0.0
15-T,1.0,1.0,0.0
18-P,1.0,1.0,0.0
18-Q,1.0,1.0,0.0
18-T,1.0,1.0,0.0
4-P,1.0,1.0,0.0
4-Y,1.0,1.0,0.0
15-N,1.0,1.0,0.0
108-R,1.0,1.0,0.0
108-Q,1.0,1.0,0.0
4-A,1.0,1.0,0.0
4-D,1.0,1.0,0.0
4-F,1.0,1.0,0.0
4-H,1.0,1.0,0.0
83-*,1.0,1.0,0.0
4-K,1.0,1.0,0.0
4-M,1.0,1.0,0.0
66-D,1.0,1.0,0.0
87-*,1.0,1.0,0.0
87-T,1.0,1.0,0.0
87-W,1.0,1.0,0.0
87-S,1.0,1.0,0.0
87-Y,1.0,1.0,0.0
87-D,1.0,1.0,0.0
87-E,1.0,1.0,0.0
87-F,1.0,1.0,0.0
87-A,1.0,1.0,0.0
66-N,1.0,1.0,0.0
87-L,1.0,1.0,0.0
87-N,1.0,1.0,0.0
87-H,1.0,1.0,0.0
87-I,1.0,1.0,0.0
87-K,1.0,1.0,0.0
83-P,1.0,1.0,0.0
83-Q,1.0,1.0,0.0
83-T,1.0,1.0,0.0
83-W,1.0,1.0,0.0
83-Y,1.0,1.0,0.0
101-F,1.0,1.0,0.0
101-G,1.0,1.0,0.0
83-E,1.0,1.0,0.0
83-F,1.0,1.0,0.0
83-G,1.0,1.0,0.0
83-H,1.0,1.0,0.0
83-I,1.0,1.0,0.0
66-H,1.0,1.0,0.0
83-M,1.0,1.0,0.0
83-N,1.0,1.0,0.0
125-D,1.0,1.0,0.0
110-M,1.0,1.0,0.0
81-W,1.0,1.0,0.0
81-T,1.0,1.0,0.0
81-R,1.0,1.0,0.0
81-S,1.0,1.0,0.0
81-P,1.0,1.0,0.0
81-Q,1.0,1.0,0.0
81-Y,1.0,1.0,0.0
81-F,1.0,1.0,0.0
81-E,1.0,1.0,0.0
81-C,1.0,1.0,0.0
81-N,1.0,1.0,0.0
81-L,1.0,1.0,0.0
81-M,1.0,1.0,0.0
81-H,1.0,1.0,0.0
81-I,1.0,1.0,0.0
91-K,1.0,1.0,0.0
73-N,1.0,1.0,0.0
110-Y,1.0,1.0,0.0
101-*,1.0,1.0,0.0
103-M,1.0,1.0,0.0
104-K,1.0,1.0,0.0
104-I,1.0,1.0,0.0
104-H,1.0,1.0,0.0
104-N,1.0,1.0,0.0
104-C,1.0,1.0,0.0
104-F,1.0,1.0,0.0
104-D,1.0,1.0,0.0
104-Y,1.0,1.0,0.0
108-V,1.0,1.0,0.0
104-S,1.0,1.0,0.0
104-R,1.0,1.0,0.0
104-Q,1.0,1.0,0.0
104-P,1.0,1.0,0.0
104-W,1.0,1.0,0.0
104-V,1.0,1.0,0.0
104-T,1.0,1.0,0.0
104-*,1.0,1.0,0.0
108-T,1.0,1.0,0.0
108-N,1.0,1.0,0.0
108-K,1.0,1.0,0.0
108-I,1.0,1.0,0.0
108-F,1.0,1.0,0.0
108-E,1.0,1.0,0.0
37-Q,1.0,1.0,0.0
37-P,1.0,1.0,0.0
37-R,1.0,1.0,0.0
37-T,1.0,1.0,0.0
37-E,1.0,1.0,0.0
37-D,1.0,1.0,0.0
37-F,1.0,1.0,0.0
37-H,1.0,1.0,0.0
37-K,1.0,1.0,0.0
37-M,1.0,1.0,0.0
37-N,1.0,1.0,0.0
103-K,1.0,1.0,0.0
37-*,1.0,1.0,0.0
103-E,1.0,1.0,0.0
76-*,1.0,1.0,0.0
50-D,1.0,1.0,0.0
50-E,1.0,1.0,0.0
55-Y,1.0,1.0,0.0
50-C,1.0,1.0,0.0
55-W,1.0,1.0,0.0
55-V,1.0,1.0,0.0
55-Q,1.0,1.0,0.0
55-S,1.0,1.0,0.0
55-M,1.0,1.0,0.0
55-N,1.0,1.0,0.0
55-I,1.0,1.0,0.0
55-D,1.0,1.0,0.0
55-A,1.0,1.0,0.0
50-Y,1.0,1.0,0.0
55-C,1.0,1.0,0.0
50-*,1.0,1.0,0.0
47-N,1.0,1.0,0.0
76-Y,1.0,1.0,0.0
76-P,1.0,1.0,0.0
76-Q,1.0,1.0,0.0
76-T,1.0,1.0,0.0
76-W,1.0,1.0,0.0
76-H,1.0,1.0,0.0
76-I,1.0,1.0,0.0
76-K,1.0,1.0,0.0
76-L,1.0,1.0,0.0
76-M,1.0,1.0,0.0
76-N,1.0,1.0,0.0
76-E,1.0,1.0,0.0
76-F,1.0,1.0,0.0
3-Y,1.0,1.0,0.0
3-W,1.0,1.0,0.0
3-R,1.0,1.0,0.0
3-Q,1.0,1.0,0.0
3-N,1.0,1.0,0.0
3-M,1.0,1.0,0.0
3-L,1.0,1.0,0.0
3-I,1.0,1.0,0.0
3-H,1.0,1.0,0.0
3-F,1.0,1.0,0.0
3-D,1.0,1.0,0.0
3-C,1.0,1.0,0.0
3-A,1.0,1.0,0.0
115-W,1.0,1.0,0.0
59-*,1.0,1.0,0.0
54-A,1.0,1.0,0.0
54-D,1.0,1.0,0.0
54-E,1.0,1.0,0.0
54-F,1.0,1.0,0.0
59-Q,1.0,1.0,0.0
59-P,1.0,1.0,0.0
59-S,1.0,1.0,0.0
59-R,1.0,1.0,0.0
59-T,1.0,1.0,0.0
59-W,1.0,1.0,0.0
59-I,1.0,1.0,0.0
59-K,1.0,1.0,0.0
59-M,1.0,1.0,0.0
59-L,1.0,1.0,0.0
54-V,1.0,1.0,0.0
54-W,1.0,1.0,0.0
54-Y,1.0,1.0,0.0
59-C,1.0,1.0,0.0
59-D,1.0,1.0,0.0
59-F,1.0,1.0,0.0
3-*,1.0,1.0,0.0
95-M,1.0,1.0,0.0
87-C,1.0,1.0,0.0
101-K,1.0,1.0,0.0
95-V,1.0,1.0,0.0
101-H,1.0,1.0,0.0
101-I,1.0,1.0,0.0
101-N,1.0,1.0,0.0
101-L,1.0,1.0,0.0
101-M,1.0,1.0,0.0
74-F,1.0,1.0,0.0
101-Y,1.0,1.0,0.0
108-*,1.0,1.0,0.0
101-P,1.0,1.0,0.0
83-K,1.0,1.0,0.0
101-W,1.0,1.0,0.0
101-T,1.0,1.0,0.0
24-*,1.0,1.0,0.0
119-R,1.0,1.0,0.0
24-A,1.0,1.0,0.0
24-C,1.0,1.0,0.0
24-M,1.0,1.0,0.0
24-L,3.0,3.0,0.0
24-N,1.0,1.0,0.0
24-I,1.0,1.0,0.0
24-H,1.0,1.0,0.0
24-K,1.0,1.0,0.0
24-Q,1.0,1.0,0.0
24-Y,1.0,1.0,0.0
43-N,1.0,1.0,0.0
93-*,1.0,1.0,0.0
45-*,1.0,1.0,0.0
46-P,1.0,1.0,0.0
43-K,1.0,1.0,0.0
46-I,1.0,1.0,0.0
43-Q,1.0,1.0,0.0
1-Y,1.0,1.0,0.0
82-H,1.0,1.0,0.0
93-K,1.0,1.0,0.0
93-I,1.0,1.0,0.0
82-K,1.0,1.0,0.0
93-M,1.0,1.0,0.0
93-C,1.0,1.0,0.0
93-F,1.0,1.0,0.0
93-D,1.0,1.0,0.0
1-Q,1.0,1.0,0.0
93-S,1.0,1.0,0.0
93-R,1.0,1.0,0.0
93-Q,1.0,1.0,0.0
93-P,1.0,1.0,0.0
93-W,1.0,1.0,0.0
38-D,1.0,1.0,0.0
93-T,1.0,1.0,0.0
46-W,1.0,1.0,0.0
1-T,1.0,1.0,0.0
28-*,1.0,1.0,0.0
61-Y,1.0,1.0,0.0
61-P,1.0,1.0,0.0
61-Q,1.0,1.0,0.0
61-H,1.0,1.0,0.0
61-I,1.0,1.0,0.0
61-K,1.0,1.0,0.0
61-L,1.0,1.0,0.0
61-M,1.0,1.0,0.0
61-N,1.0,1.0,0.0
61-E,1.0,1.0,0.0
61-F,1.0,1.0,0.0
61-G,1.0,1.0,0.0
46-Q,1.0,1.0,0.0
1-N,1.0,1.0,0.0
1-A,1.0,1.0,0.0
61-*,1.0,1.0,0.0
1-C,1.0,1.0,0.0
72-Y,1.0,1.0,0.0
28-Q,1.0,1.0,0.0
28-P,1.0,1.0,0.0
28-S,1.0,1.0,0.0
28-Y,1.0,1.0,0.0
1-D,1.0,1.0,0.0
28-A,1.0,1.0,0.0
72-T,1.0,1.0,0.0
28-H,1.0,1.0,0.0
1-F,1.0,1.0,0.0
28-L,1.0,1.0,0.0
47-A,1.0,1.0,0.0
47-D,1.0,1.0,0.0
47-E,1.0,1.0,0.0
47-F,1.0,1.0,0.0
47-I,1.0,1.0,0.0
47-K,1.0,1.0,0.0
47-M,1.0,1.0,0.0
43-*,1.0,1.0,0.0
72-Q,1.0,1.0,0.0
47-Q,1.0,1.0,0.0
47-R,1.0,1.0,0.0
47-T,1.0,1.0,0.0
72-R,1.0,1.0,0.0
47-V,1.0,1.0,0.0
46-*,1.0,1.0,0.0
47-Y,1.0,1.0,0.0
72-S,1.0,1.0,0.0
96-I,1.0,1.0,0.0
96-N,1.0,1.0,0.0
96-L,1.0,1.0,0.0
72-N,1.0,1.0,0.0
96-D,1.0,1.0,0.0
96-Y,1.0,1.0,0.0
65-Y,1.0,1.0,0.0
72-H,1.0,1.0,0.0
96-T,1.0,1.0,0.0
72-I,1.0,1.0,0.0
72-K,1.0,1.0,0.0
72-F,1.0,1.0,0.0
43-E,1.0,1.0,0.0
46-Y,1.0,1.0,0.0
43-C,1.0,1.0,0.0
46-T,1.0,1.0,0.0
47-*,1.0,1.0,0.0
43-I,1.0,1.0,0.0
46-M,1.0,1.0,0.0
46-L,1.0,1.0,0.0
43-V,1.0,1.0,0.0
46-N,1.0,1.0,0.0
43-P,1.0,1.0,0.0
46-H,1.0,1.0,0.0
46-K,1.0,1.0,0.0
46-E,1.0,1.0,0.0
46-G,1.0,1.0,0.0
46-F,1.0,1.0,0.0
43-Y,1.0,1.0,0.0
5-S,2.0,2.0,0.0
5-R,3.0,3.0,0.0
5-Y,1.0,1.0,0.0
5-E,1.0,1.0,0.0
5-F,1.0,1.0,0.0
69-*,1.0,1.0,0.0
5-H,1.0,1.0,0.0
69-Q,1.0,1.0,0.0
69-T,1.0,1.0,0.0
69-Y,1.0,1.0,0.0
69-C,1.0,1.0,0.0
69-D,1.0,1.0,0.0
69-E,1.0,1.0,0.0
69-F,1.0,1.0,0.0
69-H,1.0,1.0,0.0
69-K,1.0,1.0,0.0
69-L,1.0,1.0,0.0
109-S,1.0,1.0,0.0
109-P,1.0,1.0,0.0
109-V,1.0,1.0,0.0
109-W,1.0,1.0,0.0
109-Y,1.0,1.0,0.0
109-C,1.0,1.0,0.0
109-A,1.0,1.0,0.0
109-G,1.0,1.0,0.0
109-D,1.0,1.0,0.0
109-K,1.0,1.0,0.0
109-H,1.0,1.0,0.0
109-L,1.0,1.0,0.0
109-M,1.0,1.0,0.0
11-D,1.0,1.0,0.0
11-L,1.0,1.0,0.0
11-N,1.0,1.0,0.0
11-I,1.0,1.0,0.0
11-H,1.0,1.0,0.0
11-Y,1.0,1.0,0.0
111-D,1.0,1.0,0.0
111-C,1.0,1.0,0.0
121-I,1.0,1.0,0.0
80-K,1.0,1.0,0.0
80-H,1.0,1.0,0.0
80-N,1.0,1.0,0.0
80-M,1.0,1.0,0.0
80-A,1.0,1.0,0.0
80-F,1.0,1.0,0.0
80-E,1.0,1.0,0.0
80-D,1.0,1.0,0.0
82-M,1.0,1.0,0.0
80-R,1.0,1.0,0.0
80-Q,1.0,1.0,0.0
80-P,1.0,1.0,0.0
80-*,1.0,1.0,0.0
124-L,1.0,1.0,0.0
105-N,1.0,1.0,0.0
105-L,1.0,1.0,0.0
105-M,1.0,1.0,0.0
105-H,1.0,1.0,0.0
105-I,1.0,1.0,0.0
105-F,1.0,1.0,0.0
105-E,1.0,1.0,0.0
105-C,1.0,1.0,0.0
89-*,1.0,1.0,0.0
105-Y,1.0,1.0,0.0
105-W,1.0,1.0,0.0
105-T,1.0,1.0,0.0
105-S,1.0,1.0,0.0
105-P,1.0,1.0,0.0
89-Y,1.0,1.0,0.0
89-W,1.0,1.0,0.0
89-T,1.0,1.0,0.0
89-P,1.0,1.0,0.0
89-Q,1.0,1.0,0.0
89-N,1.0,1.0,0.0
89-L,1.0,1.0,0.0
89-M,1.0,1.0,0.0
89-K,1.0,1.0,0.0
89-H,1.0,1.0,0.0
89-I,1.0,1.0,0.0
89-F,1.0,1.0,0.0
89-G,1.0,1.0,0.0
89-E,1.0,1.0,0.0
36-E,1.0,1.0,0.0
36-A,1.0,1.0,0.0
36-H,1.0,1.0,0.0
36-K,1.0,1.0,0.0
36-P,1.0,1.0,0.0
33-H,1.0,1.0,0.0
33-D,1.0,1.0,0.0
36-Y,1.0,1.0,0.0
33-C,1.0,1.0,0.0
50-I,1.0,1.0,0.0
36-*,1.0,1.0,0.0
82-F,1.0,1.0,0.0
85-*,1.0,1.0,0.0
50-K,1.0,1.0,0.0
32-*,1.0,1.0,0.0
32-C,1.0,1.0,0.0
32-D,1.0,1.0,0.0
32-F,1.0,1.0,0.0
32-I,1.0,1.0,0.0
32-K,1.0,1.0,0.0
32-M,1.0,1.0,0.0
32-P,1.0,1.0,0.0
32-R,1.0,1.0,0.0
32-S,1.0,1.0,0.0
32-T,1.0,1.0,0.0
103-L,1.0,1.0,0.0
85-K,1.0,1.0,0.0
85-H,1.0,1.0,0.0
85-N,1.0,1.0,0.0
103-I,1.0,1.0,0.0
85-M,1.0,1.0,0.0
85-A,1.0,1.0,0.0
85-F,1.0,1.0,0.0
85-G,1.0,1.0,0.0
85-D,1.0,1.0,0.0
85-E,1.0,1.0,0.0
103-Y,1.0,1.0,0.0
85-R,1.0,1.0,0.0
85-Q,1.0,1.0,0.0
85-W,1.0,1.0,0.0
85-T,1.0,1.0,0.0
50-P,1.0,1.0,0.0
58-*,1.0,1.0,0.0
50-Q,1.0,1.0,0.0
58-M,1.0,1.0,0.0
58-N,1.0,1.0,0.0
58-H,1.0,1.0,0.0
58-D,1.0,1.0,0.0
58-E,1.0,1.0,0.0
58-F,1.0,1.0,0.0
58-A,1.0,1.0,0.0
58-C,1.0,1.0,0.0
58-Y,1.0,1.0,0.0
58-W,1.0,1.0,0.0
58-P,1.0,1.0,0.0
58-Q,1.0,1.0,0.0
58-S,1.0,1.0,0.0
82-Y,1.0,1.0,0.0
0-T,1.0,1.0,0.0
0-W,1.0,1.0,0.0
0-P,1.0,1.0,0.0
0-Q,1.0,1.0,0.0
0-R,1.0,1.0,0.0
0-D,1.0,1.0,0.0
0-F,1.0,1.0,0.0
0-C,1.0,1.0,0.0
0-L,1.0,1.0,0.0
0-M,1.0,1.0,0.0
0-K,1.0,1.0,0.0
0-*,1.0,1.0,0.0
15-P,1.0,1.0,0.0
82-W,1.0,1.0,0.0
82-Q,1.0,1.0,0.0
67-H,1.0,1.0,0.0
74-Y,1.0,1.0,0.0
74-V,1.0,1.0,0.0
74-W,1.0,1.0,0.0
74-P,1.0,1.0,0.0
74-L,1.0,1.0,0.0
74-M,1.0,1.0,0.0
74-K,1.0,1.0,0.0
74-H,1.0,1.0,0.0
70-*,1.0,1.0,0.0
74-C,1.0,1.0,0.0
74-A,1.0,1.0,0.0
25-*,1.0,1.0,0.0
52-Y,1.0,1.0,0.0
52-P,1.0,1.0,0.0
52-V,1.0,1.0,0.0
52-W,1.0,1.0,0.0
52-K,1.0,1.0,0.0
52-H,1.0,1.0,0.0
52-L,1.0,1.0,0.0
52-C,1.0,1.0,0.0
52-A,1.0,1.0,0.0
52-F,1.0,1.0,0.0
52-G,2.0,2.0,0.0
52-D,1.0,1.0,0.0
25-H,1.0,1.0,0.0
25-I,1.0,1.0,0.0
25-K,1.0,1.0,0.0
25-L,1.0,1.0,0.0
25-M,1.0,1.0,0.0
25-N,1.0,1.0,0.0
25-G,1.0,1.0,0.0
127-A,1.0,1.0,0.0
25-P,1.0,1.0,0.0
25-Q,1.0,1.0,0.0
70-S,1.0,1.0,0.0
70-T,1.0,1.0,0.0
70-Y,1.0,1.0,0.0
70-C,1.0,1.0,0.0
70-F,1.0,1.0,0.0
70-D,1.0,1.0,0.0
70-E,1.0,1.0,0.0
70-K,1.0,1.0,0.0
70-H,1.0,1.0,0.0
70-I,1.0,1.0,0.0
70-N,1.0,1.0,0.0
70-L,1.0,1.0,0.0
70-M,5.0,5.0,0.0
29-W,2.0,2.0,0.0
113-G,1.0,1.0,0.0
68-M,1.0,1.0,0.0
68-H,1.0,1.0,0.0
68-K,1.0,1.0,0.0
68-E,1.0,1.0,0.0
68-D,1.0,1.0,0.0
20-Y,1.0,1.0,0.0
68-F,1.0,1.0,0.0
20-Q,1.0,1.0,0.0
20-P,1.0,1.0,0.0
20-S,1.0,1.0,0.0
20-H,1.0,1.0,0.0
20-K,1.0,1.0,0.0
20-M,1.0,1.0,0.0
20-E,1.0,1.0,0.0
20-D,1.0,1.0,0.0
20-F,1.0,1.0,0.0
78-K,1.0,1.0,0.0
78-H,1.0,1.0,0.0
78-N,1.0,1.0,0.0
78-M,1.0,1.0,0.0
78-F,1.0,1.0,0.0
78-D,1.0,1.0,0.0
78-E,1.0,1.0,0.0
78-R,1.0,1.0,0.0
78-Q,1.0,1.0,0.0
78-T,1.0,1.0,0.0
78-*,1.0,1.0,0.0
117-L,1.0,1.0,0.0
68-T,1.0,1.0,0.0
68-W,1.0,1.0,0.0
29-D,1.0,1.0,0.0
29-F,1.0,1.0,0.0
29-A,1.0,1.0,0.0
29-M,1.0,1.0,0.0
29-H,1.0,1.0,0.0
29-K,1.0,1.0,0.0
20-*,1.0,1.0,0.0
29-P,1.0,1.0,0.0
97-N,1.0,1.0,0.0
97-I,1.0,1.0,0.0
97-H,1.0,1.0,0.0
97-F,1.0,1.0,0.0
97-D,1.0,1.0,0.0
97-Y,1.0,1.0,0.0
97-V,1.0,1.0,0.0
97-T,1.0,1.0,0.0
97-R,1.0,1.0,0.0
97-Q,1.0,1.0,0.0
97-P,1.0,1.0,0.0
97-*,1.0,1.0,0.0
8-L,1.0,1.0,0.0
8-M,2.0,2.0,0.0
8-N,1.0,1.0,0.0
8-H,1.0,1.0,0.0
8-I,1.0,1.0,0.0
8-E,1.0,1.0,0.0
8-F,1.0,1.0,0.0
8-C,1.0,1.0,0.0
8-Y,1.0,1.0,0.0
8-P,1.0,1.0,0.0
49-*,1.0,1.0,0.0
49-C,1.0,1.0,0.0
49-F,1.0,1.0,0.0
49-N,1.0,1.0,0.0
49-M,1.0,1.0,0.0
49-R,1.0,1.0,0.0
49-P,1.0,1.0,0.0
49-Q,1.0,1.0,0.0
91-M,1.0,1.0,0.0
91-L,1.0,1.0,0.0
91-N,1.0,1.0,0.0
91-I,1.0,1.0,0.0
91-H,1.0,1.0,0.0
91-G,1.0,1.0,0.0
91-Y,1.0,1.0,0.0
91-T,1.0,1.0,0.0
91-W,1.0,1.0,0.0
91-Q,1.0,1.0,0.0
91-R,1.0,1.0,0.0
10-H,1.0,1.0,0.0
10-I,1.0,1.0,0.0
10-N,1.0,1.0,0.0
10-A,1.0,1.0,0.0
10-F,1.0,1.0,0.0
10-Y,1.0,1.0,0.0
2-S,1.0,1.0,0.0
2-P,1.0,1.0,0.0
2-Q,1.0,1.0,0.0
2-V,1.0,1.0,0.0
2-W,1.0,1.0,0.0
2-Y,1.0,1.0,0.0
2-A,1.0,1.0,0.0
2-F,1.0,1.0,0.0
2-D,1.0,1.0,0.0
2-E,1.0,1.0,0.0
2-K,1.0,1.0,0.0
2-H,1.0,1.0,0.0
2-L,1.0,1.0,0.0
2-M,1.0,1.0,0.0
2-*,1.0,1.0,0.0
41-*,1.0,1.0,0.0
63-*,1.0,1.0,0.0
63-Y,1.0,1.0,0.0
63-W,1.0,1.0,0.0
63-T,1.0,1.0,0.0
63-S,1.0,1.0,0.0
63-P,1.0,1.0,0.0
63-Q,1.0,1.0,0.0
63-L,1.0,1.0,0.0
63-M,1.0,1.0,0.0
63-K,1.0,1.0,0.0
63-H,1.0,1.0,0.0
63-F,1.0,1.0,0.0
63-D,1.0,1.0,0.0
63-E,1.0,1.0,0.0
63-A,1.0,1.0,0.0
41-Y,1.0,1.0,0.0
41-S,1.0,1.0,0.0
41-P,1.0,1.0,0.0
41-Q,1.0,1.0,0.0
41-H,1.0,1.0,0.0
41-N,1.0,1.0,0.0
94-*,1.0,1.0,0.0
41-M,1.0,1.0,0.0
41-C,1.0,1.0,0.0
41-F,1.0,1.0,0.0
41-G,1.0,1.0,0.0
41-D,1.0,1.0,0.0
19-W,1.0,1.0,0.0
19-V,1.0,1.0,0.0
19-Q,1.0,1.0,0.0
19-P,1.0,1.0,0.0
19-L,1.0,1.0,0.0
19-N,1.0,1.0,0.0
19-E,1.0,1.0,0.0
19-F,1.0,1.0,0.0
19-A,1.0,1.0,0.0
88-S,1.0,1.0,0.0
88-P,1.0,1.0,0.0
88-W,1.0,1.0,0.0
88-V,1.0,1.0,0.0
88-C,1.0,1.0,0.0
88-A,1.0,1.0,0.0
88-F,1.0,1.0,0.0
19-*,1.0,1.0,0.0
88-K,1.0,1.0,0.0
88-H,1.0,1.0,0.0
88-M,1.0,1.0,0.0
88-L,1.0,1.0,0.0
128-P,1.0,1.0,0.0
15-*,1.0,1.0,0.0
128-F,1.0,1.0,0.0
128-K,1.0,1.0,0.0
15-Y,1.0,1.0,0.0
18-E,1.0,1.0,0.0
18-I,1.0,1.0,0.0
15-S,1.0,1.0,0.0
18-K,1.0,1.0,0.0
18-M,1.0,1.0,0.0
15-V,1.0,1.0,0.0
15-I,1.0,1.0,0.0
15-K,1.0,1.0,0.0
18-Y,1.0,1.0,0.0
15-C,1.0,1.0,0.0
15-D,1.0,1.0,0.0
76-G,1.0,1.0,0.0
7-Y,1.0,1.0,0.0
84-*,1.0,1.0,0.0
7-Q,1.0,1.0,0.0
7-P,1.0,1.0,0.0
7-I,1.0,1.0,0.0
7-H,1.0,1.0,0.0
75-*,1.0,1.0,0.0
84-M,1.0,1.0,0.0
84-L,1.0,1.0,0.0
84-K,1.0,1.0,0.0
84-H,1.0,1.0,0.0
84-F,1.0,1.0,0.0
84-E,1.0,1.0,0.0
84-D,1.0,1.0,0.0
84-A,1.0,1.0,0.0
84-Y,1.0,1.0,0.0
84-W,1.0,1.0,0.0
84-S,1.0,1.0,0.0
84-P,1.0,1.0,0.0
38-N,1.0,1.0,0.0
82-L,1.0,1.0,0.0
38-M,1.0,1.0,0.0
38-K,1.0,1.0,0.0
38-H,1.0,1.0,0.0
38-I,1.0,1.0,0.0
38-F,1.0,1.0,0.0
1-S,1.0,1.0,0.0
82-A,1.0,1.0,0.0
38-C,1.0,1.0,0.0
1-W,1.0,1.0,0.0
1-I,1.0,1.0,0.0
1-M,1.0,1.0,0.0
38-Y,1.0,1.0,0.0
82-V,1.0,1.0,0.0
38-P,1.0,1.0,0.0
38-*,1.0,1.0,0.0
82-*,1.0,1.0,0.0
107-D,1.0,1.0,0.0
107-H,1.0,1.0,0.0
107-K,1.0,1.0,0.0
107-M,1.0,1.0,0.0
107-N,1.0,1.0,0.0
107-P,1.0,1.0,0.0
107-W,1.0,1.0,0.0
34-Y,1.0,1.0,0.0
34-Q,1.0,1.0,0.0
34-W,1.0,1.0,0.0
34-K,1.0,1.0,0.0
34-I,1.0,1.0,0.0
34-N,1.0,1.0,0.0
34-A,1.0,1.0,0.0
34-F,1.0,1.0,0.0
34-E,1.0,1.0,0.0
54-K,1.0,1.0,0.0
54-M,1.0,1.0,0.0
34-*,1.0,1.0,0.0
54-N,1.0,1.0,0.0
54-P,1.0,1.0,0.0
54-Q,1.0,1.0,0.0
54-T,1.0,1.0,0.0
75-S,1.0,1.0,0.0
75-Q,1.0,1.0,0.0
75-P,1.0,1.0,0.0
75-V,1.0,1.0,0.0
75-T,1.0,1.0,0.0
75-Y,1.0,1.0,0.0
82-E,1.0,1.0,0.0
75-A,1.0,1.0,0.0
75-F,1.0,1.0,0.0
75-E,1.0,1.0,0.0
75-D,1.0,1.0,0.0
75-K,1.0,1.0,0.0
75-H,1.0,1.0,0.0
71-*,1.0,1.0,0.0
75-M,1.0,1.0,0.0
75-L,1.0,1.0,0.0
53-Y,1.0,1.0,0.0
53-T,1.0,1.0,0.0
53-S,1.0,1.0,0.0
53-N,1.0,1.0,0.0
53-L,1.0,1.0,0.0
53-K,1.0,1.0,0.0
53-I,1.0,1.0,0.0
53-H,1.0,1.0,0.0
53-F,1.0,1.0,0.0
53-E,1.0,1.0,0.0
53-D,1.0,1.0,0.0
53-C,1.0,1.0,0.0
53-*,1.0,1.0,0.0
71-V,1.0,1.0,0.0
71-Q,1.0,1.0,0.0
71-P,1.0,1.0,0.0
71-F,1.0,1.0,0.0
71-E,1.0,1.0,0.0
71-C,1.0,1.0,0.0
71-A,1.0,1.0,0.0
71-N,1.0,1.0,0.0
71-M,1.0,1.0,0.0
112-W,1.0,1.0,0.0
112-R,1.0,1.0,0.0
112-S,1.0,1.0,0.0
112-P,1.0,1.0,0.0
112-Q,1.0,1.0,0.0
56-*,1.0,1.0,0.0
112-F,1.0,1.0,0.0
112-D,1.0,1.0,0.0
112-C,1.0,1.0,0.0
112-M,1.0,1.0,0.0
112-K,1.0,1.0,0.0
112-H,1.0,1.0,0.0
112-I,1.0,1.0,0.0
56-F,1.0,1.0,0.0
56-G,1.0,1.0,0.0
56-N,1.0,1.0,0.0
56-L,1.0,1.0,0.0
56-M,1.0,1.0,0.0
56-K,1.0,1.0,0.0
56-H,1.0,1.0,0.0
56-I,1.0,1.0,0.0
56-W,1.0,1.0,0.0
56-T,1.0,1.0,0.0
56-P,1.0,1.0,0.0
56-Q,1.0,1.0,0.0
112-*,1.0,1.0,0.0
56-Y,1.0,1.0,0.0
24-D,9.0,8.0,-0.118
41-R,6.0,5.0,-0.182
9-K,10.0,8.0,-0.223
14-A,5.0,4.0,-0.223
96-M,5.0,4.0,-0.223
47-P,5.0,4.0,-0.223
53-M,5.0,4.0,-0.223
55-G,4.0,3.0,-0.288
101-R,4.0,3.0,-0.288
96-E,4.0,3.0,-0.288
7-D,4.0,3.0,-0.288
82-I,4.0,3.0,-0.288
56-R,4.0,3.0,-0.288
84-R,31.0,23.0,-0.298
85-Y,23.0,17.0,-0.302
3-P,11.0,8.0,-0.318
102-S,17.0,12.0,-0.348
73-E,10.0,7.0,-0.357
76-C,10.0,7.0,-0.357
3-S,10.0,7.0,-0.357
110-W,3.0,2.0,-0.405
16-V,3.0,2.0,-0.405
12-C,3.0,2.0,-0.405
17-S,3.0,2.0,-0.405
17-R,3.0,2.0,-0.405
13-W,3.0,2.0,-0.405
15-R,3.0,2.0,-0.405
47-S,12.0,8.0,-0.405
5-C,3.0,2.0,-0.405
20-V,3.0,2.0,-0.405
20-I,6.0,4.0,-0.405
128-W,6.0,4.0,-0.405
53-V,3.0,2.0,-0.405
127-V,193.0,127.0,-0.419
1-K,8.0,5.0,-0.47
78-V,13.0,8.0,-0.486
14-C,10.0,6.0,-0.511
6-R,15.0,9.0,-0.511
50-S,5.0,3.0,-0.511
96-V,15.0,9.0,-0.511
43-A,5.0,3.0,-0.511
52-T,5.0,3.0,-0.511
108-G,12.0,7.0,-0.539
60-I,47.0,27.0,-0.554
79-S,7.0,4.0,-0.56
62-G,14.0,8.0,-0.56
94-R,14.0,8.0,-0.56
31-S,7.0,4.0,-0.56
126-H,16.0,9.0,-0.575
96-R,25.0,14.0,-0.58
101-A,9.0,5.0,-0.588
105-D,9.0,5.0,-0.588
113-Q,27.0,15.0,-0.588
12-E,20.0,11.0,-0.598
96-G,20.0,11.0,-0.598
89-D,40.0,22.0,-0.598
13-E,11.0,6.0,-0.606
12-S,13.0,7.0,-0.619
31-R,13.0,7.0,-0.619
61-V,13.0,7.0,-0.619
15-E,39.0,21.0,-0.619
79-V,60.0,32.0,-0.629
19-K,19.0,10.0,-0.642
118-T,35.0,18.0,-0.665
9-V,59.0,30.0,-0.676
21-G,14.0,7.0,-0.693
79-G,10.0,5.0,-0.693
116-Q,36.0,18.0,-0.693
27-*,2.0,1.0,-0.693
9-Y,2.0,1.0,-0.693
9-H,6.0,3.0,-0.693
23-D,2.0,1.0,-0.693
27-D,2.0,1.0,-0.693
99-W,2.0,1.0,-0.693
99-S,24.0,12.0,-0.693
99-G,2.0,1.0,-0.693
99-H,2.0,1.0,-0.693
48-M,2.0,1.0,-0.693
66-W,2.0,1.0,-0.693
66-A,2.0,1.0,-0.693
33-I,2.0,1.0,-0.693
110-H,2.0,1.0,-0.693
36-R,2.0,1.0,-0.693
45-L,2.0,1.0,-0.693
45-H,2.0,1.0,-0.693
45-Y,14.0,7.0,-0.693
62-R,2.0,1.0,-0.693
40-W,2.0,1.0,-0.693
40-H,2.0,1.0,-0.693
14-M,2.0,1.0,-0.693
14-I,18.0,9.0,-0.693
14-K,2.0,1.0,-0.693
16-C,2.0,1.0,-0.693
16-H,2.0,1.0,-0.693
12-N,2.0,1.0,-0.693
12-M,2.0,1.0,-0.693
12-K,2.0,1.0,-0.693
12-I,2.0,1.0,-0.693
12-D,2.0,1.0,-0.693
39-C,2.0,1.0,-0.693
39-F,2.0,1.0,-0.693
64-W,2.0,1.0,-0.693
108-A,2.0,1.0,-0.693
126-N,10.0,5.0,-0.693
102-L,2.0,1.0,-0.693
35-K,2.0,1.0,-0.693
86-*,2.0,1.0,-0.693
57-T,2.0,1.0,-0.693
30-G,4.0,2.0,-0.693
30-R,2.0,1.0,-0.693
86-L,2.0,1.0,-0.693
100-C,2.0,1.0,-0.693
86-V,2.0,1.0,-0.693
73-V,2.0,1.0,-0.693
51-W,2.0,1.0,-0.693
51-I,2.0,1.0,-0.693
51-H,6.0,3.0,-0.693
22-C,2.0,1.0,-0.693
22-H,2.0,1.0,-0.693
26-I,2.0,1.0,-0.693
6-N,2.0,1.0,-0.693
111-Y,2.0,1.0,-0.693
6-H,2.0,1.0,-0.693
6-F,2.0,1.0,-0.693
111-H,18.0,9.0,-0.693
6-P,2.0,1.0,-0.693
6-Q,2.0,1.0,-0.693
98-W,2.0,1.0,-0.693
94-A,2.0,1.0,-0.693
90-R,2.0,1.0,-0.693
90-V,2.0,1.0,-0.693
90-G,2.0,1.0,-0.693
44-R,6.0,3.0,-0.693
44-K,2.0,1.0,-0.693
44-C,2.0,1.0,-0.693
92-V,2.0,1.0,-0.693
92-S,2.0,1.0,-0.693
92-Q,2.0,1.0,-0.693
92-L,2.0,1.0,-0.693
17-C,2.0,1.0,-0.693
13-H,2.0,1.0,-0.693
42-R,2.0,1.0,-0.693
42-E,2.0,1.0,-0.693
127-M,2.0,1.0,-0.693
31-Y,2.0,1.0,-0.693
31-P,2.0,1.0,-0.693
66-V,2.0,1.0,-0.693
108-W,2.0,1.0,-0.693
108-M,2.0,1.0,-0.693
4-L,2.0,1.0,-0.693
87-G,2.0,1.0,-0.693
83-L,2.0,1.0,-0.693
37-A,2.0,1.0,-0.693
55-T,2.0,1.0,-0.693
55-F,2.0,1.0,-0.693
3-K,2.0,1.0,-0.693
24-E,2.0,1.0,-0.693
24-F,2.0,1.0,-0.693
24-W,2.0,1.0,-0.693
24-R,4.0,2.0,-0.693
43-W,2.0,1.0,-0.693
93-L,2.0,1.0,-0.693
93-A,2.0,1.0,-0.693
93-Y,6.0,3.0,-0.693
61-T,2.0,1.0,-0.693
61-W,2.0,1.0,-0.693
28-T,2.0,1.0,-0.693
28-F,2.0,1.0,-0.693
28-K,2.0,1.0,-0.693
28-M,2.0,1.0,-0.693
96-*,2.0,1.0,-0.693
43-F,2.0,1.0,-0.693
111-W,2.0,1.0,-0.693
5-P,2.0,1.0,-0.693
5-M,2.0,1.0,-0.693
5-N,2.0,1.0,-0.693
5-I,2.0,1.0,-0.693
69-R,4.0,2.0,-0.693
69-W,2.0,1.0,-0.693
69-G,2.0,1.0,-0.693
69-M,2.0,1.0,-0.693
109-F,2.0,1.0,-0.693
11-C,2.0,1.0,-0.693
11-K,2.0,1.0,-0.693
11-T,2.0,1.0,-0.693
11-W,2.0,1.0,-0.693
111-E,2.0,1.0,-0.693
111-A,2.0,1.0,-0.693
80-T,2.0,1.0,-0.693
105-Q,2.0,1.0,-0.693
105-*,6.0,3.0,-0.693
89-R,2.0,1.0,-0.693
89-A,2.0,1.0,-0.693
33-Y,6.0,3.0,-0.693
36-C,2.0,1.0,-0.693
33-T,2.0,1.0,-0.693
33-P,2.0,1.0,-0.693
82-D,2.0,1.0,-0.693
103-*,18.0,9.0,-0.693
32-A,8.0,4.0,-0.693
103-D,4.0,2.0,-0.693
85-P,2.0,1.0,-0.693
103-S,4.0,2.0,-0.693
58-K,18.0,9.0,-0.693
0-S,2.0,1.0,-0.693
0-I,2.0,1.0,-0.693
74-D,2.0,1.0,-0.693
52-S,2.0,1.0,-0.693
52-M,2.0,1.0,-0.693
25-F,2.0,1.0,-0.693
25-Y,2.0,1.0,-0.693
25-T,2.0,1.0,-0.693
70-A,2.0,1.0,-0.693
20-C,18.0,9.0,-0.693
78-I,16.0,8.0,-0.693
78-A,2.0,1.0,-0.693
78-P,2.0,1.0,-0.693
78-W,2.0,1.0,-0.693
29-V,2.0,1.0,-0.693
97-K,2.0,1.0,-0.693
97-C,2.0,1.0,-0.693
97-W,2.0,1.0,-0.693
97-S,2.0,1.0,-0.693
8-T,2.0,1.0,-0.693
8-Q,2.0,1.0,-0.693
49-L,2.0,1.0,-0.693
91-E,2.0,1.0,-0.693
43-M,2.0,1.0,-0.693
10-C,2.0,1.0,-0.693
10-D,2.0,1.0,-0.693
10-Q,2.0,1.0,-0.693
10-*,2.0,1.0,-0.693
19-Y,24.0,12.0,-0.693
19-R,2.0,1.0,-0.693
19-M,2.0,1.0,-0.693
19-H,4.0,2.0,-0.693
88-T,4.0,2.0,-0.693
88-Y,2.0,1.0,-0.693
128-Q,12.0,6.0,-0.693
128-T,10.0,5.0,-0.693
128-C,4.0,2.0,-0.693
128-H,2.0,1.0,-0.693
15-H,2.0,1.0,-0.693
18-S,6.0,3.0,-0.693
15-F,2.0,1.0,-0.693
7-*,2.0,1.0,-0.693
38-R,8.0,4.0,-0.693
107-I,2.0,1.0,-0.693
34-H,2.0,1.0,-0.693
34-M,2.0,1.0,-0.693
34-C,2.0,1.0,-0.693
75-W,2.0,1.0,-0.693
53-W,2.0,1.0,-0.693
71-W,2.0,1.0,-0.693
71-G,6.0,3.0,-0.693
71-L,2.0,1.0,-0.693
112-T,2.0,1.0,-0.693
112-L,2.0,1.0,-0.693
56-E,2.0,1.0,-0.693
123-E,54.0,26.0,-0.731
49-Y,21.0,10.0,-0.742
67-L,122.0,58.0,-0.744
22-V,19.0,9.0,-0.747
27-T,49.0,23.0,-0.756
125-P,175.0,82.0,-0.758
114-F,45.0,21.0,-0.762
42-D,15.0,7.0,-0.762
59-V,45.0,21.0,-0.762
80-C,15.0,7.0,-0.762
88-I,15.0,7.0,-0.762
90-S,43.0,20.0,-0.765
119-Y,39.0,18.0,-0.773
71-Y,37.0,17.0,-0.778
121-H,48.0,22.0,-0.78
84-G,114.0,52.0,-0.785
9-D,22.0,10.0,-0.788
23-E,33.0,15.0,-0.788
110-S,33.0,15.0,-0.788
82-C,33.0,15.0,-0.788
97-L,11.0,5.0,-0.788
97-G,11.0,5.0,-0.788
114-E,53.0,24.0,-0.792
44-A,102.0,46.0,-0.796
60-V,82.0,37.0,-0.796
85-I,20.0,9.0,-0.799
52-E,105.0,47.0,-0.804
114-T,47.0,21.0,-0.806
21-S,9.0,4.0,-0.811
61-C,9.0,4.0,-0.811
33-V,27.0,12.0,-0.811
52-Q,9.0,4.0,-0.811
128-S,18.0,8.0,-0.811
96-Q,43.0,19.0,-0.817
114-C,82.0,36.0,-0.823
122-W,57.0,25.0,-0.824
103-F,16.0,7.0,-0.827
0-E,16.0,7.0,-0.827
118-H,119.0,52.0,-0.828
39-Q,46.0,20.0,-0.833
4-E,121.0,52.0,-0.845
21-L,7.0,3.0,-0.847
35-S,14.0,6.0,-0.847
26-L,7.0,3.0,-0.847
11-M,7.0,3.0,-0.847
68-N,7.0,3.0,-0.847
107-S,7.0,3.0,-0.847
113-N,59.0,25.0,-0.859
122-M,26.0,11.0,-0.86
122-I,19.0,8.0,-0.865
106-G,38.0,16.0,-0.865
49-D,88.0,37.0,-0.866
114-A,100.0,42.0,-0.868
65-S,31.0,13.0,-0.869
104-G,12.0,5.0,-0.875
43-S,48.0,20.0,-0.875
85-C,12.0,5.0,-0.875
0-G,94.0,39.0,-0.88
76-D,51.0,21.0,-0.887
117-I,39.0,16.0,-0.891
67-I,22.0,9.0,-0.894
70-R,44.0,18.0,-0.894
122-L,81.0,33.0,-0.898
114-H,27.0,11.0,-0.898
118-M,27.0,11.0,-0.898
12-V,86.0,35.0,-0.899
9-T,47.0,19.0,-0.906
12-T,47.0,19.0,-0.906
56-S,52.0,21.0,-0.907
95-R,102.0,41.0,-0.911
116-H,30.0,12.0,-0.916
66-E,75.0,30.0,-0.916
14-Y,30.0,12.0,-0.916
67-G,5.0,2.0,-0.916
68-S,25.0,10.0,-0.916
127-L,15.0,6.0,-0.916
51-E,5.0,2.0,-0.916
51-L,35.0,14.0,-0.916
26-R,5.0,2.0,-0.916
13-A,5.0,2.0,-0.916
31-I,45.0,18.0,-0.916
108-P,5.0,2.0,-0.916
37-I,15.0,6.0,-0.916
36-G,5.0,2.0,-0.916
36-L,5.0,2.0,-0.916
52-N,35.0,14.0,-0.916
29-Q,5.0,2.0,-0.916
71-I,10.0,4.0,-0.916
48-R,133.0,53.0,-0.92
8-K,23.0,9.0,-0.938
109-E,77.0,30.0,-0.943
100-G,18.0,7.0,-0.944
33-G,108.0,42.0,-0.944
15-G,18.0,7.0,-0.944
24-T,57.0,22.0,-0.952
122-N,13.0,5.0,-0.956
122-C,39.0,15.0,-0.956
64-V,39.0,15.0,-0.956
52-I,13.0,5.0,-0.956
18-F,26.0,10.0,-0.956
72-M,47.0,18.0,-0.96
104-E,63.0,24.0,-0.965
37-Y,21.0,8.0,-0.965
24-V,63.0,24.0,-0.965
28-R,21.0,8.0,-0.965
116-I,29.0,11.0,-0.969
63-N,29.0,11.0,-0.969
119-F,37.0,14.0,-0.972
88-E,101.0,38.0,-0.978
21-T,8.0,3.0,-0.981
14-V,8.0,3.0,-0.981
127-F,8.0,3.0,-0.981
51-G,8.0,3.0,-0.981
31-A,8.0,3.0,-0.981
37-V,8.0,3.0,-0.981
74-I,24.0,9.0,-0.981
25-V,8.0,3.0,-0.981
126-D,16.0,6.0,-0.981
63-R,35.0,13.0,-0.99
68-I,38.0,14.0,-0.999
118-L,76.0,28.0,-0.999
128-N,106.0,39.0,-1.0
44-E,49.0,18.0,-1.001
2-G,109.0,40.0,-1.002
93-E,30.0,11.0,-1.003
123-Y,142.0,52.0,-1.005
51-R,134.0,49.0,-1.006
78-L,104.0,38.0,-1.007
76-S,74.0,27.0,-1.008
120-M,44.0,16.0,-1.012
13-Y,11.0,4.0,-1.012
4-I,11.0,4.0,-1.012
111-R,149.0,54.0,-1.015
84-N,36.0,13.0,-1.019
19-D,86.0,31.0,-1.02
40-N,25.0,9.0,-1.022
33-N,42.0,15.0,-1.03
126-M,14.0,5.0,-1.03
13-N,28.0,10.0,-1.03
42-P,14.0,5.0,-1.03
68-A,73.0,26.0,-1.032
113-E,59.0,21.0,-1.033
91-S,31.0,11.0,-1.036
14-L,141.0,50.0,-1.037
86-G,68.0,24.0,-1.041
16-R,142.0,50.0,-1.044
116-M,77.0,27.0,-1.048
124-R,231.0,81.0,-1.048
119-H,137.0,48.0,-1.049
119-N,40.0,14.0,-1.05
24-G,20.0,7.0,-1.05
43-H,20.0,7.0,-1.05
73-L,63.0,22.0,-1.052
97-A,83.0,29.0,-1.052
84-C,43.0,15.0,-1.053
113-D,135.0,47.0,-1.055
94-C,23.0,8.0,-1.056
120-V,153.0,53.0,-1.06
120-N,29.0,10.0,-1.065
118-V,87.0,30.0,-1.065
126-S,131.0,45.0,-1.069
85-S,70.0,24.0,-1.07
108-C,102.0,35.0,-1.07
116-F,41.0,14.0,-1.075
118-I,41.0,14.0,-1.075
4-N,41.0,14.0,-1.075
40-G,100.0,34.0,-1.079
114-R,153.0,52.0,-1.079
125-A,365.0,124.0,-1.08
120-G,192.0,65.0,-1.083
15-A,136.0,46.0,-1.084
125-N,148.0,50.0,-1.085
47-C,77.0,26.0,-1.086
123-A,146.0,49.0,-1.092
21-W,3.0,1.0,-1.099
21-P,3.0,1.0,-1.099
21-Q,9.0,3.0,-1.099
9-C,15.0,5.0,-1.099
23-*,3.0,1.0,-1.099
23-S,9.0,3.0,-1.099
23-W,3.0,1.0,-1.099
27-W,3.0,1.0,-1.099
27-S,9.0,3.0,-1.099
48-A,3.0,1.0,-1.099
48-K,9.0,3.0,-1.099
48-V,3.0,1.0,-1.099
33-W,3.0,1.0,-1.099
66-T,6.0,2.0,-1.099
110-L,3.0,1.0,-1.099
110-V,18.0,6.0,-1.099
62-L,12.0,4.0,-1.099
40-V,36.0,12.0,-1.099
40-S,3.0,1.0,-1.099
16-A,3.0,1.0,-1.099
16-Q,9.0,3.0,-1.099
16-T,6.0,2.0,-1.099
16-Y,3.0,1.0,-1.099
12-L,3.0,1.0,-1.099
12-F,3.0,1.0,-1.099
12-W,3.0,1.0,-1.099
68-V,3.0,1.0,-1.099
12-*,3.0,1.0,-1.099
39-W,3.0,1.0,-1.099
39-T,3.0,1.0,-1.099
64-G,120.0,40.0,-1.099
64-Q,3.0,1.0,-1.099
102-R,3.0,1.0,-1.099
35-E,12.0,4.0,-1.099
100-R,3.0,1.0,-1.099
57-R,12.0,4.0,-1.099
57-V,3.0,1.0,-1.099
127-N,3.0,1.0,-1.099
127-P,3.0,1.0,-1.099
127-Q,3.0,1.0,-1.099
51-A,3.0,1.0,-1.099
26-C,3.0,1.0,-1.099
6-M,3.0,1.0,-1.099
111-F,3.0,1.0,-1.099
99-V,69.0,23.0,-1.099
94-T,3.0,1.0,-1.099
44-S,3.0,1.0,-1.099
44-P,3.0,1.0,-1.099
44-M,48.0,16.0,-1.099
118-A,57.0,19.0,-1.099
118-C,135.0,45.0,-1.099
92-Y,3.0,1.0,-1.099
92-G,6.0,2.0,-1.099
17-G,12.0,4.0,-1.099
13-S,6.0,2.0,-1.099
13-P,3.0,1.0,-1.099
60-G,3.0,1.0,-1.099
31-Q,3.0,1.0,-1.099
15-W,3.0,1.0,-1.099
4-V,3.0,1.0,-1.099
4-C,3.0,1.0,-1.099
87-M,12.0,4.0,-1.099
101-E,3.0,1.0,-1.099
81-D,27.0,9.0,-1.099
81-*,3.0,1.0,-1.099
50-G,6.0,2.0,-1.099
76-A,12.0,4.0,-1.099
47-W,3.0,1.0,-1.099
3-E,9.0,3.0,-1.099
54-C,18.0,6.0,-1.099
59-E,36.0,12.0,-1.099
119-I,30.0,10.0,-1.099
119-K,42.0,14.0,-1.099
38-G,3.0,1.0,-1.099
61-S,36.0,12.0,-1.099
82-T,3.0,1.0,-1.099
28-W,3.0,1.0,-1.099
28-V,3.0,1.0,-1.099
1-E,3.0,1.0,-1.099
28-E,3.0,1.0,-1.099
28-D,3.0,1.0,-1.099
96-C,3.0,1.0,-1.099
96-F,3.0,1.0,-1.099
43-G,3.0,1.0,-1.099
46-R,3.0,1.0,-1.099
111-V,3.0,1.0,-1.099
5-T,3.0,1.0,-1.099
69-V,3.0,1.0,-1.099
109-Q,3.0,1.0,-1.099
11-F,3.0,1.0,-1.099
111-G,9.0,3.0,-1.099
121-Y,60.0,20.0,-1.099
105-R,3.0,1.0,-1.099
36-D,3.0,1.0,-1.099
36-F,24.0,8.0,-1.099
36-N,6.0,2.0,-1.099
33-L,3.0,1.0,-1.099
36-W,3.0,1.0,-1.099
33-K,3.0,1.0,-1.099
33-E,15.0,5.0,-1.099
33-F,3.0,1.0,-1.099
33-*,3.0,1.0,-1.099
32-H,9.0,3.0,-1.099
32-L,3.0,1.0,-1.099
32-N,33.0,11.0,-1.099
32-Q,3.0,1.0,-1.099
32-W,3.0,1.0,-1.099
50-W,3.0,1.0,-1.099
74-T,3.0,1.0,-1.099
74-S,3.0,1.0,-1.099
25-W,3.0,1.0,-1.099
70-W,3.0,1.0,-1.099
68-G,3.0,1.0,-1.099
20-W,3.0,1.0,-1.099
20-L,3.0,1.0,-1.099
29-C,3.0,1.0,-1.099
29-L,3.0,1.0,-1.099
49-A,3.0,1.0,-1.099
49-W,3.0,1.0,-1.099
91-A,3.0,1.0,-1.099
10-W,3.0,1.0,-1.099
2-T,6.0,2.0,-1.099
50-R,3.0,1.0,-1.099
41-E,3.0,1.0,-1.099
19-C,3.0,1.0,-1.099
88-Q,3.0,1.0,-1.099
128-Y,6.0,2.0,-1.099
18-L,3.0,1.0,-1.099
18-W,3.0,1.0,-1.099
7-R,3.0,1.0,-1.099
7-C,3.0,1.0,-1.099
7-A,3.0,1.0,-1.099
84-V,3.0,1.0,-1.099
84-T,3.0,1.0,-1.099
84-Q,3.0,1.0,-1.099
1-P,6.0,2.0,-1.099
38-W,3.0,1.0,-1.099
107-E,3.0,1.0,-1.099
107-Y,3.0,1.0,-1.099
34-L,3.0,1.0,-1.099
53-A,3.0,1.0,-1.099
71-K,33.0,11.0,-1.099
56-A,6.0,2.0,-1.099
124-A,175.0,58.0,-1.104
114-L,76.0,25.0,-1.112
10-V,61.0,20.0,-1.115
123-K,107.0,35.0,-1.117
69-S,49.0,16.0,-1.119
48-L,40.0,13.0,-1.124
91-D,37.0,12.0,-1.126
45-N,34.0,11.0,-1.128
127-T,102.0,33.0,-1.128
88-*,34.0,11.0,-1.128
124-K,34.0,11.0,-1.128
19-S,105.0,34.0,-1.128
3-T,68.0,22.0,-1.128
102-V,62.0,20.0,-1.131
119-C,155.0,50.0,-1.131
52-R,124.0,40.0,-1.131
116-C,59.0,19.0,-1.133
127-S,28.0,9.0,-1.135
25-S,56.0,18.0,-1.135
63-G,112.0,36.0,-1.135
64-K,53.0,17.0,-1.137
31-K,53.0,17.0,-1.137
113-T,78.0,25.0,-1.138
124-P,200.0,64.0,-1.139
1-L,47.0,15.0,-1.142
57-P,132.0,42.0,-1.145
125-S,399.0,127.0,-1.145
78-Y,41.0,13.0,-1.149
100-V,98.0,31.0,-1.151
0-Y,79.0,25.0,-1.151
123-V,193.0,61.0,-1.152
86-N,38.0,12.0,-1.153
119-S,197.0,62.0,-1.156
105-G,105.0,33.0,-1.157
123-P,102.0,32.0,-1.159
116-G,169.0,53.0,-1.16
13-G,67.0,21.0,-1.16
82-G,115.0,36.0,-1.161
90-Q,16.0,5.0,-1.163
101-C,16.0,5.0,-1.163
18-C,96.0,30.0,-1.163
120-S,157.0,49.0,-1.164
116-A,93.0,29.0,-1.165
120-I,77.0,24.0,-1.166
125-K,119.0,37.0,-1.168
88-R,90.0,28.0,-1.168
27-V,87.0,27.0,-1.17
67-Y,29.0,9.0,-1.17
5-D,29.0,9.0,-1.17
125-V,430.0,133.0,-1.173
69-I,42.0,13.0,-1.173
116-R,346.0,107.0,-1.174
121-M,94.0,29.0,-1.176
126-I,13.0,4.0,-1.179
102-F,26.0,8.0,-1.179
86-R,13.0,4.0,-1.179
76-R,13.0,4.0,-1.179
54-L,13.0,4.0,-1.179
91-C,13.0,4.0,-1.179
128-G,13.0,4.0,-1.179
124-Y,75.0,23.0,-1.182
122-G,248.0,76.0,-1.183
118-W,59.0,18.0,-1.187
77-E,23.0,7.0,-1.19
23-V,79.0,24.0,-1.191
21-R,112.0,34.0,-1.192
116-V,122.0,37.0,-1.193
114-N,33.0,10.0,-1.194
125-E,129.0,39.0,-1.196
58-V,83.0,25.0,-1.2
37-S,113.0,34.0,-1.201
45-A,10.0,3.0,-1.204
64-D,20.0,6.0,-1.204
114-Y,40.0,12.0,-1.204
34-P,10.0,3.0,-1.204
56-C,10.0,3.0,-1.204
122-P,67.0,20.0,-1.209
53-P,104.0,31.0,-1.21
112-G,94.0,28.0,-1.211
17-E,37.0,11.0,-1.213
43-T,27.0,8.0,-1.216
113-M,27.0,8.0,-1.216
114-V,152.0,45.0,-1.217
71-D,71.0,21.0,-1.218
11-Q,44.0,13.0,-1.219
125-M,129.0,38.0,-1.222
126-V,34.0,10.0,-1.224
26-M,51.0,15.0,-1.224
5-K,34.0,10.0,-1.224
80-L,136.0,40.0,-1.224
117-F,51.0,15.0,-1.224
97-M,51.0,15.0,-1.224
116-D,41.0,12.0,-1.229
124-W,82.0,24.0,-1.229
105-V,41.0,12.0,-1.229
3-V,65.0,19.0,-1.23
128-*,130.0,38.0,-1.23
4-R,113.0,33.0,-1.231
24-S,24.0,7.0,-1.232
14-S,110.0,32.0,-1.235
98-V,31.0,9.0,-1.237
29-I,31.0,9.0,-1.237
28-G,69.0,20.0,-1.238
2-N,38.0,11.0,-1.24
94-G,83.0,24.0,-1.241
121-L,187.0,54.0,-1.242
60-L,52.0,15.0,-1.243
104-A,104.0,30.0,-1.243
103-H,73.0,21.0,-1.246
92-R,122.0,35.0,-1.249
9-M,7.0,2.0,-1.253
110-C,14.0,4.0,-1.253
95-Q,7.0,2.0,-1.253
65-R,7.0,2.0,-1.253
14-W,7.0,2.0,-1.253
126-C,21.0,6.0,-1.253
6-L,7.0,2.0,-1.253
6-V,105.0,30.0,-1.253
123-Q,63.0,18.0,-1.253
42-S,7.0,2.0,-1.253
3-G,7.0,2.0,-1.253
5-V,35.0,10.0,-1.253
124-E,42.0,12.0,-1.253
25-A,7.0,2.0,-1.253
50-M,7.0,2.0,-1.253
117-P,225.0,64.0,-1.257
126-R,102.0,29.0,-1.258
124-C,113.0,32.0,-1.262
16-E,145.0,41.0,-1.263
119-L,145.0,41.0,-1.263
16-*,46.0,13.0,-1.264
37-L,138.0,39.0,-1.264
119-V,184.0,52.0,-1.264
58-L,46.0,13.0,-1.264
105-K,39.0,11.0,-1.266
116-E,174.0,49.0,-1.267
35-T,71.0,20.0,-1.267
47-H,64.0,18.0,-1.269
74-R,114.0,32.0,-1.27
45-E,50.0,14.0,-1.273
120-H,25.0,7.0,-1.273
2-C,25.0,7.0,-1.273
79-T,68.0,19.0,-1.275
124-S,254.0,71.0,-1.275
117-V,204.0,57.0,-1.275
120-A,215.0,60.0,-1.276
119-A,226.0,63.0,-1.277
121-V,251.0,70.0,-1.277
111-L,61.0,17.0,-1.278
123-M,61.0,17.0,-1.278
125-G,736.0,205.0,-1.278
85-L,183.0,51.0,-1.278
42-G,18.0,5.0,-1.281
109-R,108.0,30.0,-1.281
123-R,281.0,78.0,-1.282
122-S,83.0,23.0,-1.283
108-H,83.0,23.0,-1.283
125-L,379.0,105.0,-1.284
123-C,116.0,32.0,-1.288
60-K,58.0,16.0,-1.288
32-Y,29.0,8.0,-1.288
5-G,127.0,35.0,-1.289
125-W,316.0,87.0,-1.29
113-K,40.0,11.0,-1.291
125-Q,91.0,25.0,-1.292
127-G,62.0,17.0,-1.294
123-S,380.0,104.0,-1.296
48-*,33.0,9.0,-1.299
118-F,44.0,12.0,-1.299
125-T,209.0,57.0,-1.299
128-I,33.0,9.0,-1.299
59-N,33.0,9.0,-1.299
41-V,162.0,44.0,-1.303
42-V,59.0,16.0,-1.305
70-P,118.0,32.0,-1.305
41-I,59.0,16.0,-1.305
116-N,48.0,13.0,-1.306
116-Y,37.0,10.0,-1.308
77-G,74.0,20.0,-1.308
98-Y,26.0,7.0,-1.312
27-G,15.0,4.0,-1.322
102-M,15.0,4.0,-1.322
61-D,45.0,12.0,-1.322
33-A,15.0,4.0,-1.322
38-Q,15.0,4.0,-1.322
55-R,94.0,25.0,-1.324
128-E,128.0,34.0,-1.326
118-E,49.0,13.0,-1.327
31-V,144.0,38.0,-1.332
75-G,235.0,62.0,-1.332
110-A,19.0,5.0,-1.335
35-G,19.0,5.0,-1.335
74-N,19.0,5.0,-1.335
8-G,145.0,38.0,-1.339
26-A,130.0,34.0,-1.341
22-G,88.0,23.0,-1.342
45-G,115.0,30.0,-1.344
22-N,46.0,12.0,-1.344
124-Q,138.0,36.0,-1.344
119-Q,73.0,19.0,-1.346
36-V,77.0,20.0,-1.348
28-C,27.0,7.0,-1.35
29-*,27.0,7.0,-1.35
10-E,27.0,7.0,-1.35
114-S,232.0,60.0,-1.352
124-I,58.0,15.0,-1.352
92-E,89.0,23.0,-1.353
20-N,31.0,8.0,-1.355
29-E,101.0,26.0,-1.357
98-G,105.0,27.0,-1.358
124-G,280.0,72.0,-1.358
6-T,74.0,19.0,-1.36
72-A,160.0,41.0,-1.362
98-N,43.0,11.0,-1.363
34-T,86.0,22.0,-1.363
67-V,47.0,12.0,-1.365
1-R,94.0,24.0,-1.365
28-N,47.0,12.0,-1.365
96-P,106.0,27.0,-1.368
31-L,59.0,15.0,-1.369
38-L,59.0,15.0,-1.369
117-A,150.0,38.0,-1.373
36-T,83.0,21.0,-1.374
122-T,95.0,24.0,-1.376
21-N,12.0,3.0,-1.386
21-A,4.0,1.0,-1.386
9-Q,8.0,2.0,-1.386
73-G,4.0,1.0,-1.386
9-F,4.0,1.0,-1.386
27-L,4.0,1.0,-1.386
27-R,4.0,1.0,-1.386
99-N,24.0,6.0,-1.386
110-E,4.0,1.0,-1.386
40-R,4.0,1.0,-1.386
16-G,4.0,1.0,-1.386
16-P,4.0,1.0,-1.386
16-W,4.0,1.0,-1.386
39-A,4.0,1.0,-1.386
39-M,16.0,4.0,-1.386
106-F,4.0,1.0,-1.386
57-M,12.0,3.0,-1.386
30-D,4.0,1.0,-1.386
30-A,4.0,1.0,-1.386
30-V,4.0,1.0,-1.386
86-C,16.0,4.0,-1.386
100-P,4.0,1.0,-1.386
86-T,8.0,2.0,-1.386
73-P,4.0,1.0,-1.386
77-H,8.0,2.0,-1.386
22-W,4.0,1.0,-1.386
26-K,4.0,1.0,-1.386
6-C,4.0,1.0,-1.386
6-*,4.0,1.0,-1.386
114-P,44.0,11.0,-1.386
17-L,8.0,2.0,-1.386
31-W,4.0,1.0,-1.386
31-E,4.0,1.0,-1.386
37-W,4.0,1.0,-1.386
45-S,4.0,1.0,-1.386
59-H,4.0,1.0,-1.386
54-S,4.0,1.0,-1.386
96-K,4.0,1.0,-1.386
93-H,4.0,1.0,-1.386
96-A,4.0,1.0,-1.386
96-W,12.0,3.0,-1.386
46-S,68.0,17.0,-1.386
5-Q,4.0,1.0,-1.386
11-E,4.0,1.0,-1.386
11-*,4.0,1.0,-1.386
80-G,4.0,1.0,-1.386
33-S,8.0,2.0,-1.386
33-M,4.0,1.0,-1.386
70-V,8.0,2.0,-1.386
70-G,4.0,1.0,-1.386
113-P,68.0,17.0,-1.386
113-A,160.0,40.0,-1.386
20-A,4.0,1.0,-1.386
127-I,4.0,1.0,-1.386
68-R,4.0,1.0,-1.386
8-W,4.0,1.0,-1.386
8-S,4.0,1.0,-1.386
49-G,4.0,1.0,-1.386
49-E,4.0,1.0,-1.386
49-V,4.0,1.0,-1.386
10-K,4.0,1.0,-1.386
41-W,4.0,1.0,-1.386
120-C,76.0,19.0,-1.386
41-A,4.0,1.0,-1.386
19-G,4.0,1.0,-1.386
18-A,4.0,1.0,-1.386
18-G,8.0,2.0,-1.386
18-V,4.0,1.0,-1.386
7-K,4.0,1.0,-1.386
7-M,8.0,2.0,-1.386
38-E,4.0,1.0,-1.386
1-H,12.0,3.0,-1.386
107-F,4.0,1.0,-1.386
107-G,16.0,4.0,-1.386
107-Q,4.0,1.0,-1.386
107-T,4.0,1.0,-1.386
53-G,4.0,1.0,-1.386
71-R,4.0,1.0,-1.386
112-A,4.0,1.0,-1.386
125-R,685.0,171.0,-1.388
125-H,113.0,28.0,-1.395
123-F,101.0,25.0,-1.396
126-L,170.0,42.0,-1.398
72-E,61.0,15.0,-1.403
62-A,106.0,26.0,-1.405
114-M,53.0,13.0,-1.405
104-M,49.0,12.0,-1.407
93-N,82.0,20.0,-1.411
73-R,189.0,46.0,-1.413
81-G,115.0,28.0,-1.413
121-S,230.0,56.0,-1.413
102-T,111.0,27.0,-1.414
6-E,37.0,9.0,-1.414
0-N,70.0,17.0,-1.415
110-D,66.0,16.0,-1.417
92-I,33.0,8.0,-1.417
112-V,33.0,8.0,-1.417
113-Y,54.0,13.0,-1.424
121-A,212.0,51.0,-1.425
124-M,79.0,19.0,-1.425
69-N,25.0,6.0,-1.427
121-F,96.0,23.0,-1.429
123-G,493.0,118.0,-1.43
66-R,109.0,26.0,-1.433
49-S,109.0,26.0,-1.433
121-W,105.0,25.0,-1.435
20-R,21.0,5.0,-1.435
38-S,80.0,19.0,-1.438
122-E,76.0,18.0,-1.44
93-V,38.0,9.0,-1.44
58-T,76.0,18.0,-1.44
125-I,144.0,34.0,-1.443
60-T,89.0,21.0,-1.444
113-V,161.0,38.0,-1.444
116-L,136.0,32.0,-1.447
77-Y,17.0,4.0,-1.447
92-N,51.0,12.0,-1.447
81-K,68.0,16.0,-1.447
120-Q,47.0,11.0,-1.452
123-W,94.0,22.0,-1.452
123-D,94.0,22.0,-1.452
77-N,60.0,14.0,-1.455
124-D,90.0,21.0,-1.455
114-D,103.0,24.0,-1.457
123-L,202.0,47.0,-1.458
113-R,185.0,43.0,-1.459
119-W,125.0,29.0,-1.461
78-S,125.0,29.0,-1.461
41-T,125.0,29.0,-1.461
128-R,181.0,42.0,-1.461
62-M,69.0,16.0,-1.462
125-F,190.0,44.0,-1.463
95-E,121.0,28.0,-1.464
9-L,26.0,6.0,-1.466
73-H,13.0,3.0,-1.466
47-L,13.0,3.0,-1.466
46-D,52.0,12.0,-1.466
15-M,39.0,9.0,-1.466
121-P,100.0,23.0,-1.47
67-S,96.0,22.0,-1.473
90-L,48.0,11.0,-1.473
122-D,35.0,8.0,-1.476
113-C,101.0,23.0,-1.48
93-G,88.0,20.0,-1.482
65-T,44.0,10.0,-1.482
31-T,97.0,22.0,-1.484
121-E,97.0,22.0,-1.484
7-V,97.0,22.0,-1.484
124-T,106.0,24.0,-1.485
117-H,53.0,12.0,-1.485
113-L,128.0,29.0,-1.485
17-A,137.0,31.0,-1.486
16-I,31.0,7.0,-1.488
106-A,124.0,28.0,-1.488
109-I,31.0,7.0,-1.488
32-E,31.0,7.0,-1.488
71-S,120.0,27.0,-1.492
11-P,129.0,29.0,-1.493
8-V,49.0,11.0,-1.494
121-T,272.0,61.0,-1.495
21-E,143.0,32.0,-1.497
119-D,67.0,15.0,-1.497
79-E,9.0,2.0,-1.504
64-*,9.0,2.0,-1.504
123-H,72.0,16.0,-1.504
55-K,9.0,2.0,-1.504
115-F,36.0,8.0,-1.504
11-R,18.0,4.0,-1.504
89-V,9.0,2.0,-1.504
50-T,126.0,28.0,-1.504
32-V,18.0,4.0,-1.504
41-K,45.0,10.0,-1.504
18-*,36.0,8.0,-1.504
38-T,9.0,2.0,-1.504
123-T,127.0,28.0,-1.512
97-E,50.0,11.0,-1.514
94-N,41.0,9.0,-1.516
9-R,46.0,10.0,-1.526
127-R,23.0,5.0,-1.526
101-D,46.0,10.0,-1.526
9-S,37.0,8.0,-1.531
116-W,84.0,18.0,-1.54
126-Q,42.0,9.0,-1.54
35-V,70.0,15.0,-1.54
86-I,14.0,3.0,-1.54
90-T,28.0,6.0,-1.54
81-V,42.0,9.0,-1.54
55-P,14.0,3.0,-1.54
50-V,98.0,21.0,-1.54
76-V,14.0,3.0,-1.54
115-Y,28.0,6.0,-1.54
101-V,14.0,3.0,-1.54
125-Y,131.0,28.0,-1.543
115-L,103.0,22.0,-1.544
119-G,450.0,96.0,-1.545
116-S,122.0,26.0,-1.546
119-M,47.0,10.0,-1.548
16-N,33.0,7.0,-1.551
39-P,104.0,22.0,-1.553
55-L,52.0,11.0,-1.553
113-S,312.0,66.0,-1.553
123-I,123.0,26.0,-1.554
87-P,147.0,31.0,-1.556
45-V,57.0,12.0,-1.558
6-S,19.0,4.0,-1.558
98-E,38.0,8.0,-1.558
18-N,38.0,8.0,-1.558
119-P,119.0,25.0,-1.56
106-I,43.0,9.0,-1.564
7-T,86.0,18.0,-1.564
42-T,67.0,14.0,-1.566
122-Q,24.0,5.0,-1.569
117-Q,96.0,20.0,-1.569
7-N,24.0,5.0,-1.569
34-G,24.0,5.0,-1.569
34-V,53.0,11.0,-1.572
107-R,222.0,46.0,-1.574
95-I,29.0,6.0,-1.576
126-T,58.0,12.0,-1.576
87-Q,58.0,12.0,-1.576
89-S,29.0,6.0,-1.576
30-H,68.0,14.0,-1.58
22-E,34.0,7.0,-1.58
115-C,44.0,9.0,-1.587
82-N,44.0,9.0,-1.587
111-*,49.0,10.0,-1.589
109-N,54.0,11.0,-1.591
122-V,251.0,51.0,-1.594
20-G,69.0,14.0,-1.595
117-R,281.0,57.0,-1.595
124-V,168.0,34.0,-1.598
21-V,5.0,1.0,-1.609
79-R,5.0,1.0,-1.609
9-N,5.0,1.0,-1.609
9-*,5.0,1.0,-1.609
48-E,5.0,1.0,-1.609
110-R,10.0,2.0,-1.609
95-G,5.0,1.0,-1.609
95-T,5.0,1.0,-1.609
40-Y,10.0,2.0,-1.609
122-Y,20.0,4.0,-1.609
35-R,5.0,1.0,-1.609
30-F,25.0,5.0,-1.609
30-S,5.0,1.0,-1.609
77-A,5.0,1.0,-1.609
22-R,5.0,1.0,-1.609
111-S,5.0,1.0,-1.609
6-W,10.0,2.0,-1.609
13-C,5.0,1.0,-1.609
13-L,5.0,1.0,-1.609
60-R,10.0,2.0,-1.609
127-H,5.0,1.0,-1.609
31-*,5.0,1.0,-1.609
87-V,5.0,1.0,-1.609
83-D,60.0,12.0,-1.609
127-*,5.0,1.0,-1.609
50-F,30.0,6.0,-1.609
50-A,5.0,1.0,-1.609
115-H,20.0,4.0,-1.609
61-A,10.0,2.0,-1.609
28-I,10.0,2.0,-1.609
43-D,5.0,1.0,-1.609
80-Y,45.0,9.0,-1.609
36-S,5.0,1.0,-1.609
32-G,105.0,21.0,-1.609
85-V,10.0,2.0,-1.609
58-R,5.0,1.0,-1.609
74-G,5.0,1.0,-1.609
78-C,5.0,1.0,-1.609
49-I,10.0,2.0,-1.609
91-V,5.0,1.0,-1.609
88-G,5.0,1.0,-1.609
128-M,5.0,1.0,-1.609
7-W,5.0,1.0,-1.609
7-E,5.0,1.0,-1.609
38-A,5.0,1.0,-1.609
38-V,5.0,1.0,-1.609
107-V,5.0,1.0,-1.609
34-R,5.0,1.0,-1.609
75-R,25.0,5.0,-1.609
75-I,5.0,1.0,-1.609
53-R,15.0,3.0,-1.609
119-T,106.0,21.0,-1.619
95-N,66.0,13.0,-1.625
18-H,87.0,17.0,-1.633
77-V,31.0,6.0,-1.642
119-E,114.0,22.0,-1.645
25-D,57.0,11.0,-1.645
66-M,26.0,5.0,-1.649
30-C,78.0,15.0,-1.649
26-E,78.0,15.0,-1.649
118-S,78.0,15.0,-1.649
103-N,26.0,5.0,-1.649
29-R,115.0,22.0,-1.654
103-C,68.0,13.0,-1.655
41-L,42.0,8.0,-1.658
120-Y,53.0,10.0,-1.668
120-D,48.0,9.0,-1.674
124-H,80.0,15.0,-1.674
59-G,113.0,21.0,-1.683
54-R,206.0,38.0,-1.69
63-C,38.0,7.0,-1.692
4-T,11.0,2.0,-1.705
50-L,11.0,2.0,-1.705
46-A,22.0,4.0,-1.705
80-S,99.0,18.0,-1.705
74-E,88.0,16.0,-1.705
50-N,11.0,2.0,-1.705
10-T,77.0,14.0,-1.705
71-H,11.0,2.0,-1.705
99-T,116.0,21.0,-1.709
19-I,39.0,7.0,-1.718
114-W,28.0,5.0,-1.723
115-Q,17.0,3.0,-1.735
43-L,34.0,6.0,-1.735
58-I,51.0,9.0,-1.735
9-G,74.0,13.0,-1.739
0-A,40.0,7.0,-1.743
115-S,63.0,11.0,-1.745
102-N,23.0,4.0,-1.749
112-N,46.0,8.0,-1.749
115-V,52.0,9.0,-1.754
117-N,29.0,5.0,-1.758
21-M,35.0,6.0,-1.764
62-E,35.0,6.0,-1.764
52-*,35.0,6.0,-1.764
29-N,35.0,6.0,-1.764
117-M,117.0,20.0,-1.766
101-S,59.0,10.0,-1.775
23-R,6.0,1.0,-1.792
66-Q,6.0,1.0,-1.792
66-*,30.0,5.0,-1.792
14-G,12.0,2.0,-1.792
14-R,6.0,1.0,-1.792
22-A,6.0,1.0,-1.792
26-G,18.0,3.0,-1.792
127-K,6.0,1.0,-1.792
4-Q,6.0,1.0,-1.792
83-A,12.0,2.0,-1.792
4-*,54.0,9.0,-1.792
81-A,6.0,1.0,-1.792
37-C,6.0,1.0,-1.792
37-G,6.0,1.0,-1.792
115-E,24.0,4.0,-1.792
59-A,18.0,3.0,-1.792
47-G,6.0,1.0,-1.792
96-H,6.0,1.0,-1.792
46-V,18.0,3.0,-1.792
46-C,6.0,1.0,-1.792
111-T,6.0,1.0,-1.792
5-W,6.0,1.0,-1.792
69-A,90.0,15.0,-1.792
109-T,6.0,1.0,-1.792
11-A,6.0,1.0,-1.792
126-A,54.0,9.0,-1.792
49-T,30.0,5.0,-1.792
10-L,6.0,1.0,-1.792
10-G,36.0,6.0,-1.792
128-A,6.0,1.0,-1.792
7-L,6.0,1.0,-1.792
53-Q,36.0,6.0,-1.792
71-T,6.0,1.0,-1.792
112-Y,6.0,1.0,-1.792
112-E,18.0,3.0,-1.792
115-*,133.0,22.0,-1.799
118-D,49.0,8.0,-1.812
107-C,49.0,8.0,-1.812
116-P,31.0,5.0,-1.825
83-S,56.0,9.0,-1.828
120-L,156.0,25.0,-1.831
118-K,25.0,4.0,-1.833
73-K,19.0,3.0,-1.846
121-Q,76.0,12.0,-1.846
55-*,83.0,13.0,-1.854
124-N,77.0,12.0,-1.859
99-M,13.0,2.0,-1.872
17-M,26.0,4.0,-1.872
108-S,13.0,2.0,-1.872
54-G,13.0,2.0,-1.872
0-H,13.0,2.0,-1.872
117-C,79.0,12.0,-1.885
118-N,66.0,10.0,-1.887
9-E,20.0,3.0,-1.897
126-W,20.0,3.0,-1.897
57-Q,40.0,6.0,-1.897
127-E,20.0,3.0,-1.897
126-G,47.0,7.0,-1.904
106-D,27.0,4.0,-1.91
83-V,27.0,4.0,-1.91
25-R,27.0,4.0,-1.91
73-*,75.0,11.0,-1.92
1-*,48.0,7.0,-1.925
121-R,244.0,35.0,-1.942
9-P,21.0,3.0,-1.946
9-W,14.0,2.0,-1.946
9-I,7.0,1.0,-1.946
48-G,7.0,1.0,-1.946
40-A,14.0,2.0,-1.946
68-P,7.0,1.0,-1.946
35-P,7.0,1.0,-1.946
57-G,7.0,1.0,-1.946
100-T,63.0,9.0,-1.946
6-D,7.0,1.0,-1.946
114-I,42.0,6.0,-1.946
44-G,14.0,2.0,-1.946
18-R,7.0,1.0,-1.946
4-W,7.0,1.0,-1.946
83-R,7.0,1.0,-1.946
55-H,7.0,1.0,-1.946
11-S,7.0,1.0,-1.946
109-*,21.0,3.0,-1.946
124-F,7.0,1.0,-1.946
89-C,7.0,1.0,-1.946
0-V,21.0,3.0,-1.946
78-G,7.0,1.0,-1.946
29-S,7.0,1.0,-1.946
49-H,7.0,1.0,-1.946
10-M,7.0,1.0,-1.946
2-R,21.0,3.0,-1.946
128-D,7.0,1.0,-1.946
115-R,226.0,32.0,-1.955
113-F,71.0,10.0,-1.96
117-G,258.0,36.0,-1.969
113-H,58.0,8.0,-1.981
121-D,95.0,13.0,-1.989
8-D,37.0,5.0,-2.001
23-G,15.0,2.0,-2.015
122-F,30.0,4.0,-2.015
127-W,15.0,2.0,-2.015
13-V,30.0,4.0,-2.015
75-N,30.0,4.0,-2.015
48-H,38.0,5.0,-2.028
120-P,76.0,10.0,-2.028
6-G,38.0,5.0,-2.028
23-T,47.0,6.0,-2.058
116-T,95.0,12.0,-2.069
117-S,159.0,20.0,-2.073
79-P,16.0,2.0,-2.079
127-C,8.0,1.0,-2.079
99-L,8.0,1.0,-2.079
40-E,8.0,1.0,-2.079
12-R,8.0,1.0,-2.079
12-P,16.0,2.0,-2.079
39-G,8.0,1.0,-2.079
39-V,8.0,1.0,-2.079
64-A,8.0,1.0,-2.079
51-K,8.0,1.0,-2.079
98-A,8.0,1.0,-2.079
118-*,80.0,10.0,-2.079
13-R,8.0,1.0,-2.079
65-G,8.0,1.0,-2.079
55-E,8.0,1.0,-2.079
5-A,8.0,1.0,-2.079
111-P,16.0,2.0,-2.079
105-A,8.0,1.0,-2.079
127-D,8.0,1.0,-2.079
29-T,8.0,1.0,-2.079
49-K,8.0,1.0,-2.079
8-*,8.0,1.0,-2.079
19-T,8.0,1.0,-2.079
7-S,8.0,1.0,-2.079
107-A,8.0,1.0,-2.079
34-S,16.0,2.0,-2.079
115-G,105.0,13.0,-2.089
114-Q,41.0,5.0,-2.104
70-Q,41.0,5.0,-2.104
21-*,66.0,8.0,-2.11
115-D,25.0,3.0,-2.12
95-*,42.0,5.0,-2.128
121-C,94.0,11.0,-2.145
120-E,60.0,7.0,-2.148
107-*,105.0,12.0,-2.169
120-R,188.0,21.0,-2.192
36-M,9.0,1.0,-2.197
126-Y,18.0,2.0,-2.197
126-E,9.0,1.0,-2.197
111-K,9.0,1.0,-2.197
94-I,9.0,1.0,-2.197
90-A,9.0,1.0,-2.197
4-G,18.0,2.0,-2.197
104-L,9.0,1.0,-2.197
43-R,9.0,1.0,-2.197
61-R,9.0,1.0,-2.197
5-*,9.0,1.0,-2.197
11-V,9.0,1.0,-2.197
74-Q,9.0,1.0,-2.197
20-T,9.0,1.0,-2.197
8-A,9.0,1.0,-2.197
84-I,9.0,1.0,-2.197
75-C,18.0,2.0,-2.197
120-W,92.0,10.0,-2.219
30-N,28.0,3.0,-2.234
118-G,112.0,12.0,-2.234
118-P,28.0,3.0,-2.234
115-M,28.0,3.0,-2.234
48-P,10.0,1.0,-2.303
67-C,10.0,1.0,-2.303
51-P,10.0,1.0,-2.303
118-Q,30.0,3.0,-2.303
65-A,10.0,1.0,-2.303
11-G,10.0,1.0,-2.303
80-V,20.0,2.0,-2.303
29-G,10.0,1.0,-2.303
10-P,10.0,1.0,-2.303
15-L,10.0,1.0,-2.303
121-N,71.0,7.0,-2.317
114-K,51.0,5.0,-2.322
54-*,92.0,9.0,-2.325
125-C,215.0,21.0,-2.326
65-L,42.0,4.0,-2.351
56-D,43.0,4.0,-2.375
27-P,11.0,1.0,-2.398
99-F,11.0,1.0,-2.398
33-R,11.0,1.0,-2.398
122-H,22.0,2.0,-2.398
30-*,11.0,1.0,-2.398
92-T,11.0,1.0,-2.398
96-S,11.0,1.0,-2.398
128-V,11.0,1.0,-2.398
107-L,22.0,2.0,-2.398
56-V,11.0,1.0,-2.398
117-W,90.0,8.0,-2.42
121-G,59.0,5.0,-2.468
39-R,12.0,1.0,-2.485
92-*,12.0,1.0,-2.485
115-K,12.0,1.0,-2.485
25-C,36.0,3.0,-2.485
34-D,12.0,1.0,-2.485
117-T,74.0,6.0,-2.512
117-K,37.0,3.0,-2.512
65-Q,13.0,1.0,-2.565
12-G,13.0,1.0,-2.565
83-C,13.0,1.0,-2.565
59-Y,13.0,1.0,-2.565
10-R,13.0,1.0,-2.565
117-D,54.0,4.0,-2.603
72-L,14.0,1.0,-2.639
126-F,14.0,1.0,-2.639
51-*,43.0,3.0,-2.663
7-F,43.0,3.0,-2.663
27-E,15.0,1.0,-2.708
44-L,15.0,1.0,-2.708
108-L,15.0,1.0,-2.708
117-Y,30.0,2.0,-2.708
87-R,16.0,1.0,-2.773
116-*,96.0,6.0,-2.773
74-*,16.0,1.0,-2.773
126-*,16.0,1.0,-2.773
121-K,81.0,5.0,-2.785
118-R,134.0,8.0,-2.818
31-G,17.0,1.0,-2.833
7-G,17.0,1.0,-2.833
115-A,35.0,2.0,-2.862
10-S,18.0,1.0,-2.89
117-E,74.0,4.0,-2.918
122-R,131.0,7.0,-2.929
66-G,20.0,1.0,-2.996
126-K,20.0,1.0,-2.996
100-E,20.0,1.0,-2.996
113-W,61.0,3.0,-3.012
115-T,42.0,2.0,-3.045
115-I,21.0,1.0,-3.045
115-N,21.0,1.0,-3.045
72-G,22.0,1.0,-3.091
80-I,22.0,1.0,-3.091
122-K,24.0,1.0,-3.178
113-I,48.0,2.0,-3.178
122-*,28.0,1.0,-3.332
120-F,56.0,2.0,-3.332
119-*,57.0,2.0,-3.35
115-P,32.0,1.0,-3.466
114-*,39.0,1.0,-3.664
120-K,40.0,1.0,-3.689
113-*,45.0,1.0,-3.807
117-*,50.0,1.0,-3.912
120-*,51.0,1.0,-3.932
124-*,54.0,1.0,-3.989
123-*,55.0,1.0,-4.007
121-*,57.0,1.0,-4.043
125-*,128.0,2.0,-4.159
