A66M,21.0,4064.0,5.265
Y93R,211.0,10526.0,3.91
A66L,89.0,4238.0,3.863
Y93L,69.0,3040.0,3.786
V36E,16.0,424.0,3.277
Y93K,58.0,1413.0,3.193
Y93Q,46.0,1034.0,3.113
N60K,31.0,688.0,3.1
T90Q,21.0,464.0,3.095
S83T,80.0,1674.0,3.041
A66T,68.0,1206.0,2.876
Y93S,122.0,2131.0,2.86
N51M,17.0,291.0,2.84
F8H,17.0,283.0,2.812
T90E,79.0,1212.0,2.731
W62E,36.0,549.0,2.725
Y93N,64.0,962.0,2.71
S34Q,27.0,373.0,2.626
Y87K,14.0,193.0,2.624
G55N,25.0,332.0,2.586
Y93V,117.0,1456.0,2.521
T86D,11.0,132.0,2.485
S34L,63.0,705.0,2.415
A66I,27.0,301.0,2.411
R88K,14.0,155.0,2.404
N24T,24.0,256.0,2.367
Y93P,91.0,970.0,2.366
K94T,182.0,1920.0,2.356
N51W,27.0,283.0,2.35
T90A,175.0,1826.0,2.345
G91H,82.0,855.0,2.344
S21Q,25.0,260.0,2.342
V68A,50.0,500.0,2.303
N53Q,11.0,109.0,2.293
K94L,286.0,2769.0,2.27
T92N,131.0,1264.0,2.267
T92E,244.0,2322.0,2.253
S73A,104.0,976.0,2.239
N53R,55.0,511.0,2.229
T92D,184.0,1635.0,2.184
K94I,89.0,777.0,2.167
T92P,314.0,2720.0,2.159
N51G,69.0,582.0,2.132
A58C,42.0,343.0,2.1
D10L,16.0,130.0,2.095
N24W,19.0,153.0,2.086
S21V,49.0,394.0,2.085
T86V,35.0,280.0,2.079
F47K,15.0,119.0,2.071
S34A,51.0,402.0,2.065
G61N,38.0,299.0,2.063
A58N,12.0,94.0,2.058
P46Q,30.0,232.0,2.046
W62P,54.0,402.0,2.007
Y93E,52.0,378.0,1.984
T43R,66.0,476.0,1.976
G20M,20.0,144.0,1.974
N51Y,43.0,304.0,1.956
F47C,19.0,133.0,1.946
A66S,95.0,651.0,1.925
T86E,28.0,192.0,1.925
S1K,21.0,143.0,1.918
S34E,27.0,183.0,1.914
Y93G,183.0,1236.0,1.91
G55C,46.0,307.0,1.898
T2P,70.0,463.0,1.889
A77H,24.0,150.0,1.833
N7D,44.0,274.0,1.829
P59H,15.0,92.0,1.814
T90R,207.0,1244.0,1.793
N24D,45.0,268.0,1.784
N60S,116.0,687.0,1.779
S21H,11.0,65.0,1.776
T90S,160.0,932.0,1.762
K94V,403.0,2329.0,1.754
T92A,748.0,4323.0,1.754
R88P,30.0,173.0,1.752
N16Q,12.0,68.0,1.735
T86I,66.0,368.0,1.718
T86A,100.0,557.0,1.717
N53K,49.0,267.0,1.695
F8M,26.0,138.0,1.669
A66V,173.0,916.0,1.667
R48I,13.0,68.0,1.655
V37C,30.0,157.0,1.655
T42A,68.0,355.0,1.653
N28T,39.0,202.0,1.645
G55D,44.0,228.0,1.645
F8C,53.0,274.0,1.643
N7F,34.0,175.0,1.638
W89H,29.0,148.0,1.63
S73Q,30.0,152.0,1.623
I14T,60.0,300.0,1.609
G55Q,21.0,105.0,1.609
T86G,129.0,637.0,1.597
I14E,19.0,92.0,1.577
G20A,36.0,173.0,1.57
Y87I,15.0,72.0,1.569
Y93T,118.0,565.0,1.566
G33H,20.0,94.0,1.548
N19D,127.0,597.0,1.548
V15T,90.0,421.0,1.543
G12Y,55.0,257.0,1.542
G55S,80.0,370.0,1.531
A54S,55.0,254.0,1.53
A54N,15.0,69.0,1.526
D3T,47.0,214.0,1.516
T32S,88.0,396.0,1.504
W62C,81.0,363.0,1.5
G55W,32.0,139.0,1.469
A58M,30.0,129.0,1.459
I14L,61.0,260.0,1.45
K94C,169.0,714.0,1.441
T42Q,15.0,63.0,1.435
S1I,40.0,167.0,1.429
W89Q,20.0,82.0,1.411
V36C,27.0,110.0,1.405
I76L,97.0,394.0,1.402
Y52M,31.0,125.0,1.394
Y93A,91.0,361.0,1.378
Y79G,132.0,522.0,1.375
I14K,22.0,87.0,1.375
D10N,58.0,229.0,1.373
S45M,78.0,306.0,1.367
S83C,73.0,285.0,1.362
T86R,76.0,296.0,1.36
R72V,100.0,386.0,1.351
T49D,18.0,69.0,1.344
T86Q,16.0,61.0,1.338
T90D,64.0,239.0,1.318
G12C,118.0,438.0,1.312
W89C,129.0,475.0,1.304
G12V,186.0,681.0,1.298
T2V,93.0,340.0,1.296
A64S,52.0,188.0,1.285
N16H,13.0,47.0,1.285
V68C,24.0,86.0,1.276
F35C,24.0,86.0,1.276
S26W,52.0,186.0,1.275
G20Y,26.0,93.0,1.275
A66C,55.0,194.0,1.261
W89P,53.0,187.0,1.261
N7H,17.0,60.0,1.261
S30I,19.0,67.0,1.26
S34W,44.0,154.0,1.253
S21F,52.0,181.0,1.247
Y93H,251.0,869.0,1.242
A58K,28.0,96.0,1.232
G22C,78.0,265.0,1.223
D82E,70.0,235.0,1.211
F8E,36.0,120.0,1.204
V56A,56.0,186.0,1.2
M0T,28.0,93.0,1.2
T49V,63.0,209.0,1.199
T92G,697.0,2306.0,1.196
G91E,113.0,372.0,1.192
N24G,95.0,312.0,1.189
D3A,72.0,235.0,1.183
R72H,110.0,357.0,1.177
R48H,78.0,253.0,1.177
Y79A,75.0,243.0,1.176
S1R,125.0,401.0,1.166
R48S,81.0,259.0,1.162
W5Y,78.0,249.0,1.161
Y25P,32.0,102.0,1.159
N28Q,19.0,60.0,1.15
G38S,57.0,178.0,1.139
V15Q,54.0,168.0,1.135
W57K,22.0,68.0,1.128
S99P,11.0,34.0,1.128
D100V,14.0,43.0,1.122
T92Q,158.0,482.0,1.115
Y93C,46.0,140.0,1.113
T96N,11.0,33.0,1.099
G63T,22.0,65.0,1.083
N16C,31.0,91.0,1.077
G55V,65.0,190.0,1.073
T92S,542.0,1580.0,1.07
W89G,146.0,423.0,1.064
G20C,57.0,165.0,1.063
Y25E,35.0,101.0,1.06
S1H,17.0,49.0,1.059
N16Y,44.0,123.0,1.028
S21R,126.0,352.0,1.027
R72D,32.0,89.0,1.023
D10Q,12.0,33.0,1.012
S21L,76.0,209.0,1.012
Y78N,11.0,30.0,1.003
V97L,13.0,35.0,0.99
I14S,35.0,94.0,0.988
N53D,40.0,107.0,0.984
T90V,105.0,280.0,0.981
G95S,12.0,32.0,0.981
T49W,18.0,48.0,0.981
G12H,74.0,196.0,0.974
V18Q,62.0,164.0,0.973
T42N,22.0,58.0,0.969
T86H,16.0,42.0,0.965
I14Y,16.0,42.0,0.965
T32G,96.0,251.0,0.961
S73T,59.0,154.0,0.959
K94H,59.0,154.0,0.959
S1G,195.0,507.0,0.956
K98*,27.0,70.0,0.953
R48A,43.0,111.0,0.948
N28S,63.0,162.0,0.944
G23S,30.0,77.0,0.943
K98R,18.0,46.0,0.938
N19M,106.0,269.0,0.931
S21P,65.0,164.0,0.925
W62I,38.0,95.0,0.916
F8A,53.0,132.0,0.913
K94Q,47.0,116.0,0.903
G23V,13.0,32.0,0.901
S30G,74.0,182.0,0.9
K39I,35.0,86.0,0.899
S45V,253.0,619.0,0.895
G20F,16.0,39.0,0.891
T49I,39.0,95.0,0.89
V80I,90.0,219.0,0.889
T96S,21.0,51.0,0.887
T92V,798.0,1931.0,0.884
R48W,60.0,145.0,0.882
N31D,63.0,151.0,0.874
G44C,28.0,67.0,0.872
S30W,27.0,64.0,0.863
N24S,84.0,199.0,0.862
M0L,18.0,42.0,0.847
G44A,18.0,42.0,0.847
T2A,105.0,245.0,0.847
V56R,63.0,146.0,0.84
G33D,61.0,141.0,0.838
G55F,13.0,30.0,0.836
N51R,53.0,122.0,0.834
A58T,57.0,131.0,0.832
Y79K,34.0,78.0,0.83
T86S,107.0,245.0,0.828
N19R,337.0,763.0,0.817
N7C,48.0,107.0,0.802
I14G,51.0,113.0,0.796
G12S,290.0,636.0,0.785
N19Q,89.0,195.0,0.784
N19C,122.0,267.0,0.783
W89A,103.0,224.0,0.777
P59G,104.0,226.0,0.776
L65Q,13.0,28.0,0.767
K39Q,34.0,73.0,0.764
V18I,118.0,253.0,0.763
I14V,74.0,157.0,0.752
P46A,43.0,91.0,0.75
V27E,27.0,57.0,0.747
G95D,18.0,38.0,0.747
V56L,73.0,154.0,0.746
N31V,66.0,139.0,0.745
D100N,39.0,82.0,0.743
L75E,51.0,107.0,0.741
T86N,21.0,44.0,0.74
V18K,44.0,92.0,0.738
N51S,78.0,163.0,0.737
S26R,134.0,279.0,0.733
A77V,137.0,284.0,0.729
S73Y,16.0,33.0,0.724
F47I,16.0,33.0,0.724
K94G,449.0,924.0,0.722
T92R,448.0,918.0,0.717
S73M,52.0,106.0,0.712
D10E,30.0,61.0,0.71
N16D,37.0,75.0,0.707
G12W,103.0,203.0,0.678
F8V,77.0,151.0,0.673
N24A,40.0,78.0,0.668
T42I,55.0,107.0,0.665
G91S,273.0,531.0,0.665
S21K,18.0,35.0,0.665
S45T,132.0,256.0,0.662
I76K,31.0,60.0,0.66
D82G,4460.0,8616.0,0.658
V80E,29.0,56.0,0.658
G12T,120.0,231.0,0.655
N19E,133.0,256.0,0.655
F47Y,25.0,48.0,0.652
V36Q,24.0,46.0,0.651
S83N,36.0,69.0,0.651
K98I,12.0,23.0,0.651
T9I,59.0,113.0,0.65
G95C,11.0,21.0,0.647
N16K,29.0,55.0,0.64
F8L,99.0,186.0,0.631
S1P,48.0,90.0,0.629
D3N,47.0,87.0,0.616
K98E,27.0,50.0,0.616
G85D,72.0,133.0,0.614
A66G,104.0,192.0,0.613
S30T,38.0,69.0,0.597
V97A,21.0,38.0,0.593
Y87H,66.0,119.0,0.589
Y4C,65.0,117.0,0.588
V37I,25.0,45.0,0.588
T96I,33.0,59.0,0.581
G40L,14.0,25.0,0.58
G55R,105.0,187.0,0.577
T49N,27.0,48.0,0.575
G12A,147.0,261.0,0.574
A17T,138.0,245.0,0.574
I14N,39.0,69.0,0.571
I14A,32.0,56.0,0.56
F47V,42.0,73.0,0.553
I76V,99.0,172.0,0.552
G61S,111.0,192.0,0.548
S83V,163.0,282.0,0.548
P59L,100.0,173.0,0.548
D100E,37.0,64.0,0.548
T96A,33.0,57.0,0.547
K94R,529.0,912.0,0.545
W29*,83.0,143.0,0.544
V36L,71.0,122.0,0.541
T49L,61.0,103.0,0.524
W41T,22.0,37.0,0.52
W62R,141.0,237.0,0.519
R88C,92.0,154.0,0.515
N53L,33.0,55.0,0.511
N7T,32.0,53.0,0.505
P59N,20.0,33.0,0.501
N51D,48.0,79.0,0.498
K98N,14.0,23.0,0.496
T92F,152.0,249.0,0.494
V81M,33.0,54.0,0.492
A77C,41.0,67.0,0.491
G22Y,19.0,31.0,0.49
S99Y,19.0,31.0,0.49
A64L,24.0,39.0,0.486
N24I,65.0,105.0,0.48
N31Y,26.0,42.0,0.48
V37L,56.0,90.0,0.474
D100Y,27.0,43.0,0.465
G11D,33.0,52.0,0.455
N24L,87.0,137.0,0.454
Y93M,47.0,74.0,0.454
N24V,110.0,173.0,0.453
S1V,88.0,138.0,0.45
D3G,160.0,249.0,0.442
G11C,18.0,28.0,0.442
S26K,18.0,28.0,0.442
S99F,27.0,42.0,0.442
G85S,89.0,138.0,0.439
S26L,101.0,156.0,0.435
D100G,33.0,51.0,0.435
R48Y,26.0,40.0,0.431
G44D,28.0,43.0,0.429
T2M,27.0,41.0,0.418
W41L,54.0,82.0,0.418
R48Q,22.0,33.0,0.405
G23C,14.0,21.0,0.405
A54V,87.0,130.0,0.402
G20W,33.0,49.0,0.395
F8W,78.0,115.0,0.388
R48V,105.0,154.0,0.383
V15L,206.0,302.0,0.383
W70*,90.0,131.0,0.375
W62Y,44.0,64.0,0.375
N7V,75.0,109.0,0.374
R48L,91.0,132.0,0.372
G12F,116.0,168.0,0.37
A77P,38.0,55.0,0.37
Y52W,36.0,52.0,0.368
A54P,25.0,36.0,0.365
G38D,53.0,76.0,0.36
K94Y,44.0,63.0,0.359
V97D,21.0,30.0,0.357
V97I,47.0,67.0,0.355
Y87F,40.0,57.0,0.354
G33S,146.0,206.0,0.344
S26V,80.0,112.0,0.336
A58S,70.0,98.0,0.336
S73F,34.0,47.0,0.324
Y4F,71.0,98.0,0.322
P46L,77.0,106.0,0.32
S83F,111.0,152.0,0.314
M0V,30.0,41.0,0.312
A64T,36.0,49.0,0.308
S1T,50.0,68.0,0.307
Y78C,39.0,53.0,0.307
G23D,45.0,61.0,0.304
W62G,124.0,168.0,0.304
Y25H,51.0,69.0,0.302
N7E,34.0,46.0,0.302
S83P,86.0,116.0,0.299
G22D,44.0,59.0,0.293
D10V,45.0,60.0,0.288
T43I,52.0,69.0,0.283
G63D,53.0,70.0,0.278
Y52H,50.0,66.0,0.278
M0I,73.0,96.0,0.274
N51I,38.0,50.0,0.274
L75M,35.0,46.0,0.273
W89R,171.0,222.0,0.261
F47A,54.0,70.0,0.26
W57R,204.0,264.0,0.258
K94S,276.0,357.0,0.257
T2I,48.0,62.0,0.256
W41*,100.0,129.0,0.255
N19V,286.0,368.0,0.252
L67P,35.0,45.0,0.251
V27I,64.0,82.0,0.248
N28I,50.0,64.0,0.247
T9S,43.0,55.0,0.246
F47S,105.0,134.0,0.244
G11A,37.0,47.0,0.239
S1C,46.0,58.0,0.232
V18E,67.0,84.0,0.226
V56I,44.0,55.0,0.223
T71I,52.0,65.0,0.223
S21A,96.0,120.0,0.223
Y25F,57.0,71.0,0.22
S30F,68.0,84.0,0.211
Y78F,34.0,42.0,0.211
G13C,30.0,37.0,0.21
N19S,325.0,401.0,0.21
W84*,95.0,117.0,0.208
T32I,49.0,60.0,0.203
V18L,331.0,399.0,0.187
N60L,50.0,60.0,0.182
N53I,20.0,24.0,0.182
V15I,111.0,133.0,0.181
G91A,320.0,383.0,0.18
A17L,162.0,194.0,0.18
F35W,46.0,55.0,0.179
N31T,36.0,43.0,0.178
N53C,31.0,37.0,0.177
R88H,53.0,63.0,0.173
V27L,59.0,70.0,0.171
N16S,75.0,89.0,0.171
Y79C,136.0,161.0,0.169
A64V,143.0,169.0,0.167
Y93D,51.0,60.0,0.163
S83Q,34.0,40.0,0.163
N60T,38.0,44.0,0.147
P46S,47.0,54.0,0.139
F47L,127.0,146.0,0.139
S26G,185.0,212.0,0.136
T9A,81.0,92.0,0.127
T43A,67.0,76.0,0.126
V36D,30.0,34.0,0.125
G13D,39.0,44.0,0.121
V36I,56.0,63.0,0.118
L65P,89.0,100.0,0.117
S73D,33.0,37.0,0.114
V68I,33.0,37.0,0.114
N7I,66.0,74.0,0.114
T42V,34.0,38.0,0.111
Y4H,51.0,57.0,0.111
T71N,26.0,29.0,0.109
T49F,18.0,20.0,0.105
S45G,405.0,449.0,0.103
Y93W,30.0,33.0,0.095
T2Q,30.0,33.0,0.095
N53S,94.0,103.0,0.091
A64E,21.0,23.0,0.091
W62S,95.0,104.0,0.091
N24R,57.0,62.0,0.084
N60I,23.0,25.0,0.083
N31F,12.0,13.0,0.08
Y93F,62.0,67.0,0.078
Y78H,37.0,40.0,0.078
V56K,25.0,27.0,0.077
I14F,42.0,45.0,0.069
T90I,57.0,61.0,0.068
N16R,44.0,47.0,0.066
T43G,79.0,84.0,0.061
T32R,64.0,68.0,0.061
V81L,115.0,122.0,0.059
W70R,198.0,207.0,0.044
S26E,47.0,49.0,0.042
W89*,109.0,113.0,0.036
S26F,56.0,58.0,0.035
A58V,175.0,181.0,0.034
N28K,30.0,31.0,0.033
S26Y,62.0,64.0,0.032
K39G,92.0,95.0,0.032
G40D,41.0,42.0,0.024
T43V,46.0,47.0,0.022
Y4A,113.0,115.0,0.018
D82N,59.0,60.0,0.017
N53A,11.0,11.0,0.0
G12N,73.0,73.0,0.0
G20D,35.0,35.0,0.0
I50W,129.0,129.0,0.0
N31I,28.0,28.0,0.0
L75P,113.0,113.0,0.0
S30P,92.0,91.0,-0.011
W62*,95.0,94.0,-0.011
W84C,82.0,81.0,-0.012
G11S,63.0,62.0,-0.016
R88G,169.0,165.0,-0.024
S1M,43.0,42.0,-0.024
S34V,66.0,64.0,-0.031
S26A,84.0,81.0,-0.036
N7A,56.0,54.0,-0.036
F8Y,24.0,23.0,-0.043
G63L,45.0,43.0,-0.045
N51L,45.0,43.0,-0.045
G91P,176.0,168.0,-0.047
V27D,38.0,36.0,-0.054
N16I,37.0,35.0,-0.056
R72C,105.0,99.0,-0.059
V15P,87.0,82.0,-0.059
S34F,52.0,49.0,-0.059
R48C,101.0,95.0,-0.061
G55A,49.0,46.0,-0.063
S45C,74.0,69.0,-0.07
K39E,59.0,55.0,-0.07
A54T,59.0,55.0,-0.07
W62L,172.0,160.0,-0.072
V68D,28.0,26.0,-0.074
S26P,53.0,49.0,-0.078
L6R,367.0,339.0,-0.079
S26M,39.0,36.0,-0.08
G40S,39.0,36.0,-0.08
G85C,52.0,48.0,-0.08
G38C,39.0,36.0,-0.08
W41R,121.0,111.0,-0.086
W29T,36.0,33.0,-0.087
Y79L,93.0,85.0,-0.09
T49A,89.0,81.0,-0.094
W62Q,33.0,30.0,-0.095
N19T,127.0,115.0,-0.099
G44S,62.0,56.0,-0.102
N19P,81.0,73.0,-0.104
W41V,50.0,45.0,-0.105
F47R,50.0,45.0,-0.105
I76N,58.0,52.0,-0.109
S45R,372.0,333.0,-0.111
R72T,28.0,25.0,-0.113
T49G,84.0,75.0,-0.113
K94M,106.0,94.0,-0.12
Y87N,50.0,44.0,-0.128
G22R,89.0,78.0,-0.132
G69S,63.0,55.0,-0.136
A17I,39.0,34.0,-0.137
N19G,450.0,392.0,-0.138
V18C,144.0,125.0,-0.141
N60R,38.0,33.0,-0.141
L65V,45.0,39.0,-0.143
N28Y,51.0,44.0,-0.148
V37D,50.0,43.0,-0.151
V18D,77.0,66.0,-0.154
T71S,91.0,78.0,-0.154
K39A,80.0,68.0,-0.163
F8I,33.0,28.0,-0.164
S73L,102.0,86.0,-0.171
T90G,228.0,192.0,-0.172
W57*,120.0,101.0,-0.172
V81W,75.0,63.0,-0.174
S73K,31.0,26.0,-0.176
N7S,103.0,86.0,-0.18
G22I,23.0,19.0,-0.191
G63S,68.0,56.0,-0.194
S45K,68.0,56.0,-0.194
T2N,51.0,42.0,-0.194
P74L,113.0,93.0,-0.195
G44V,48.0,39.0,-0.208
K39N,42.0,34.0,-0.211
D3E,62.0,50.0,-0.215
G13S,55.0,44.0,-0.223
I50V,518.0,414.0,-0.224
Y79M,54.0,43.0,-0.228
G33L,93.0,74.0,-0.229
V56G,92.0,73.0,-0.231
L75Q,29.0,23.0,-0.232
N60D,56.0,44.0,-0.241
Y25S,84.0,66.0,-0.241
P74Q,37.0,29.0,-0.244
W41C,37.0,29.0,-0.244
P59T,40.0,31.0,-0.255
V81I,74.0,57.0,-0.261
G33R,121.0,93.0,-0.263
V18A,220.0,169.0,-0.264
R88L,85.0,65.0,-0.268
V18Y,101.0,77.0,-0.271
G69C,29.0,22.0,-0.276
P59S,78.0,59.0,-0.279
T92L,635.0,478.0,-0.284
S83A,96.0,72.0,-0.288
A77T,106.0,79.0,-0.294
G22S,93.0,69.0,-0.298
L6Y,68.0,50.0,-0.307
G13R,49.0,36.0,-0.308
T42P,15.0,11.0,-0.31
Y52F,75.0,55.0,-0.31
G20S,78.0,57.0,-0.314
N60Y,61.0,44.0,-0.327
G61D,60.0,43.0,-0.333
I50D,113.0,81.0,-0.333
N53Y,21.0,15.0,-0.336
M0K,21.0,15.0,-0.336
T49P,14.0,10.0,-0.336
G63C,31.0,22.0,-0.343
I76M,48.0,34.0,-0.345
S1F,67.0,47.0,-0.355
I50P,110.0,77.0,-0.357
Y87C,110.0,77.0,-0.357
N28D,59.0,41.0,-0.364
F35L,134.0,93.0,-0.365
W70C,52.0,36.0,-0.368
N31S,74.0,51.0,-0.372
T42S,99.0,68.0,-0.376
Y87L,51.0,35.0,-0.376
G69D,35.0,24.0,-0.377
A17G,279.0,191.0,-0.379
T71A,94.0,64.0,-0.384
S34P,47.0,32.0,-0.384
Y79H,92.0,62.0,-0.395
S30Y,48.0,32.0,-0.405
Y87M,27.0,18.0,-0.405
T49S,104.0,69.0,-0.41
L6V,284.0,187.0,-0.418
V36A,64.0,42.0,-0.421
D10Y,29.0,19.0,-0.423
S45E,139.0,91.0,-0.424
P74S,69.0,45.0,-0.427
G22A,57.0,37.0,-0.432
T32N,17.0,11.0,-0.435
Y25N,45.0,29.0,-0.439
D3H,14.0,9.0,-0.442
N7Y,64.0,41.0,-0.445
S83W,66.0,42.0,-0.452
I76F,44.0,28.0,-0.452
G33C,63.0,40.0,-0.454
F35Y,41.0,26.0,-0.455
W84R,128.0,81.0,-0.458
G91L,252.0,159.0,-0.461
T43S,108.0,68.0,-0.463
W29C,35.0,22.0,-0.464
S45F,67.0,42.0,-0.467
K39W,29.0,18.0,-0.477
W5*,208.0,129.0,-0.478
G11V,26.0,16.0,-0.486
V18H,103.0,63.0,-0.492
A54G,41.0,25.0,-0.495
G20V,33.0,20.0,-0.501
Y25C,81.0,49.0,-0.503
I76T,63.0,38.0,-0.506
Y52V,131.0,79.0,-0.506
W89L,132.0,79.0,-0.513
G69V,42.0,25.0,-0.519
A66E,32.0,19.0,-0.521
T32C,32.0,19.0,-0.521
W29R,162.0,95.0,-0.534
V27F,36.0,21.0,-0.539
L75C,62.0,36.0,-0.544
S34C,51.0,29.0,-0.565
T2S,120.0,68.0,-0.568
S26T,76.0,43.0,-0.57
V81D,80.0,45.0,-0.575
V68F,41.0,23.0,-0.578
I76R,148.0,83.0,-0.578
S73P,75.0,42.0,-0.58
A58L,75.0,42.0,-0.58
T32A,93.0,52.0,-0.581
S73G,113.0,63.0,-0.584
S45D,88.0,49.0,-0.586
T42K,18.0,10.0,-0.588
W62N,47.0,26.0,-0.592
V37S,58.0,32.0,-0.595
F8S,109.0,60.0,-0.597
G40C,33.0,18.0,-0.606
K39*,33.0,18.0,-0.606
N28A,59.0,32.0,-0.612
G40V,48.0,26.0,-0.613
Y87A,50.0,27.0,-0.616
S34T,50.0,27.0,-0.616
T32P,26.0,14.0,-0.619
F35S,127.0,68.0,-0.625
T49K,15.0,8.0,-0.629
L75G,166.0,88.0,-0.635
S45A,279.0,146.0,-0.648
I50L,359.0,187.0,-0.652
V27A,98.0,51.0,-0.653
W57G,204.0,105.0,-0.664
V56F,45.0,23.0,-0.671
N24K,62.0,31.0,-0.693
T42W,14.0,7.0,-0.693
L75N,16.0,8.0,-0.693
L6I,64.0,32.0,-0.693
D3V,145.0,72.0,-0.7
Y52C,112.0,55.0,-0.711
S45P,96.0,47.0,-0.714
D10G,74.0,36.0,-0.721
V81C,66.0,32.0,-0.724
G85I,33.0,16.0,-0.724
A17V,199.0,96.0,-0.729
F35I,27.0,13.0,-0.731
D82H,23.0,11.0,-0.738
V56D,23.0,11.0,-0.738
N31G,114.0,54.0,-0.747
K94N,89.0,42.0,-0.751
S30A,32.0,15.0,-0.758
V27S,50.0,23.0,-0.777
L6P,203.0,93.0,-0.781
Y79F,90.0,41.0,-0.786
S30C,33.0,15.0,-0.788
S1A,22.0,10.0,-0.788
V15G,538.0,243.0,-0.795
A58E,31.0,14.0,-0.795
T9N,20.0,9.0,-0.799
V80D,65.0,29.0,-0.807
N19Y,109.0,48.0,-0.82
L67Q,26.0,11.0,-0.86
Y87R,83.0,35.0,-0.863
W5C,136.0,57.0,-0.87
T92M,133.0,55.0,-0.883
Y25*,63.0,26.0,-0.885
G91D,114.0,47.0,-0.886
I50A,204.0,84.0,-0.887
Y25A,90.0,37.0,-0.889
N19I,117.0,48.0,-0.891
N31K,39.0,16.0,-0.891
R88W,49.0,20.0,-0.896
W57Q,27.0,11.0,-0.898
A64R,27.0,11.0,-0.898
D3Y,42.0,17.0,-0.904
G33V,94.0,38.0,-0.906
N60G,66.0,26.0,-0.932
D10A,28.0,11.0,-0.934
N19A,222.0,87.0,-0.937
W5L,304.0,118.0,-0.946
G22V,75.0,29.0,-0.95
W5R,498.0,192.0,-0.953
S83G,213.0,82.0,-0.955
N24Y,52.0,20.0,-0.956
G33A,74.0,28.0,-0.972
Y93*,69.0,26.0,-0.976
T43N,32.0,12.0,-0.981
T2L,80.0,30.0,-0.981
V37A,126.0,47.0,-0.986
Y4N,35.0,13.0,-0.99
P59Q,41.0,15.0,-1.006
V18T,121.0,44.0,-1.012
D82Y,33.0,12.0,-1.012
V80F,36.0,13.0,-1.019
W57C,122.0,44.0,-1.02
Y52N,67.0,24.0,-1.027
Y87*,42.0,15.0,-1.03
S83Y,42.0,15.0,-1.03
K94E,152.0,54.0,-1.035
N60H,31.0,11.0,-1.036
I50F,211.0,73.0,-1.061
Y4*,61.0,21.0,-1.066
Y79*,64.0,22.0,-1.068
R88S,111.0,38.0,-1.072
V81A,114.0,39.0,-1.073
G12L,273.0,93.0,-1.077
N19L,233.0,79.0,-1.082
G20L,71.0,24.0,-1.085
Y87D,30.0,10.0,-1.099
G12R,238.0,77.0,-1.128
G85V,93.0,30.0,-1.131
V80A,93.0,30.0,-1.131
G38V,59.0,19.0,-1.133
W29L,87.0,28.0,-1.134
D82V,165.0,53.0,-1.136
G12D,94.0,30.0,-1.142
S21G,158.0,50.0,-1.151
D3L,57.0,18.0,-1.153
T92I,179.0,56.0,-1.162
R72S,123.0,38.0,-1.175
R88Y,13.0,4.0,-1.179
N7K,36.0,11.0,-1.186
I50N,95.0,29.0,-1.187
W5A,290.0,88.0,-1.193
G61C,63.0,19.0,-1.199
V36F,30.0,9.0,-1.204
N53T,40.0,12.0,-1.204
K39T,30.0,9.0,-1.204
K94*,77.0,23.0,-1.208
A54E,37.0,11.0,-1.213
G11R,27.0,8.0,-1.216
W41G,71.0,21.0,-1.218
Y93I,58.0,17.0,-1.227
K39R,157.0,46.0,-1.228
F8R,96.0,28.0,-1.232
A17E,76.0,22.0,-1.24
W5T,142.0,41.0,-1.242
W41S,45.0,13.0,-1.242
G91C,153.0,44.0,-1.246
S1Y,42.0,12.0,-1.253
V15C,140.0,40.0,-1.253
N51H,14.0,4.0,-1.253
S30R,53.0,15.0,-1.262
L65G,106.0,30.0,-1.262
Y79N,53.0,15.0,-1.262
W5G,546.0,151.0,-1.285
L67M,29.0,8.0,-1.288
G40R,69.0,19.0,-1.29
W29G,142.0,39.0,-1.292
T9P,11.0,3.0,-1.299
W84L,70.0,19.0,-1.304
V36W,26.0,7.0,-1.312
I14M,26.0,7.0,-1.312
D3C,30.0,8.0,-1.322
N31H,15.0,4.0,-1.322
G63A,49.0,13.0,-1.327
T71V,68.0,18.0,-1.329
V36M,23.0,6.0,-1.344
F8P,23.0,6.0,-1.344
N51T,50.0,13.0,-1.347
I50M,127.0,33.0,-1.348
A64G,81.0,21.0,-1.35
S21T,54.0,14.0,-1.35
L75W,67.0,17.0,-1.371
G38A,40.0,10.0,-1.386
N16L,48.0,12.0,-1.386
Y87T,12.0,3.0,-1.386
W5M,137.0,34.0,-1.394
I50Y,125.0,31.0,-1.394
Y52R,113.0,28.0,-1.395
A17F,57.0,14.0,-1.404
L65M,41.0,10.0,-1.411
W70L,128.0,31.0,-1.418
S34Y,46.0,11.0,-1.431
N31R,76.0,18.0,-1.44
V15F,76.0,18.0,-1.44
V37F,38.0,9.0,-1.44
G40A,17.0,4.0,-1.447
W57L,116.0,27.0,-1.458
I76S,95.0,22.0,-1.463
N31E,26.0,6.0,-1.466
F47G,57.0,13.0,-1.478
I50T,165.0,37.0,-1.495
W70S,76.0,17.0,-1.498
W57T,64.0,14.0,-1.52
N51K,46.0,10.0,-1.526
S26C,51.0,11.0,-1.534
G69A,38.0,8.0,-1.558
L6M,86.0,18.0,-1.564
A77S,116.0,24.0,-1.576
S45Y,92.0,19.0,-1.577
S21Y,34.0,7.0,-1.58
L6F,78.0,16.0,-1.584
P74R,69.0,14.0,-1.595
N53H,15.0,3.0,-1.609
R48P,30.0,6.0,-1.609
V15D,140.0,28.0,-1.609
P46G,81.0,16.0,-1.622
L67R,41.0,8.0,-1.634
Y52*,57.0,11.0,-1.645
A77E,52.0,10.0,-1.649
N31C,37.0,7.0,-1.665
V68L,37.0,7.0,-1.665
S21N,16.0,3.0,-1.674
G61V,86.0,16.0,-1.682
G44R,43.0,8.0,-1.682
N24H,27.0,5.0,-1.686
P46T,22.0,4.0,-1.705
N28L,66.0,12.0,-1.705
G13A,33.0,6.0,-1.705
A17S,155.0,28.0,-1.711
S83L,139.0,25.0,-1.716
P74T,28.0,5.0,-1.723
R72P,62.0,11.0,-1.729
T71P,51.0,9.0,-1.735
N19K,98.0,17.0,-1.752
P46R,52.0,9.0,-1.754
I50G,339.0,57.0,-1.783
V15A,263.0,44.0,-1.788
S83R,156.0,26.0,-1.792
N28M,12.0,2.0,-1.792
W62T,72.0,12.0,-1.792
L6Q,114.0,19.0,-1.792
S73C,55.0,9.0,-1.81
W89I,37.0,6.0,-1.819
G38R,69.0,11.0,-1.836
S45W,145.0,23.0,-1.841
G85A,77.0,12.0,-1.859
G63V,71.0,11.0,-1.865
G13V,78.0,12.0,-1.872
L6A,249.0,38.0,-1.88
W62H,46.0,7.0,-1.883
S45L,192.0,29.0,-1.89
W89S,100.0,15.0,-1.897
W84S,42.0,6.0,-1.946
V18S,306.0,43.0,-1.962
V18M,93.0,13.0,-1.968
Y4D,29.0,4.0,-1.981
S21C,29.0,4.0,-1.981
V81F,37.0,5.0,-2.001
N53V,62.0,8.0,-2.048
Y25V,123.0,15.0,-2.104
T86P,50.0,6.0,-2.12
A17P,76.0,9.0,-2.134
W5D,95.0,11.0,-2.156
R72G,149.0,17.0,-2.171
Y79V,113.0,12.0,-2.242
P59A,49.0,5.0,-2.282
V68G,50.0,5.0,-2.303
W57E,40.0,4.0,-2.303
T43P,30.0,3.0,-2.303
T90N,31.0,3.0,-2.335
S45Q,62.0,6.0,-2.335
D82A,124.0,12.0,-2.335
W29S,73.0,7.0,-2.345
N24Q,42.0,4.0,-2.351
L67V,63.0,6.0,-2.351
T90M,21.0,2.0,-2.351
S83D,42.0,4.0,-2.351
W5S,257.0,24.0,-2.371
A58P,54.0,5.0,-2.38
P46F,11.0,1.0,-2.398
V36K,11.0,1.0,-2.398
R72K,11.0,1.0,-2.398
L65D,11.0,1.0,-2.398
V68E,11.0,1.0,-2.398
V68P,11.0,1.0,-2.398
R88*,11.0,1.0,-2.398
G63I,11.0,1.0,-2.398
N60W,11.0,1.0,-2.398
G13H,11.0,1.0,-2.398
P74Y,11.0,1.0,-2.398
L65Y,11.0,1.0,-2.398
T32Y,11.0,1.0,-2.398
G20R,44.0,4.0,-2.398
N31*,11.0,1.0,-2.398
W41I,11.0,1.0,-2.398
S21I,11.0,1.0,-2.398
G55P,11.0,1.0,-2.398
G55K,11.0,1.0,-2.398
S34N,11.0,1.0,-2.398
N51P,11.0,1.0,-2.398
V18F,144.0,13.0,-2.405
G69R,67.0,6.0,-2.413
A58G,114.0,10.0,-2.434
P46M,12.0,1.0,-2.485
V68Q,12.0,1.0,-2.485
S30M,12.0,1.0,-2.485
S30K,12.0,1.0,-2.485
S30H,12.0,1.0,-2.485
G11K,12.0,1.0,-2.485
D10F,12.0,1.0,-2.485
G63Y,12.0,1.0,-2.485
G38E,12.0,1.0,-2.485
N60*,12.0,1.0,-2.485
G69E,12.0,1.0,-2.485
N28F,12.0,1.0,-2.485
G40M,12.0,1.0,-2.485
G40E,12.0,1.0,-2.485
T42D,12.0,1.0,-2.485
L67*,12.0,1.0,-2.485
P74H,12.0,1.0,-2.485
T43H,12.0,1.0,-2.485
D82I,12.0,1.0,-2.485
G44I,12.0,1.0,-2.485
F35N,12.0,1.0,-2.485
R48*,12.0,1.0,-2.485
G44M,12.0,1.0,-2.485
W41D,12.0,1.0,-2.485
W41Q,12.0,1.0,-2.485
S34H,12.0,1.0,-2.485
I14P,12.0,1.0,-2.485
N7M,12.0,1.0,-2.485
K39V,62.0,5.0,-2.518
R72L,100.0,8.0,-2.526
P46*,13.0,1.0,-2.565
S73R,130.0,10.0,-2.565
S30*,13.0,1.0,-2.565
S30E,13.0,1.0,-2.565
D10T,13.0,1.0,-2.565
D10K,13.0,1.0,-2.565
G40P,13.0,1.0,-2.565
D3I,13.0,1.0,-2.565
Y4M,13.0,1.0,-2.565
A64D,13.0,1.0,-2.565
P74M,13.0,1.0,-2.565
S73N,13.0,1.0,-2.565
T32K,13.0,1.0,-2.565
Y25Q,13.0,1.0,-2.565
T32F,13.0,1.0,-2.565
G69K,13.0,1.0,-2.565
T86K,13.0,1.0,-2.565
T71F,13.0,1.0,-2.565
T71K,13.0,1.0,-2.565
T2F,13.0,1.0,-2.565
G44K,13.0,1.0,-2.565
N51C,13.0,1.0,-2.565
W41M,13.0,1.0,-2.565
G22Q,13.0,1.0,-2.565
G55*,13.0,1.0,-2.565
N51*,13.0,1.0,-2.565
A66Y,53.0,4.0,-2.584
W84G,93.0,7.0,-2.587
G61R,93.0,7.0,-2.587
I50R,270.0,20.0,-2.603
W70M,27.0,2.0,-2.603
Y4S,68.0,5.0,-2.61
N16T,41.0,3.0,-2.615
V56N,14.0,1.0,-2.639
S73E,56.0,4.0,-2.639
W84I,14.0,1.0,-2.639
V68M,14.0,1.0,-2.639
D10C,14.0,1.0,-2.639
A66H,14.0,1.0,-2.639
N60E,14.0,1.0,-2.639
A64I,14.0,1.0,-2.639
P74C,14.0,1.0,-2.639
G38I,14.0,1.0,-2.639
G63Q,14.0,1.0,-2.639
T32M,14.0,1.0,-2.639
G69Q,14.0,1.0,-2.639
W29Y,14.0,1.0,-2.639
A54Y,14.0,1.0,-2.639
R88M,14.0,1.0,-2.639
G33I,14.0,1.0,-2.639
T71Y,14.0,1.0,-2.639
A77I,14.0,1.0,-2.639
N31W,14.0,1.0,-2.639
T49C,14.0,1.0,-2.639
W41K,14.0,1.0,-2.639
W41N,14.0,1.0,-2.639
W70Q,14.0,1.0,-2.639
G55I,14.0,1.0,-2.639
Y52D,43.0,3.0,-2.663
P59R,74.0,5.0,-2.695
V68Y,15.0,1.0,-2.708
W89K,15.0,1.0,-2.708
G11E,15.0,1.0,-2.708
G11L,15.0,1.0,-2.708
L67E,15.0,1.0,-2.708
A64*,15.0,1.0,-2.708
A64W,15.0,1.0,-2.708
P59D,15.0,1.0,-2.708
V27M,15.0,1.0,-2.708
S73H,15.0,1.0,-2.708
W29F,15.0,1.0,-2.708
W29N,15.0,1.0,-2.708
G61I,15.0,1.0,-2.708
G85K,15.0,1.0,-2.708
R48F,15.0,1.0,-2.708
W41P,15.0,1.0,-2.708
W70I,15.0,1.0,-2.708
G22K,15.0,1.0,-2.708
F8Q,15.0,1.0,-2.708
G85M,15.0,1.0,-2.708
F47D,15.0,1.0,-2.708
R48G,182.0,12.0,-2.719
S73V,93.0,6.0,-2.741
R72I,16.0,1.0,-2.773
G61Y,16.0,1.0,-2.773
G11F,16.0,1.0,-2.773
D10P,16.0,1.0,-2.773
G69P,16.0,1.0,-2.773
G13I,16.0,1.0,-2.773
L67T,16.0,1.0,-2.773
P74A,64.0,4.0,-2.773
T43F,16.0,1.0,-2.773
T43K,16.0,1.0,-2.773
V27Q,16.0,1.0,-2.773
V27H,16.0,1.0,-2.773
V27N,16.0,1.0,-2.773
T32E,16.0,1.0,-2.773
A54Q,16.0,1.0,-2.773
T86M,16.0,1.0,-2.773
N31M,16.0,1.0,-2.773
T49H,16.0,1.0,-2.773
T49Q,16.0,1.0,-2.773
T49Y,16.0,1.0,-2.773
N24P,16.0,1.0,-2.773
W70N,16.0,1.0,-2.773
N51Q,16.0,1.0,-2.773
N16P,16.0,1.0,-2.773
S34K,16.0,1.0,-2.773
F47Q,16.0,1.0,-2.773
F47*,16.0,1.0,-2.773
G63R,67.0,4.0,-2.818
V81N,17.0,1.0,-2.833
V56Q,17.0,1.0,-2.833
V56C,17.0,1.0,-2.833
D3K,17.0,1.0,-2.833
W84M,17.0,1.0,-2.833
N31P,17.0,1.0,-2.833
N53W,17.0,1.0,-2.833
V68K,17.0,1.0,-2.833
S30Q,17.0,1.0,-2.833
G11W,17.0,1.0,-2.833
D10I,17.0,1.0,-2.833
S26H,17.0,1.0,-2.833
A66Q,17.0,1.0,-2.833
T43M,17.0,1.0,-2.833
K39Y,17.0,1.0,-2.833
G20N,17.0,1.0,-2.833
P59M,17.0,1.0,-2.833
L65*,17.0,1.0,-2.833
L65H,17.0,1.0,-2.833
G85Q,17.0,1.0,-2.833
W29H,17.0,1.0,-2.833
W29I,17.0,1.0,-2.833
W29M,17.0,1.0,-2.833
G44*,17.0,1.0,-2.833
G44F,17.0,1.0,-2.833
G33N,17.0,1.0,-2.833
T90H,17.0,1.0,-2.833
W70T,17.0,1.0,-2.833
G22E,17.0,1.0,-2.833
L75V,85.0,5.0,-2.833
V80H,17.0,1.0,-2.833
V80G,102.0,6.0,-2.833
L6G,466.0,27.0,-2.848
N28V,53.0,3.0,-2.872
W62A,71.0,4.0,-2.876
V68H,18.0,1.0,-2.89
V68N,18.0,1.0,-2.89
N24M,18.0,1.0,-2.89
G11T,18.0,1.0,-2.89
N60F,18.0,1.0,-2.89
G13N,18.0,1.0,-2.89
Y4K,18.0,1.0,-2.89
A64C,18.0,1.0,-2.89
G38F,18.0,1.0,-2.89
T71Q,18.0,1.0,-2.89
A77Y,18.0,1.0,-2.89
I76Q,18.0,1.0,-2.89
I76H,18.0,1.0,-2.89
F8N,18.0,1.0,-2.89
S34M,18.0,1.0,-2.89
L75H,18.0,1.0,-2.89
V37*,18.0,1.0,-2.89
V37H,18.0,1.0,-2.89
K94W,185.0,10.0,-2.918
W89Y,37.0,2.0,-2.918
A77R,130.0,7.0,-2.922
V36G,75.0,4.0,-2.931
W84E,19.0,1.0,-2.944
W84Q,19.0,1.0,-2.944
T90F,19.0,1.0,-2.944
G61A,57.0,3.0,-2.944
N24E,19.0,1.0,-2.944
S26Q,19.0,1.0,-2.944
Y4P,19.0,1.0,-2.944
G85Y,19.0,1.0,-2.944
V27P,19.0,1.0,-2.944
T32Q,19.0,1.0,-2.944
A54M,19.0,1.0,-2.944
A54I,19.0,1.0,-2.944
I76*,19.0,1.0,-2.944
T2Y,19.0,1.0,-2.944
G44P,19.0,1.0,-2.944
L75I,19.0,1.0,-2.944
V80N,19.0,1.0,-2.944
A66P,58.0,3.0,-2.962
T90P,99.0,5.0,-2.986
V81E,20.0,1.0,-2.996
V36N,20.0,1.0,-2.996
W84T,20.0,1.0,-2.996
N53*,20.0,1.0,-2.996
G38M,20.0,1.0,-2.996
G63P,20.0,1.0,-2.996
G40*,20.0,1.0,-2.996
T42F,20.0,1.0,-2.996
L67C,20.0,1.0,-2.996
A64M,20.0,1.0,-2.996
P74I,20.0,1.0,-2.996
K39C,20.0,1.0,-2.996
K39D,20.0,1.0,-2.996
P59E,20.0,1.0,-2.996
G69M,20.0,1.0,-2.996
D82F,20.0,1.0,-2.996
R88N,20.0,1.0,-2.996
A77Q,20.0,1.0,-2.996
W70H,20.0,1.0,-2.996
G22W,20.0,1.0,-2.996
G22H,20.0,1.0,-2.996
G22M,20.0,1.0,-2.996
G55Y,20.0,1.0,-2.996
Y52S,81.0,4.0,-3.008
K94A,284.0,14.0,-3.01
Y25G,204.0,10.0,-3.016
G85R,123.0,6.0,-3.02
V37G,104.0,5.0,-3.035
V36H,21.0,1.0,-3.045
G61K,21.0,1.0,-3.045
V68*,21.0,1.0,-3.045
Y52Q,21.0,1.0,-3.045
D10W,21.0,1.0,-3.045
G12E,21.0,1.0,-3.045
T42Y,21.0,1.0,-3.045
T42C,21.0,1.0,-3.045
G20H,21.0,1.0,-3.045
L65E,21.0,1.0,-3.045
Y52K,21.0,1.0,-3.045
A54F,21.0,1.0,-3.045
G20Q,21.0,1.0,-3.045
G20T,21.0,1.0,-3.045
G44T,21.0,1.0,-3.045
W70F,21.0,1.0,-3.045
W70K,21.0,1.0,-3.045
N19F,84.0,4.0,-3.045
I50S,365.0,17.0,-3.067
V36*,22.0,1.0,-3.091
R72E,22.0,1.0,-3.091
D3F,22.0,1.0,-3.091
V68T,22.0,1.0,-3.091
P74K,22.0,1.0,-3.091
K39M,22.0,1.0,-3.091
T32W,22.0,1.0,-3.091
A17N,22.0,1.0,-3.091
W29E,22.0,1.0,-3.091
N53P,22.0,1.0,-3.091
A54L,22.0,1.0,-3.091
T86F,22.0,1.0,-3.091
G55H,22.0,1.0,-3.091
S34*,22.0,1.0,-3.091
I14H,22.0,1.0,-3.091
S83M,44.0,2.0,-3.091
V37Q,22.0,1.0,-3.091
Y25D,45.0,2.0,-3.114
R72Q,23.0,1.0,-3.135
R48M,23.0,1.0,-3.135
G61E,23.0,1.0,-3.135
G61F,23.0,1.0,-3.135
S30D,23.0,1.0,-3.135
G40T,23.0,1.0,-3.135
W57I,23.0,1.0,-3.135
S73I,23.0,1.0,-3.135
L65R,69.0,3.0,-3.135
G61Q,23.0,1.0,-3.135
G44L,23.0,1.0,-3.135
F35M,23.0,1.0,-3.135
F35H,23.0,1.0,-3.135
T2K,23.0,1.0,-3.135
G55M,23.0,1.0,-3.135
W89N,23.0,1.0,-3.135
L75Y,23.0,1.0,-3.135
A58W,23.0,1.0,-3.135
I14*,23.0,1.0,-3.135
V80K,23.0,1.0,-3.135
S83I,23.0,1.0,-3.135
W70G,163.0,7.0,-3.148
N19H,70.0,3.0,-3.15
V56H,24.0,1.0,-3.178
R88D,24.0,1.0,-3.178
R88E,24.0,1.0,-3.178
S1D,24.0,1.0,-3.178
N28C,24.0,1.0,-3.178
G13E,24.0,1.0,-3.178
T42L,24.0,1.0,-3.178
G61P,24.0,1.0,-3.178
R88Q,24.0,1.0,-3.178
G20E,24.0,1.0,-3.178
F35Q,24.0,1.0,-3.178
A77K,24.0,1.0,-3.178
R48K,24.0,1.0,-3.178
R48D,24.0,1.0,-3.178
T49E,24.0,1.0,-3.178
W70D,24.0,1.0,-3.178
N16A,24.0,1.0,-3.178
N16*,24.0,1.0,-3.178
Y87Q,24.0,1.0,-3.178
F8K,24.0,1.0,-3.178
Y79D,48.0,2.0,-3.178
N7*,24.0,1.0,-3.178
V81K,25.0,1.0,-3.219
V68W,25.0,1.0,-3.219
N60C,25.0,1.0,-3.219
T42R,25.0,1.0,-3.219
K39F,25.0,1.0,-3.219
P59Y,25.0,1.0,-3.219
V27*,25.0,1.0,-3.219
V27Y,25.0,1.0,-3.219
G69*,25.0,1.0,-3.219
G44W,25.0,1.0,-3.219
F35D,25.0,1.0,-3.219
F35K,25.0,1.0,-3.219
I76E,25.0,1.0,-3.219
R48T,25.0,1.0,-3.219
Y87P,25.0,1.0,-3.219
Y79S,125.0,5.0,-3.219
A58H,25.0,1.0,-3.219
V80M,25.0,1.0,-3.219
V37M,25.0,1.0,-3.219
P59V,51.0,2.0,-3.239
P46E,26.0,1.0,-3.258
V56Y,26.0,1.0,-3.258
R72N,26.0,1.0,-3.258
D3M,26.0,1.0,-3.258
W84P,26.0,1.0,-3.258
G61*,26.0,1.0,-3.258
A66D,26.0,1.0,-3.258
G38P,26.0,1.0,-3.258
G63E,26.0,1.0,-3.258
N60A,26.0,1.0,-3.258
I14C,26.0,1.0,-3.258
G13F,26.0,1.0,-3.258
W57M,26.0,1.0,-3.258
R72*,26.0,1.0,-3.258
G85H,26.0,1.0,-3.258
T43W,26.0,1.0,-3.258
Y25K,26.0,1.0,-3.258
G55T,26.0,1.0,-3.258
S34I,26.0,1.0,-3.258
L75R,133.0,5.0,-3.281
A66N,27.0,1.0,-3.296
K39P,27.0,1.0,-3.296
A77D,27.0,1.0,-3.296
T49M,27.0,1.0,-3.296
N16W,27.0,1.0,-3.296
N16E,27.0,1.0,-3.296
Y87S,81.0,3.0,-3.296
Y25I,27.0,1.0,-3.296
V18R,219.0,8.0,-3.31
P46W,28.0,1.0,-3.332
V36T,28.0,1.0,-3.332
D10R,28.0,1.0,-3.332
A66K,28.0,1.0,-3.332
I14W,28.0,1.0,-3.332
N28E,28.0,1.0,-3.332
W57N,28.0,1.0,-3.332
L67D,28.0,1.0,-3.332
L67W,28.0,1.0,-3.332
L67S,28.0,1.0,-3.332
G69L,28.0,1.0,-3.332
Y52E,28.0,1.0,-3.332
G20P,28.0,1.0,-3.332
T86C,28.0,1.0,-3.332
W70P,28.0,1.0,-3.332
W70E,28.0,1.0,-3.332
A58D,28.0,1.0,-3.332
A58Q,28.0,1.0,-3.332
P46V,29.0,1.0,-3.367
V56P,29.0,1.0,-3.367
T9V,29.0,1.0,-3.367
G61M,29.0,1.0,-3.367
S26N,29.0,1.0,-3.367
G38W,29.0,1.0,-3.367
N28*,29.0,1.0,-3.367
N28P,29.0,1.0,-3.367
S21D,29.0,1.0,-3.367
Y25T,29.0,1.0,-3.367
D82K,29.0,1.0,-3.367
G85*,29.0,1.0,-3.367
A54K,29.0,1.0,-3.367
G33F,29.0,1.0,-3.367
T71D,29.0,1.0,-3.367
N16V,29.0,1.0,-3.367
W62K,29.0,1.0,-3.367
Y79I,29.0,1.0,-3.367
F47W,29.0,1.0,-3.367
A77G,149.0,5.0,-3.395
R72F,30.0,1.0,-3.401
R72M,30.0,1.0,-3.401
D3Q,30.0,1.0,-3.401
G38L,30.0,1.0,-3.401
Y4R,120.0,4.0,-3.401
G22F,30.0,1.0,-3.401
P59C,30.0,1.0,-3.401
V27T,30.0,1.0,-3.401
T32*,30.0,1.0,-3.401
G69T,30.0,1.0,-3.401
A54*,30.0,1.0,-3.401
G33K,30.0,1.0,-3.401
G85E,30.0,1.0,-3.401
F35E,30.0,1.0,-3.401
I76D,30.0,1.0,-3.401
T2D,30.0,1.0,-3.401
G91V,245.0,8.0,-3.422
V81H,31.0,1.0,-3.434
L65A,31.0,1.0,-3.434
F8D,31.0,1.0,-3.434
W89E,31.0,1.0,-3.434
Y4Q,31.0,1.0,-3.434
G85F,31.0,1.0,-3.434
G33M,31.0,1.0,-3.434
V15H,31.0,1.0,-3.434
A77F,31.0,1.0,-3.434
T2C,31.0,1.0,-3.434
G33Q,31.0,1.0,-3.434
G22*,31.0,1.0,-3.434
N16G,31.0,1.0,-3.434
F8T,31.0,1.0,-3.434
S34D,31.0,1.0,-3.434
A58F,31.0,1.0,-3.434
V37E,31.0,1.0,-3.434
F47E,31.0,1.0,-3.434
G91R,344.0,11.0,-3.443
V81Q,32.0,1.0,-3.466
V56T,32.0,1.0,-3.466
V56M,32.0,1.0,-3.466
S1Q,32.0,1.0,-3.466
A66F,32.0,1.0,-3.466
N28W,32.0,1.0,-3.466
L65C,32.0,1.0,-3.466
G85P,32.0,1.0,-3.466
W29D,32.0,1.0,-3.466
A54C,32.0,1.0,-3.466
T86Y,32.0,1.0,-3.466
N16F,32.0,1.0,-3.466
G55E,32.0,1.0,-3.466
F8*,32.0,1.0,-3.466
L75D,32.0,1.0,-3.466
A58*,32.0,1.0,-3.466
V80Q,32.0,1.0,-3.466
V37W,32.0,1.0,-3.466
G61W,33.0,1.0,-3.497
S30V,33.0,1.0,-3.497
Y52P,33.0,1.0,-3.497
A66W,33.0,1.0,-3.497
T43E,33.0,1.0,-3.497
V27W,33.0,1.0,-3.497
G20*,33.0,1.0,-3.497
T71C,33.0,1.0,-3.497
F35P,33.0,1.0,-3.497
F47P,33.0,1.0,-3.497
V56*,34.0,1.0,-3.526
S45N,34.0,1.0,-3.526
W57Y,34.0,1.0,-3.526
W57F,34.0,1.0,-3.526
Y4E,34.0,1.0,-3.526
L65W,34.0,1.0,-3.526
T32L,34.0,1.0,-3.526
F35T,34.0,1.0,-3.526
I76P,34.0,1.0,-3.526
G22P,34.0,1.0,-3.526
Y79P,34.0,1.0,-3.526
V80*,34.0,1.0,-3.526
N51E,34.0,1.0,-3.526
D3P,35.0,1.0,-3.555
N24*,35.0,1.0,-3.555
S26*,35.0,1.0,-3.555
G13T,35.0,1.0,-3.555
G40W,35.0,1.0,-3.555
G91N,35.0,1.0,-3.555
T43*,35.0,1.0,-3.555
G20I,35.0,1.0,-3.555
T49*,35.0,1.0,-3.555
T2H,35.0,1.0,-3.555
T2*,35.0,1.0,-3.555
W62D,35.0,1.0,-3.555
Y87E,35.0,1.0,-3.555
V56W,36.0,1.0,-3.584
V56E,36.0,1.0,-3.584
D10S,36.0,1.0,-3.584
N60V,36.0,1.0,-3.584
G13P,36.0,1.0,-3.584
G13*,36.0,1.0,-3.584
L65F,36.0,1.0,-3.584
A17H,36.0,1.0,-3.584
T71M,36.0,1.0,-3.584
A77M,36.0,1.0,-3.584
G22T,36.0,1.0,-3.584
V81*,37.0,1.0,-3.611
T9G,37.0,1.0,-3.611
V68S,37.0,1.0,-3.611
A66*,37.0,1.0,-3.611
W29Q,37.0,1.0,-3.611
S21*,37.0,1.0,-3.611
W62M,37.0,1.0,-3.611
Y87W,37.0,1.0,-3.611
R72Y,38.0,1.0,-3.638
N24F,38.0,1.0,-3.638
S26I,38.0,1.0,-3.638
P74E,38.0,1.0,-3.638
G85T,38.0,1.0,-3.638
G33Y,38.0,1.0,-3.638
I76Y,38.0,1.0,-3.638
I76C,38.0,1.0,-3.638
A58Y,38.0,1.0,-3.638
Y52I,38.0,1.0,-3.638
V37P,38.0,1.0,-3.638
V37T,38.0,1.0,-3.638
F47T,38.0,1.0,-3.638
S1N,39.0,1.0,-3.664
Y4T,39.0,1.0,-3.664
Y52T,39.0,1.0,-3.664
G33W,39.0,1.0,-3.664
T71*,39.0,1.0,-3.664
T2E,39.0,1.0,-3.664
G55L,39.0,1.0,-3.664
L67G,40.0,1.0,-3.689
D82P,40.0,1.0,-3.689
L75K,40.0,1.0,-3.689
I14R,40.0,1.0,-3.689
V80Y,40.0,1.0,-3.689
V80C,40.0,1.0,-3.689
V36R,41.0,1.0,-3.714
D3*,41.0,1.0,-3.714
W89F,41.0,1.0,-3.714
V81Y,41.0,1.0,-3.714
S1E,41.0,1.0,-3.714
P59W,41.0,1.0,-3.714
R48E,41.0,1.0,-3.714
T86*,41.0,1.0,-3.714
W41A,41.0,1.0,-3.714
L75F,41.0,1.0,-3.714
Y25M,41.0,1.0,-3.714
L6N,41.0,1.0,-3.714
G13L,42.0,1.0,-3.738
G33*,42.0,1.0,-3.738
T71E,42.0,1.0,-3.738
A77*,42.0,1.0,-3.738
Y79E,42.0,1.0,-3.738
N24C,43.0,1.0,-3.761
P74W,43.0,1.0,-3.761
G33T,43.0,1.0,-3.761
V80W,43.0,1.0,-3.761
S83H,43.0,1.0,-3.761
G13W,44.0,1.0,-3.784
P74*,44.0,1.0,-3.784
D82T,44.0,1.0,-3.784
F35*,44.0,1.0,-3.784
V68R,45.0,1.0,-3.807
S30L,45.0,1.0,-3.807
D82S,90.0,2.0,-3.807
L65T,45.0,1.0,-3.807
A17K,45.0,1.0,-3.807
W29P,45.0,1.0,-3.807
T71W,45.0,1.0,-3.807
S21M,45.0,1.0,-3.807
D82M,46.0,1.0,-3.829
L75T,46.0,1.0,-3.829
W5N,47.0,1.0,-3.85
V18G,235.0,5.0,-3.85
T42G,47.0,1.0,-3.85
W57D,47.0,1.0,-3.85
G85W,47.0,1.0,-3.85
P74V,47.0,1.0,-3.85
T43L,47.0,1.0,-3.85
V27C,47.0,1.0,-3.85
A17D,47.0,1.0,-3.85
N51A,47.0,1.0,-3.85
W84V,48.0,1.0,-3.871
G33E,48.0,1.0,-3.871
N31A,48.0,1.0,-3.871
L75*,48.0,1.0,-3.871
S83*,48.0,1.0,-3.871
N51V,48.0,1.0,-3.871
T90C,49.0,1.0,-3.892
Y79Q,49.0,1.0,-3.892
V36S,50.0,1.0,-3.912
W84A,50.0,1.0,-3.912
S83K,50.0,1.0,-3.912
S1*,51.0,1.0,-3.932
S21W,51.0,1.0,-3.932
Y4W,51.0,1.0,-3.932
D82Q,51.0,1.0,-3.932
A54R,51.0,1.0,-3.932
Y79T,51.0,1.0,-3.932
W89M,52.0,1.0,-3.951
A77W,52.0,1.0,-3.951
Y52A,52.0,1.0,-3.951
V56S,53.0,1.0,-3.97
A17Q,53.0,1.0,-3.97
R88T,53.0,1.0,-3.97
D82*,54.0,1.0,-3.989
I76W,54.0,1.0,-3.989
W89D,54.0,1.0,-3.989
V27G,163.0,3.0,-3.995
R72W,55.0,1.0,-4.007
G63W,55.0,1.0,-4.007
S45H,55.0,1.0,-4.007
A17Y,55.0,1.0,-4.007
D3W,56.0,1.0,-4.025
L67A,56.0,1.0,-4.025
G61T,56.0,1.0,-4.025
W70A,56.0,1.0,-4.025
V80P,56.0,1.0,-4.025
V81P,57.0,1.0,-4.043
D82C,57.0,1.0,-4.043
K94F,57.0,1.0,-4.043
A17*,57.0,1.0,-4.043
T2W,57.0,1.0,-4.043
V15N,57.0,1.0,-4.043
S45I,58.0,1.0,-4.06
W29V,58.0,1.0,-4.06
A17M,59.0,1.0,-4.078
Y79W,59.0,1.0,-4.078
N7W,59.0,1.0,-4.078
W5H,60.0,1.0,-4.094
G61L,60.0,1.0,-4.094
F35A,60.0,1.0,-4.094
G12Q,61.0,1.0,-4.111
G33P,61.0,1.0,-4.111
I50E,61.0,1.0,-4.111
N28R,62.0,1.0,-4.127
Y4L,62.0,1.0,-4.127
K39L,62.0,1.0,-4.127
L6*,62.0,1.0,-4.127
V80L,125.0,2.0,-4.135
S21E,63.0,1.0,-4.143
A17C,63.0,1.0,-4.143
W5I,64.0,1.0,-4.159
G91Y,64.0,1.0,-4.159
S1W,64.0,1.0,-4.159
S26D,64.0,1.0,-4.159
I50K,64.0,1.0,-4.159
Y87V,64.0,1.0,-4.159
L75S,64.0,1.0,-4.159
L6H,64.0,1.0,-4.159
S83E,65.0,1.0,-4.174
N31L,65.0,1.0,-4.174
V15Y,65.0,1.0,-4.174
G91K,66.0,1.0,-4.19
S73*,66.0,1.0,-4.19
L6K,66.0,1.0,-4.19
V81T,68.0,1.0,-4.22
W5F,68.0,1.0,-4.22
V18N,68.0,1.0,-4.22
T32V,68.0,1.0,-4.22
L6D,68.0,1.0,-4.22
G12M,69.0,1.0,-4.234
T90W,69.0,1.0,-4.234
W89T,69.0,1.0,-4.234
V80T,69.0,1.0,-4.234
W57P,70.0,1.0,-4.248
S73W,70.0,1.0,-4.248
G22L,70.0,1.0,-4.248
W62F,70.0,1.0,-4.248
G91Q,72.0,1.0,-4.277
R88V,72.0,1.0,-4.277
W57S,145.0,2.0,-4.284
T92*,145.0,2.0,-4.284
V18*,73.0,1.0,-4.29
K94D,73.0,1.0,-4.29
T71L,73.0,1.0,-4.29
L75A,73.0,1.0,-4.29
A17W,74.0,1.0,-4.304
T86W,74.0,1.0,-4.304
S34R,74.0,1.0,-4.304
G91F,75.0,1.0,-4.317
D3S,76.0,1.0,-4.331
G12K,76.0,1.0,-4.331
W29A,76.0,1.0,-4.331
Y25W,76.0,1.0,-4.331
V15K,76.0,1.0,-4.331
L65S,77.0,1.0,-4.344
T49R,77.0,1.0,-4.344
Y25L,78.0,1.0,-4.357
W70V,78.0,1.0,-4.357
K39S,79.0,1.0,-4.369
R72A,81.0,1.0,-4.394
A77L,81.0,1.0,-4.394
A58R,82.0,1.0,-4.407
N7R,83.0,1.0,-4.419
N7L,83.0,1.0,-4.419
W57A,84.0,1.0,-4.431
Y4V,84.0,1.0,-4.431
G85L,84.0,1.0,-4.431
R88A,86.0,1.0,-4.454
S1L,86.0,1.0,-4.454
T92Y,86.0,1.0,-4.454
T86L,86.0,1.0,-4.454
T2G,86.0,1.0,-4.454
V15M,86.0,1.0,-4.454
Y52L,87.0,1.0,-4.466
F35R,87.0,1.0,-4.466
I76A,87.0,1.0,-4.466
G91I,88.0,1.0,-4.477
W57V,89.0,1.0,-4.489
D82W,89.0,1.0,-4.489
V27R,89.0,1.0,-4.489
V80S,89.0,1.0,-4.489
V81G,181.0,2.0,-4.505
W5Q,92.0,1.0,-4.522
I50H,92.0,1.0,-4.522
I76G,92.0,1.0,-4.522
N53G,93.0,1.0,-4.533
V37R,93.0,1.0,-4.533
F35V,94.0,1.0,-4.543
T71R,95.0,1.0,-4.554
W5K,96.0,1.0,-4.564
S45*,97.0,1.0,-4.575
V18W,98.0,1.0,-4.585
A66R,99.0,1.0,-4.595
Y52G,99.0,1.0,-4.595
G12I,101.0,1.0,-4.615
G91T,101.0,1.0,-4.615
I50Q,101.0,1.0,-4.615
T71G,102.0,1.0,-4.625
N28G,103.0,1.0,-4.635
T90L,104.0,1.0,-4.644
G12*,104.0,1.0,-4.644
Y4G,104.0,1.0,-4.644
V81S,105.0,1.0,-4.654
W89V,105.0,1.0,-4.654
V18P,106.0,1.0,-4.663
V80R,106.0,1.0,-4.663
P74G,107.0,1.0,-4.673
W62V,107.0,1.0,-4.673
D82L,110.0,1.0,-4.7
L6C,110.0,1.0,-4.7
F35G,114.0,1.0,-4.736
G12P,120.0,1.0,-4.787
F8G,122.0,1.0,-4.804
L6E,123.0,1.0,-4.812
N19*,127.0,1.0,-4.844
L6W,127.0,1.0,-4.844
Y25R,133.0,1.0,-4.89
V15E,135.0,1.0,-4.905
T92K,136.0,1.0,-4.913
T2R,137.0,1.0,-4.92
W5P,139.0,1.0,-4.934
S34G,139.0,1.0,-4.934
G91M,140.0,1.0,-4.942
Y79R,141.0,1.0,-4.949
G91*,142.0,1.0,-4.956
T92H,142.0,1.0,-4.956
D3R,145.0,1.0,-4.977
V81R,146.0,1.0,-4.984
V15*,146.0,1.0,-4.984
G91W,147.0,1.0,-4.99
I50*,147.0,1.0,-4.99
K94P,162.0,1.0,-5.088
V15W,162.0,1.0,-5.088
N19W,167.0,1.0,-5.118
L6T,169.0,1.0,-5.13
D82R,184.0,1.0,-5.215
W5E,186.0,1.0,-5.226
N7G,187.0,1.0,-5.231
T92W,189.0,1.0,-5.242
A17R,198.0,1.0,-5.288
I50C,213.0,1.0,-5.361
V15S,238.0,1.0,-5.472
L6S,270.0,1.0,-5.598
V15R,328.0,1.0,-5.793
W5V,344.0,1.0,-5.841
T92C,346.0,1.0,-5.846
