1.27984
-1.79741
1.73458
-0.7647
0.308
-0.13094
-0.40942
-0.81502
2.66967
2.21708
-1.49361
-1.88299
-1.83133
-1.70342
-1.74693
1.0943
-0.50653
1.25488
0.64912
-2.60738
-2.26946
-3.79365
1.86825
0.94006
-0.16324
-0.42843
-0.60771
-1.95208
5.03016
-0.59875
-2.74069
-2.45737
-2.83502
-6.46919
-1.82553
-2.04369
1.58774
-5.26003
-1.70566
-0.94517
-0.20383
-0.87615
-1.59798
-0.11049
0.77558
-0.54646
-0.82086
-1.3014
-1.59096
-0.06444
-2.29636
-2.04731
-5.74362
-1.89937
-1.24387
-0.6673
-0.7095
-1.3041
-1.323
-3.01547
-0.96616
-0.77302
-1.77678
-3.60887
-2.46341
-1.21378
-1.02774
-3.49582
-0.92082
-5.42088
0.57311
-2.93106
-4.24333
-2.68175
0.0803
0.69016
-1.34541
-0.71905
-3.20104
-2.08373
-7.09408
-4.27072
-4.32471
-6.43197
-5.84964
-2.44312
-6.05175
-2.9685
-3.86168
-2.13784
-4.57646
-3.80462
-6.32467
-4.18159
-1.06743
-4.34345
-2.60981
-2.97219
-0.68983
-2.02657
0.26099
-1.68897
-1.7092
-2.14134
-4.69103
-2.77284
-2.05705
-2.65364
-2.70158
-0.69587
0.93711
1.79496
0.02718
-0.80296
-2.95231
-0.88016
-4.46773
-3.54657
-0.67264
-2.21959
-4.46515
-1.24257
-2.78548
0.61536
-1.19253
-7.13544
-7.31417
-6.06576
-5.90959
-5.31843
-4.00261
-4.46625
-2.02041
-1.9584
-2.7722
1.21421
-2.94896
-1.77591
-1.06039
-2.80812
-5.75409
-0.39495
-1.20736
-1.65351
-3.20156
-3.76624
-2.94579
-2.85054
-2.50504
-5.56065
-3.14578
-0.83926
-3.83649
-4.69082
-5.41721
-0.49448
-3.76325
-3.49564
-3.49051
-3.02036
-0.6345
-4.57847
0.24893
-1.89523
-1.81116
-2.99497
1.75206
-2.91315
-5.26829
-4.08578
-1.79206
-1.54555
-1.50698
-1.30036
2.05674
2.14076
-2.55654
0.9709
-2.27038
-0.59149
-3.99869
-0.82699
1.73364
-3.69744
-5.88393
-0.9413
-0.15623
-1.61483
-0.31647
-2.46068
-1.02137
-4.31699
-0.97027
0.88945
-1.67016
1.30782
-3.73514
-3.0087
-6.34327
-2.86391
-2.17519
-6.40294
-4.67639
-5.33811
-4.11504
-6.69149
-3.74375
-4.55008
-5.08881
-6.78804
-2.43931
-1.11434
0.26474
-4.94159
-1.60625
-1.14841
-5.12961
-4.30688
-2.39207
0.28089
-0.37407
-2.32385
-2.57852
0.03199
-1.80718
-5.89504
-3.66677
-3.85574
-4.59521
-5.96176
-4.19969
-2.45702
-0.952
-2.89947
2.02514
-0.34643
-0.87112
-3.18578
-3.074
-5.22991
-5.10878
-5.65144
-4.08102
-7.96663
-5.24544
-5.71694
-2.87696
-3.82717
-3.1667
-2.02158
-0.28596
2.3253
1.67808
-1.99512
-3.08151
-3.42917
-3.07462
-3.21467
0.18794
-3.21822
-2.79897
-5.70415
-1.55452
-1.11697
-0.47958
-0.43582
-4.17373
-3.04015
-1.9164
-0.449
-6.12376
-6.96044
-3.73331
-0.79429
-4.92819
-5.50423
-1.74345
-4.40933
-5.88416
-5.32549
-1.93908
-3.88799
-2.69908
-2.8209
-0.21239
-5.48473
0.7222
-0.36463
0.62113
-0.96117
-1.52313
-2.33298
-4.07286
0.35669
0.68146
-3.70758
-3.0388
-4.62435
-1.9864
-6.05703
-2.60356
-1.49282
-1.95805
-6.13792
1.09883
-3.41473
-1.40034
-2.77478
-0.54362
-2.99299
-2.15814
-2.84617
0.03484
-4.54842
-2.77318
-5.47329
-6.5375
-0.48921
-0.83517
-1.36971
-4.66128
-1.43479
-3.59066
-1.65274
-1.96998
-4.68468
-4.33725
-1.81832
1.47338
-6.29403
-4.65884
-0.68477
-3.06627
-4.8131
-2.82579
1.91431
-1.54023
-3.57569
-1.43738
-2.52645
0.73612
-3.58472
-0.28222
-0.99559
0.9062
-1.53203
-0.33483
0.39705
-2.36126
-5.35301
-1.65136
-1.12253
-2.57001
-1.87478
-0.2784
-0.86988
0.08983
2.1807
-0.79037
2.06004
-3.40792
-0.39078
0.46232
-2.26227
-1.66783
-0.0638
-0.34321
1.57758
-1.56708
-3.84648
-3.51525
-4.57093
-4.1601
-2.4414
-4.3071
-2.64785
-2.14592
-2.27025
-4.83157
0.94744
-1.30237
-2.70395
-1.86294
-3.23515
1.71895
0.32981
-5.60792
-5.62573
-2.22822
-2.02603
-4.23627
-4.06214
3.25926
-3.96758
-6.18573
-2.10543
1.18138
1.60291
-1.84084
-2.76899
1.69609
0.807
-2.80919
-0.68212
-4.17068
-1.98272
-2.81066
-3.38964
-6.03873
-4.10367
-3.68703
-0.72123
-2.03565
-2.60391
-0.81592
-3.06701
-3.73039
-2.01714
0.16162
-3.16275
-1.97266
-0.64925
-1.50698
-2.44686
-3.5007
-0.4821
-4.69578
-3.50669
-1.65307
-2.71664
-1.55091
-2.42874
-1.60213
-3.59023
-3.46899
-5.99354
-0.43959
-4.63721
-1.60657
-4.90489
-0.51533
-0.41158
-2.42619
-0.99918
-3.22118
-5.09758
-1.19968
0.01446
-5.90579
-3.34563
0.75433
-6.14344
-4.46114
-4.26078
-3.37398
-3.90412
-2.84546
-1.84692
-5.75433
-4.27615
-4.10965
-0.69452
0.70351
-0.0583
-2.56547
-3.56726
-2.97497
-6.72497
1.54561
-5.36921
-2.26529
0.8995
-3.33595
-4.03461
-1.48531
-2.73753
-1.92325
0.95959
-0.69615
-0.50588
-1.2297
-3.9592
-4.61952
1.11043
-5.29906
-4.24902
-0.00751
-2.05529
-2.40165
-1.20893
-0.95129
-4.54599
-0.02705
-2.91912
-1.47432
-2.9315
-5.23061
-4.04355
0.25581
-1.13498
-5.34309
-4.52122
-5.22519
-1.33242
-0.46139
-4.40002
0.2913
1.36642
-1.15813
-7.5955
-3.40704
-2.73958
-5.09762
-4.01565
-1.24902
1.42399
-2.58579
-6.97188
-2.31203
1.31405
-3.17938
-2.68439
-5.13611
-0.2013
-1.08183
-1.20811
-3.10488
-2.60328
-3.51235
-0.1205
-4.39816
0.78409
