P115Y,16.0,429.0,3.289
Y165I,22.0,406.0,2.915
N158H,19.0,333.0,2.864
T108Q,15.0,248.0,2.805
T108M,19.0,310.0,2.792
G119M,26.0,415.0,2.77
T144D,22.0,342.0,2.744
K153Q,12.0,181.0,2.714
A169T,24.0,276.0,2.442
T182M,19.0,216.0,2.431
W184H,23.0,259.0,2.421
R111A,27.0,294.0,2.388
A141Y,15.0,152.0,2.316
T142H,11.0,109.0,2.293
N147E,19.0,181.0,2.254
T110D,28.0,260.0,2.228
T108K,15.0,138.0,2.219
Y112D,52.0,478.0,2.218
P136I,18.0,162.0,2.197
R121P,34.0,295.0,2.161
K98Y,20.0,173.0,2.158
T123E,55.0,464.0,2.133
V167E,15.0,121.0,2.088
G101I,15.0,118.0,2.063
N180W,26.0,203.0,2.055
M157F,14.0,109.0,2.052
S179E,21.0,155.0,1.999
T182V,68.0,492.0,1.979
T96E,89.0,643.0,1.978
K98G,22.0,157.0,1.965
T108G,44.0,314.0,1.965
S133G,32.0,227.0,1.959
Y93W,22.0,154.0,1.946
A171Q,56.0,392.0,1.946
A164N,32.0,221.0,1.932
S161F,33.0,224.0,1.915
Y127I,42.0,281.0,1.901
M157Y,15.0,100.0,1.897
G101Y,24.0,159.0,1.891
Q132D,39.0,258.0,1.889
F145I,38.0,247.0,1.872
A171Y,68.0,439.0,1.865
T123K,50.0,322.0,1.863
I106M,33.0,212.0,1.86
T103H,20.0,128.0,1.856
T110I,47.0,296.0,1.84
R121T,40.0,249.0,1.829
S175T,31.0,193.0,1.829
D120H,26.0,160.0,1.817
D118Y,41.0,249.0,1.804
G119L,63.0,379.0,1.794
P136M,18.0,108.0,1.792
A114W,78.0,460.0,1.775
V149L,89.0,524.0,1.773
T109E,141.0,819.0,1.759
K153S,56.0,322.0,1.749
N158W,32.0,182.0,1.738
A164Q,40.0,226.0,1.732
S116D,39.0,219.0,1.726
D120I,31.0,174.0,1.725
G119A,37.0,207.0,1.722
N147S,57.0,318.0,1.719
K94A,155.0,865.0,1.719
N180H,20.0,111.0,1.714
N162E,117.0,644.0,1.706
W163Y,20.0,110.0,1.705
Y173V,28.0,153.0,1.698
Y93R,11.0,60.0,1.696
G101Q,29.0,158.0,1.695
A114C,60.0,321.0,1.677
Y93S,28.0,149.0,1.672
T110R,68.0,361.0,1.669
S176E,56.0,297.0,1.668
R111S,70.0,369.0,1.662
N162H,78.0,407.0,1.652
N150K,23.0,119.0,1.644
N180I,20.0,103.0,1.639
K94I,40.0,205.0,1.634
T108S,84.0,428.0,1.628
R121F,21.0,106.0,1.619
T96N,31.0,156.0,1.616
K94S,99.0,496.0,1.611
P136D,14.0,70.0,1.609
G102K,33.0,165.0,1.609
K153A,41.0,204.0,1.605
T108A,78.0,385.0,1.597
A171I,72.0,355.0,1.595
K94Y,38.0,187.0,1.594
N113D,34.0,167.0,1.592
G156T,11.0,54.0,1.591
T137E,30.0,147.0,1.589
T182A,71.0,346.0,1.584
K98Q,14.0,68.0,1.58
S133R,20.0,97.0,1.579
V97C,103.0,497.0,1.574
T122N,78.0,374.0,1.568
D118K,24.0,115.0,1.567
S139M,50.0,239.0,1.564
D118H,34.0,161.0,1.555
A164D,56.0,264.0,1.551
T137M,17.0,79.0,1.536
Y93A,25.0,116.0,1.535
R135Q,28.0,130.0,1.535
A141H,27.0,125.0,1.532
F124L,123.0,568.0,1.53
T110V,76.0,345.0,1.513
Y173W,28.0,125.0,1.496
Y127L,77.0,341.0,1.488
G119V,78.0,343.0,1.481
T123P,79.0,343.0,1.468
S133T,27.0,117.0,1.466
V130S,41.0,177.0,1.463
Q126L,137.0,589.0,1.458
T144H,24.0,103.0,1.457
M157W,32.0,137.0,1.454
R111I,18.0,77.0,1.453
Q174A,40.0,171.0,1.453
N162D,159.0,675.0,1.446
D120F,25.0,106.0,1.445
S175G,48.0,201.0,1.432
N158R,92.0,385.0,1.431
F145M,41.0,170.0,1.422
S161V,86.0,355.0,1.418
T122S,332.0,1371.0,1.418
R111L,52.0,213.0,1.41
Y173H,24.0,98.0,1.407
Q126I,31.0,126.0,1.402
H155C,23.0,93.0,1.397
S161M,29.0,117.0,1.395
A114E,68.0,274.0,1.394
W184Y,28.0,111.0,1.377
D118F,43.0,169.0,1.369
N162I,103.0,404.0,1.367
S146G,117.0,458.0,1.365
R135T,45.0,176.0,1.364
T144N,21.0,82.0,1.362
A164S,138.0,537.0,1.359
N150W,26.0,101.0,1.357
A141R,126.0,488.0,1.354
P115Q,21.0,81.0,1.35
R135V,99.0,380.0,1.345
K94L,127.0,487.0,1.344
R135W,48.0,184.0,1.344
Q132W,131.0,502.0,1.343
T122K,59.0,225.0,1.339
N140K,52.0,198.0,1.337
H155Y,26.0,99.0,1.337
F124K,23.0,87.0,1.33
S139V,197.0,743.0,1.327
I106E,30.0,113.0,1.326
T137D,29.0,109.0,1.324
A151C,25.0,93.0,1.314
D105C,47.0,174.0,1.309
S154Y,70.0,259.0,1.308
Y93G,26.0,96.0,1.306
Q132I,22.0,81.0,1.303
T170F,40.0,147.0,1.302
S161Q,31.0,114.0,1.302
K94T,78.0,286.0,1.299
T182W,29.0,106.0,1.296
S139Q,71.0,256.0,1.282
S178Q,38.0,136.0,1.275
N113K,33.0,118.0,1.274
S175L,32.0,114.0,1.27
R121D,34.0,121.0,1.269
A141Q,40.0,142.0,1.267
T170C,54.0,191.0,1.263
V183D,45.0,159.0,1.262
T108R,75.0,264.0,1.258
N162C,130.0,455.0,1.253
M168L,96.0,335.0,1.25
P115L,62.0,216.0,1.248
G101S,121.0,417.0,1.237
Y127V,105.0,360.0,1.232
S146R,127.0,434.0,1.229
P115R,83.0,281.0,1.22
Q126M,53.0,178.0,1.211
P136E,29.0,97.0,1.207
I106V,126.0,421.0,1.206
S139F,85.0,283.0,1.203
S139D,81.0,269.0,1.2
Y107F,58.0,192.0,1.197
W128L,81.0,268.0,1.197
T122Q,80.0,264.0,1.194
N162G,363.0,1197.0,1.193
R121W,49.0,161.0,1.19
N158C,58.0,190.0,1.187
A114S,123.0,403.0,1.187
N162F,119.0,389.0,1.184
Y93L,19.0,62.0,1.183
K98T,24.0,78.0,1.179
S175Q,13.0,42.0,1.173
T110F,31.0,100.0,1.171
K153G,78.0,251.0,1.169
N113G,107.0,343.0,1.165
N147L,15.0,48.0,1.163
S176C,54.0,172.0,1.159
W152P,57.0,181.0,1.155
S116H,26.0,82.0,1.149
A114F,47.0,148.0,1.147
T96P,79.0,248.0,1.144
Y112Q,41.0,128.0,1.138
F124S,104.0,324.0,1.136
W152N,46.0,143.0,1.134
N180E,28.0,87.0,1.134
H148K,19.0,59.0,1.133
S176H,31.0,96.0,1.13
A171V,181.0,559.0,1.128
T142S,127.0,391.0,1.125
D120E,45.0,138.0,1.121
S146T,44.0,135.0,1.121
F124H,26.0,79.0,1.111
W163L,87.0,264.0,1.11
S116Y,43.0,130.0,1.106
R121Y,30.0,90.0,1.099
Y173C,47.0,139.0,1.084
V97L,254.0,749.0,1.081
T182Q,18.0,53.0,1.08
L159M,45.0,132.0,1.076
F145P,67.0,195.0,1.068
W89C,11.0,32.0,1.068
N158Y,51.0,148.0,1.065
N180G,119.0,345.0,1.064
N180S,72.0,207.0,1.056
K94M,47.0,134.0,1.048
K134V,20.0,57.0,1.047
S146M,58.0,165.0,1.046
D120Q,36.0,102.0,1.041
N158P,23.0,65.0,1.039
T123F,73.0,206.0,1.037
S178P,50.0,140.0,1.03
G177F,24.0,67.0,1.027
K98R,53.0,148.0,1.027
N113W,36.0,100.0,1.022
N180A,64.0,177.0,1.017
R135A,58.0,160.0,1.015
S161E,41.0,113.0,1.014
S146A,84.0,231.0,1.012
N150E,26.0,71.0,1.005
S133P,50.0,136.0,1.001
S178L,100.0,272.0,1.001
D118S,108.0,291.0,0.991
R135C,61.0,164.0,0.989
T103A,122.0,327.0,0.986
S154C,57.0,151.0,0.974
G138A,60.0,157.0,0.962
N158D,56.0,146.0,0.958
W128M,33.0,86.0,0.958
T142K,30.0,78.0,0.956
N162V,333.0,864.0,0.953
Y107C,89.0,229.0,0.945
T103S,123.0,314.0,0.937
T103L,130.0,331.0,0.935
Y112T,94.0,239.0,0.933
Y112M,78.0,198.0,0.932
I117R,30.0,76.0,0.93
N180R,86.0,218.0,0.93
T110W,32.0,81.0,0.929
A151M,40.0,101.0,0.926
S146V,109.0,275.0,0.925
F145L,169.0,426.0,0.925
H155V,25.0,63.0,0.924
W184R,141.0,354.0,0.921
Y87H,18.0,45.0,0.916
A151G,103.0,255.0,0.907
N162*,104.0,257.0,0.905
R111C,74.0,183.0,0.905
S139A,175.0,432.0,0.904
Q174G,91.0,224.0,0.901
G156L,37.0,91.0,0.9
Y112A,148.0,364.0,0.9
S139G,369.0,908.0,0.9
Y112I,72.0,177.0,0.899
V167*,20.0,49.0,0.896
R88H,18.0,44.0,0.894
N140H,36.0,88.0,0.894
N113C,25.0,61.0,0.892
F124G,160.0,389.0,0.888
T142Q,33.0,80.0,0.886
I117V,52.0,126.0,0.885
N158S,114.0,275.0,0.881
T182D,34.0,82.0,0.88
S116W,56.0,135.0,0.88
T137L,86.0,207.0,0.878
S176A,217.0,519.0,0.872
S154V,126.0,301.0,0.871
D120G,175.0,417.0,0.868
N147V,55.0,131.0,0.868
Y112W,100.0,235.0,0.854
G119T,32.0,75.0,0.852
T109M,96.0,225.0,0.852
A171L,187.0,437.0,0.849
D120T,54.0,126.0,0.847
W163M,24.0,56.0,0.847
S178T,72.0,168.0,0.847
Q126K,46.0,107.0,0.844
A171G,220.0,511.0,0.843
W163H,28.0,65.0,0.842
S154A,98.0,227.0,0.84
D120A,67.0,155.0,0.839
T137A,122.0,282.0,0.838
T182C,29.0,67.0,0.837
D118N,57.0,131.0,0.832
T108F,34.0,78.0,0.83
N150D,48.0,110.0,0.829
A114V,187.0,428.0,0.828
A141E,52.0,119.0,0.828
K153E,49.0,112.0,0.827
Q166D,46.0,105.0,0.825
Y165V,128.0,292.0,0.825
Y112S,212.0,483.0,0.823
T182L,55.0,125.0,0.821
N147I,15.0,34.0,0.818
Q174D,27.0,61.0,0.815
N140D,95.0,214.0,0.812
T92A,12.0,27.0,0.811
S146N,16.0,36.0,0.811
T142A,170.0,381.0,0.807
A114N,29.0,65.0,0.807
N158I,46.0,103.0,0.806
N150P,30.0,67.0,0.803
A114R,126.0,279.0,0.795
T122E,127.0,281.0,0.794
S178G,160.0,353.0,0.791
N162S,302.0,660.0,0.782
Q166L,157.0,343.0,0.781
S146D,28.0,61.0,0.779
T123R,201.0,437.0,0.777
A171M,80.0,174.0,0.777
N180V,80.0,174.0,0.777
Y165S,93.0,201.0,0.771
T137I,44.0,95.0,0.77
A114Q,42.0,90.0,0.762
A141C,43.0,92.0,0.761
Y107*,61.0,130.0,0.757
Y165A,106.0,226.0,0.757
G138S,117.0,249.0,0.755
N162M,96.0,204.0,0.754
N180P,24.0,51.0,0.754
V97H,81.0,172.0,0.753
G102R,196.0,416.0,0.753
I117F,33.0,70.0,0.752
S129P,78.0,165.0,0.749
N162A,222.0,468.0,0.746
T122M,84.0,175.0,0.734
G101E,72.0,150.0,0.734
T122D,103.0,214.0,0.731
T96A,186.0,384.0,0.725
Q126E,82.0,169.0,0.723
S178E,38.0,78.0,0.719
T109N,95.0,195.0,0.719
S154R,141.0,289.0,0.718
S178*,26.0,53.0,0.712
T123Q,64.0,130.0,0.709
V181L,33.0,67.0,0.708
S116G,97.0,197.0,0.708
K98S,40.0,81.0,0.706
S161L,83.0,168.0,0.705
D118M,42.0,85.0,0.705
A114K,41.0,83.0,0.705
T122A,351.0,706.0,0.699
G177N,37.0,74.0,0.693
N150Q,25.0,50.0,0.693
R135E,27.0,54.0,0.693
Q166V,129.0,255.0,0.681
D105E,57.0,111.0,0.666
S139R,252.0,490.0,0.665
T142M,35.0,68.0,0.664
S139P,87.0,169.0,0.664
T103I,49.0,95.0,0.662
K153L,45.0,87.0,0.659
Q166W,70.0,135.0,0.657
W89L,14.0,27.0,0.657
W184S,100.0,192.0,0.652
K94E,92.0,176.0,0.649
A141T,80.0,153.0,0.648
G172C,143.0,272.0,0.643
F124W,71.0,135.0,0.643
D120S,89.0,169.0,0.641
A114Y,36.0,68.0,0.636
S179L,49.0,92.0,0.63
Y87*,16.0,30.0,0.629
A171D,71.0,133.0,0.628
T122G,611.0,1142.0,0.625
W184*,76.0,142.0,0.625
S154W,67.0,125.0,0.624
G172N,79.0,147.0,0.621
V167S,50.0,93.0,0.621
R88S,14.0,26.0,0.619
M168V,140.0,260.0,0.619
A164W,75.0,139.0,0.617
T122F,85.0,157.0,0.614
T103F,19.0,35.0,0.611
S179C,31.0,57.0,0.609
Q166*,80.0,147.0,0.608
R121A,98.0,180.0,0.608
V183C,42.0,77.0,0.606
S139N,46.0,84.0,0.602
Y87F,17.0,31.0,0.601
A141N,11.0,20.0,0.598
A151T,53.0,96.0,0.594
S139W,90.0,163.0,0.594
T108N,21.0,38.0,0.593
T92S,26.0,47.0,0.592
Q132R,269.0,485.0,0.589
G119C,35.0,63.0,0.588
Y93H,39.0,70.0,0.585
T122R,362.0,650.0,0.585
A164V,200.0,358.0,0.582
P136A,61.0,109.0,0.58
G172A,221.0,394.0,0.578
T144C,44.0,78.0,0.573
T137V,88.0,156.0,0.573
S175F,22.0,39.0,0.573
Y165F,51.0,90.0,0.568
T142D,37.0,65.0,0.563
P115V,44.0,77.0,0.56
Q132A,155.0,271.0,0.559
R88C,39.0,68.0,0.556
S161R,144.0,251.0,0.556
T125A,19.0,33.0,0.552
G91S,30.0,52.0,0.55
G91C,22.0,38.0,0.547
T103R,209.0,360.0,0.544
G138R,115.0,198.0,0.543
F124V,115.0,198.0,0.543
W89*,54.0,92.0,0.533
S139H,67.0,114.0,0.532
A164K,40.0,68.0,0.531
S176R,126.0,214.0,0.53
T137G,101.0,171.0,0.527
T92I,26.0,44.0,0.526
R121H,73.0,123.0,0.522
D120P,41.0,69.0,0.521
W128R,103.0,173.0,0.519
S116P,59.0,99.0,0.518
K98V,31.0,52.0,0.517
R88L,15.0,25.0,0.511
V149D,45.0,75.0,0.511
I143F,22.0,36.0,0.492
N162R,306.0,500.0,0.491
T103Q,38.0,62.0,0.49
S116F,62.0,101.0,0.488
S139I,79.0,128.0,0.483
G160D,26.0,42.0,0.48
N150A,44.0,71.0,0.478
T123V,218.0,351.0,0.476
G102F,74.0,119.0,0.475
W128V,51.0,81.0,0.463
V167P,24.0,38.0,0.46
A171W,87.0,137.0,0.454
W184F,49.0,77.0,0.452
P115G,93.0,146.0,0.451
T103E,39.0,61.0,0.447
I117N,25.0,39.0,0.445
W89R,41.0,64.0,0.445
S178V,118.0,183.0,0.439
K94V,168.0,260.0,0.437
T109V,301.0,465.0,0.435
R111G,85.0,131.0,0.433
Y165C,87.0,134.0,0.432
T96S,210.0,322.0,0.427
T125S,17.0,26.0,0.425
Q126C,59.0,90.0,0.422
S176K,46.0,70.0,0.42
T90S,39.0,59.0,0.414
Y104D,57.0,86.0,0.411
K94W,74.0,111.0,0.405
K98L,32.0,48.0,0.405
T90A,20.0,30.0,0.405
N158L,59.0,88.0,0.4
A141K,29.0,43.0,0.394
S146L,123.0,182.0,0.392
T109C,191.0,280.0,0.383
H155R,71.0,104.0,0.382
N140R,270.0,395.0,0.38
G102E,59.0,86.0,0.377
N140G,412.0,600.0,0.376
G95A,90.0,131.0,0.375
Y112V,245.0,356.0,0.374
S178H,31.0,45.0,0.373
K134N,20.0,29.0,0.372
T142G,282.0,408.0,0.369
T96V,184.0,266.0,0.369
T96R,260.0,375.0,0.366
T90I,34.0,49.0,0.365
I143N,23.0,33.0,0.361
T182R,60.0,86.0,0.36
D105N,42.0,60.0,0.357
L159V,73.0,104.0,0.354
T170W,31.0,44.0,0.35
I143T,24.0,34.0,0.348
T122C,152.0,215.0,0.347
K153V,46.0,65.0,0.346
A151V,92.0,130.0,0.346
V97Y,63.0,89.0,0.346
Y87C,17.0,24.0,0.345
S139T,114.0,160.0,0.339
A171T,142.0,199.0,0.337
I117P,15.0,21.0,0.336
S154Q,43.0,60.0,0.333
W152Y,61.0,85.0,0.332
G172E,126.0,174.0,0.323
T142I,32.0,44.0,0.318
K94R,251.0,345.0,0.318
R121C,85.0,116.0,0.311
G138W,39.0,53.0,0.307
S133F,25.0,34.0,0.307
V130F,31.0,42.0,0.304
P136S,99.0,134.0,0.303
V181E,23.0,31.0,0.298
T108V,109.0,146.0,0.292
A164P,77.0,103.0,0.291
A164C,57.0,76.0,0.288
R135H,60.0,80.0,0.288
S179V,82.0,109.0,0.285
N162W,107.0,142.0,0.283
R121G,172.0,228.0,0.282
S161G,185.0,245.0,0.281
T110L,71.0,94.0,0.281
R131C,47.0,62.0,0.277
W128*,66.0,87.0,0.276
W163V,158.0,208.0,0.275
D105L,89.0,117.0,0.274
T109A,276.0,358.0,0.26
T123D,61.0,79.0,0.259
W184G,132.0,170.0,0.253
T109G,541.0,696.0,0.252
N180L,60.0,77.0,0.249
G177V,188.0,240.0,0.244
G177S,142.0,180.0,0.237
G177W,90.0,114.0,0.236
Y112K,49.0,62.0,0.235
V167I,19.0,24.0,0.234
A114T,88.0,111.0,0.232
M157L,73.0,92.0,0.231
N113S,87.0,109.0,0.225
T122L,254.0,318.0,0.225
W184E,53.0,66.0,0.219
N140V,206.0,256.0,0.217
G91D,25.0,31.0,0.215
T125I,25.0,31.0,0.215
T123C,84.0,104.0,0.214
A164L,153.0,188.0,0.206
S176F,44.0,54.0,0.205
T170S,112.0,137.0,0.201
S139Y,70.0,85.0,0.194
Q132L,202.0,245.0,0.193
S179R,85.0,103.0,0.192
Y104G,151.0,182.0,0.187
V149I,39.0,47.0,0.187
T123W,97.0,117.0,0.187
T170A,89.0,107.0,0.184
S179Y,15.0,18.0,0.182
S133A,35.0,42.0,0.182
S139E,105.0,126.0,0.182
S116T,61.0,73.0,0.18
D105G,209.0,249.0,0.175
S99F,16.0,19.0,0.172
N140P,79.0,93.0,0.163
T109S,382.0,446.0,0.155
V97M,96.0,112.0,0.154
T123L,194.0,226.0,0.153
S146Y,37.0,43.0,0.15
S175R,58.0,67.0,0.144
Q126H,52.0,60.0,0.143
K153N,26.0,30.0,0.143
A164G,206.0,237.0,0.14
H148Y,34.0,39.0,0.137
S146E,28.0,32.0,0.134
T103M,58.0,66.0,0.129
T170V,91.0,103.0,0.124
G138I,31.0,35.0,0.121
D100W,62.0,70.0,0.121
V130I,32.0,36.0,0.118
Q174R,101.0,113.0,0.112
G172I,85.0,95.0,0.111
N140C,55.0,61.0,0.104
M168T,74.0,82.0,0.103
S179F,37.0,41.0,0.103
V183L,140.0,155.0,0.102
T137S,123.0,135.0,0.093
T96G,301.0,329.0,0.089
N162L,301.0,328.0,0.086
A114L,140.0,152.0,0.082
Y112R,241.0,261.0,0.08
W184L,134.0,145.0,0.079
S139L,173.0,186.0,0.072
D120N,42.0,45.0,0.069
S154L,159.0,170.0,0.067
K98N,15.0,16.0,0.065
G172S,274.0,290.0,0.057
Y93*,17.0,18.0,0.057
D118A,82.0,86.0,0.048
A141S,86.0,90.0,0.045
V130A,86.0,89.0,0.034
N140A,173.0,178.0,0.028
S178W,39.0,40.0,0.025
T122V,325.0,333.0,0.024
T109I,121.0,124.0,0.024
Q174*,48.0,49.0,0.021
T182I,53.0,54.0,0.019
A114G,175.0,178.0,0.017
R121S,88.0,89.0,0.011
V183S,121.0,122.0,0.008
R121M,27.0,27.0,0.0
M157I,35.0,35.0,0.0
T182S,95.0,95.0,0.0
N180F,18.0,18.0,0.0
A169V,191.0,190.0,-0.005
Y165G,210.0,209.0,-0.005
T109R,472.0,467.0,-0.011
Q126*,63.0,62.0,-0.016
Y112F,127.0,125.0,-0.016
S179G,95.0,93.0,-0.021
T142R,146.0,142.0,-0.028
N162K,107.0,104.0,-0.028
Q126D,68.0,66.0,-0.03
R135G,153.0,148.0,-0.033
T96M,60.0,58.0,-0.034
S154D,48.0,46.0,-0.043
K94G,276.0,264.0,-0.044
W152F,83.0,78.0,-0.062
A171N,66.0,62.0,-0.063
K98I,16.0,15.0,-0.065
R111H,46.0,43.0,-0.067
T170L,75.0,70.0,-0.069
Y104S,126.0,117.0,-0.074
W184T,56.0,52.0,-0.074
R131H,65.0,60.0,-0.08
S139C,116.0,107.0,-0.081
N162P,156.0,143.0,-0.087
G156D,34.0,31.0,-0.092
G102S,170.0,155.0,-0.092
G138L,105.0,95.0,-0.1
A171C,94.0,85.0,-0.101
G172P,143.0,129.0,-0.103
K153R,127.0,114.0,-0.108
Y93F,38.0,34.0,-0.111
Y127C,85.0,76.0,-0.112
T109H,102.0,91.0,-0.114
Y127S,83.0,74.0,-0.115
V181M,35.0,31.0,-0.121
A171F,102.0,90.0,-0.125
D118R,135.0,119.0,-0.126
N113I,25.0,22.0,-0.128
H148N,16.0,14.0,-0.134
V183M,47.0,41.0,-0.137
G101V,99.0,86.0,-0.141
H155N,15.0,13.0,-0.143
K153*,30.0,26.0,-0.143
Y112N,52.0,45.0,-0.145
D118L,103.0,89.0,-0.146
G138T,50.0,43.0,-0.151
G138V,91.0,78.0,-0.154
N140Q,62.0,53.0,-0.157
V149R,96.0,82.0,-0.158
Y107H,73.0,62.0,-0.163
G101R,160.0,136.0,-0.163
S129E,33.0,28.0,-0.164
W184Q,33.0,28.0,-0.164
N162Y,110.0,93.0,-0.168
T108I,45.0,38.0,-0.169
Q126V,114.0,96.0,-0.172
V167D,19.0,16.0,-0.172
R135P,43.0,36.0,-0.178
K134E,30.0,25.0,-0.182
D120R,102.0,85.0,-0.182
P115T,23.0,19.0,-0.191
M168R,112.0,92.0,-0.197
S176G,155.0,127.0,-0.199
S178R,116.0,95.0,-0.2
Y112L,203.0,166.0,-0.201
N113E,32.0,26.0,-0.208
S179A,85.0,69.0,-0.209
V183A,137.0,111.0,-0.21
N158Q,20.0,16.0,-0.223
D100N,39.0,31.0,-0.23
K153I,24.0,19.0,-0.234
G138D,43.0,34.0,-0.235
N147D,38.0,30.0,-0.236
W163*,99.0,78.0,-0.238
K98E,28.0,22.0,-0.241
Y104H,91.0,71.0,-0.248
G102A,134.0,104.0,-0.253
A164R,187.0,145.0,-0.254
T110E,26.0,20.0,-0.262
V167G,123.0,93.0,-0.28
V97R,256.0,193.0,-0.282
V130R,69.0,52.0,-0.283
Q132G,222.0,167.0,-0.285
Q132C,79.0,59.0,-0.292
S176T,67.0,50.0,-0.293
K98*,78.0,58.0,-0.296
R121L,101.0,75.0,-0.298
I143V,27.0,20.0,-0.3
Y112E,98.0,72.0,-0.308
V149G,144.0,105.0,-0.316
Q132S,176.0,128.0,-0.318
W152*,95.0,69.0,-0.32
N158V,40.0,29.0,-0.322
T110G,79.0,57.0,-0.326
T103W,79.0,57.0,-0.326
S175P,39.0,28.0,-0.331
T109D,124.0,89.0,-0.332
I106L,102.0,73.0,-0.335
R121K,28.0,20.0,-0.336
R121V,100.0,71.0,-0.342
N162T,123.0,87.0,-0.346
G156V,27.0,19.0,-0.351
S161C,47.0,33.0,-0.354
I106C,50.0,35.0,-0.357
R131G,93.0,65.0,-0.358
I117T,33.0,23.0,-0.361
Y173F,33.0,23.0,-0.361
N180T,33.0,23.0,-0.361
Q174K,23.0,16.0,-0.363
M168K,39.0,27.0,-0.368
A171R,230.0,159.0,-0.369
D100V,105.0,72.0,-0.377
Q166R,225.0,154.0,-0.379
Q126R,179.0,122.0,-0.383
M157K,25.0,17.0,-0.386
I106T,28.0,19.0,-0.388
Y127F,62.0,42.0,-0.389
Y165L,99.0,67.0,-0.39
S154F,68.0,46.0,-0.391
L159P,49.0,33.0,-0.395
G101L,106.0,71.0,-0.401
G160Q,12.0,8.0,-0.405
H155Q,21.0,14.0,-0.405
N140E,113.0,75.0,-0.41
A171S,210.0,139.0,-0.413
T109K,56.0,37.0,-0.414
Y165H,55.0,36.0,-0.424
K94N,46.0,30.0,-0.427
V130D,23.0,15.0,-0.427
G95R,145.0,94.0,-0.433
N180D,65.0,42.0,-0.437
G177R,203.0,131.0,-0.438
P136L,114.0,73.0,-0.446
V183I,66.0,42.0,-0.452
N162Q,88.0,56.0,-0.452
K98F,19.0,12.0,-0.46
W152C,108.0,68.0,-0.463
S179P,94.0,59.0,-0.466
G119D,40.0,25.0,-0.47
S99P,24.0,15.0,-0.47
V183T,71.0,44.0,-0.478
Q166M,55.0,34.0,-0.481
A114M,76.0,47.0,-0.481
T122Y,96.0,59.0,-0.487
N150G,67.0,41.0,-0.491
S178F,56.0,34.0,-0.499
Y127Q,38.0,23.0,-0.502
I106F,43.0,26.0,-0.503
D120W,58.0,35.0,-0.505
T144I,57.0,34.0,-0.517
M168I,91.0,54.0,-0.522
T123N,41.0,24.0,-0.536
D100Y,41.0,24.0,-0.536
T122W,142.0,83.0,-0.537
M157T,62.0,36.0,-0.544
V97I,85.0,49.0,-0.551
G102D,73.0,42.0,-0.553
V181A,49.0,28.0,-0.56
S175Y,14.0,8.0,-0.56
W184A,93.0,53.0,-0.562
N140L,158.0,90.0,-0.563
Y104C,102.0,58.0,-0.565
T103V,95.0,54.0,-0.565
P136Q,30.0,17.0,-0.568
T123S,225.0,127.0,-0.572
D100E,80.0,45.0,-0.575
S146F,59.0,33.0,-0.581
Q132*,88.0,49.0,-0.586
K134R,56.0,31.0,-0.591
Y127H,47.0,26.0,-0.592
S154G,170.0,94.0,-0.593
W163G,247.0,136.0,-0.597
W163A,120.0,66.0,-0.598
T110N,22.0,12.0,-0.606
T182H,22.0,12.0,-0.606
T96L,113.0,61.0,-0.617
A171E,75.0,40.0,-0.629
S133Y,17.0,9.0,-0.636
F124T,36.0,19.0,-0.639
Y107W,114.0,60.0,-0.642
P136V,63.0,33.0,-0.647
Y173*,23.0,12.0,-0.651
I106N,25.0,13.0,-0.654
T123G,184.0,95.0,-0.661
T170Q,35.0,18.0,-0.665
W152E,41.0,21.0,-0.669
V183G,172.0,88.0,-0.67
G101D,61.0,31.0,-0.677
F145R,235.0,119.0,-0.68
G177A,171.0,86.0,-0.687
N147K,14.0,7.0,-0.693
N147T,24.0,12.0,-0.693
N113T,28.0,14.0,-0.693
D105Y,30.0,15.0,-0.693
Y93C,38.0,19.0,-0.693
S175A,24.0,12.0,-0.693
D105V,127.0,62.0,-0.717
F124I,39.0,19.0,-0.719
Y112H,72.0,35.0,-0.721
A169E,23.0,11.0,-0.738
Y127N,44.0,21.0,-0.74
N113A,63.0,30.0,-0.742
N158K,21.0,10.0,-0.742
N140*,57.0,27.0,-0.747
S176P,51.0,24.0,-0.754
G160C,34.0,16.0,-0.754
G95D,51.0,24.0,-0.754
G156S,68.0,32.0,-0.754
G177L,152.0,71.0,-0.761
N147Y,15.0,7.0,-0.762
N158G,116.0,54.0,-0.765
S129T,58.0,27.0,-0.765
A141V,99.0,46.0,-0.766
T123M,82.0,38.0,-0.769
S154P,61.0,28.0,-0.779
S129F,49.0,22.0,-0.801
T122I,87.0,39.0,-0.802
G172V,254.0,113.0,-0.81
D120Y,45.0,20.0,-0.811
H155L,27.0,12.0,-0.811
T170I,73.0,32.0,-0.825
S179M,23.0,10.0,-0.833
N150Y,23.0,10.0,-0.833
T144P,37.0,16.0,-0.838
Q174E,37.0,16.0,-0.838
P115S,65.0,28.0,-0.842
N180K,35.0,15.0,-0.847
S161W,61.0,26.0,-0.853
W184V,122.0,52.0,-0.853
T96I,78.0,33.0,-0.86
S146P,69.0,29.0,-0.867
T170G,100.0,42.0,-0.868
G119S,96.0,40.0,-0.875
F145S,154.0,64.0,-0.878
T123I,68.0,28.0,-0.887
Y165N,22.0,9.0,-0.894
Q126S,128.0,52.0,-0.901
N150S,79.0,32.0,-0.904
D105H,35.0,14.0,-0.916
T110S,95.0,38.0,-0.916
T142N,28.0,11.0,-0.934
Y107L,110.0,43.0,-0.939
Y104N,57.0,22.0,-0.952
Y173N,13.0,5.0,-0.956
G156C,42.0,16.0,-0.965
Q174L,61.0,23.0,-0.975
T144S,101.0,38.0,-0.978
G95W,56.0,21.0,-0.981
G119K,22.0,8.0,-1.012
M168W,33.0,12.0,-1.012
Y107G,244.0,87.0,-1.031
G177D,73.0,26.0,-1.032
L159Q,31.0,11.0,-1.036
T110A,65.0,23.0,-1.039
Q174V,60.0,21.0,-1.05
W163C,52.0,18.0,-1.061
Q174H,26.0,9.0,-1.061
N140S,189.0,65.0,-1.067
T144A,88.0,30.0,-1.076
A171K,88.0,30.0,-1.076
N140W,144.0,49.0,-1.078
N140I,50.0,17.0,-1.079
F124Y,56.0,19.0,-1.081
R131V,42.0,14.0,-1.099
H155P,15.0,5.0,-1.099
D120L,145.0,48.0,-1.106
W163S,103.0,34.0,-1.108
P136R,101.0,33.0,-1.119
S161T,37.0,12.0,-1.126
T103Y,22.0,7.0,-1.145
S161P,70.0,22.0,-1.157
R131L,42.0,13.0,-1.173
A151S,97.0,30.0,-1.174
V183R,159.0,49.0,-1.177
Y104F,91.0,28.0,-1.179
S133C,13.0,4.0,-1.179
N180Y,59.0,18.0,-1.187
V97S,196.0,59.0,-1.201
Q132H,60.0,18.0,-1.204
F145Y,50.0,15.0,-1.204
D100R,121.0,36.0,-1.212
M157V,91.0,27.0,-1.215
Y107N,54.0,16.0,-1.216
S178Y,17.0,5.0,-1.224
A169S,31.0,9.0,-1.237
G177T,73.0,21.0,-1.246
S161D,28.0,8.0,-1.253
S178N,14.0,4.0,-1.253
G95C,60.0,17.0,-1.261
W128C,39.0,11.0,-1.266
G101*,39.0,11.0,-1.266
V183F,65.0,18.0,-1.284
S139K,58.0,16.0,-1.288
K94P,51.0,14.0,-1.293
N113Y,11.0,3.0,-1.299
S129R,110.0,30.0,-1.299
R111T,22.0,6.0,-1.299
Q166K,48.0,13.0,-1.306
T142P,41.0,11.0,-1.316
N113H,15.0,4.0,-1.322
Y112P,90.0,24.0,-1.322
W128G,113.0,30.0,-1.326
K94*,49.0,13.0,-1.327
A164T,92.0,24.0,-1.344
F145G,336.0,86.0,-1.363
R131S,47.0,12.0,-1.365
D118V,122.0,31.0,-1.37
G95S,126.0,32.0,-1.371
G119R,119.0,30.0,-1.378
V167A,96.0,24.0,-1.386
Q174P,24.0,6.0,-1.386
Y112*,76.0,19.0,-1.386
Y165*,32.0,8.0,-1.386
T109L,328.0,81.0,-1.399
Q166Y,57.0,14.0,-1.404
G172F,91.0,22.0,-1.42
Y107R,216.0,52.0,-1.424
S178C,42.0,10.0,-1.435
V97F,80.0,19.0,-1.438
V97D,55.0,13.0,-1.442
V149A,72.0,17.0,-1.443
D118E,34.0,8.0,-1.447
T96F,43.0,10.0,-1.459
W163R,211.0,49.0,-1.46
H148Q,26.0,6.0,-1.466
S179T,39.0,9.0,-1.466
G160S,100.0,23.0,-1.47
T137N,22.0,5.0,-1.482
S154T,63.0,14.0,-1.504
R131P,27.0,6.0,-1.504
D120V,172.0,38.0,-1.51
N150C,41.0,9.0,-1.516
G160V,64.0,14.0,-1.52
T122H,78.0,17.0,-1.523
Q166H,74.0,16.0,-1.531
W152R,199.0,43.0,-1.532
T96C,93.0,20.0,-1.537
H148L,93.0,20.0,-1.537
G172D,84.0,18.0,-1.54
N150I,28.0,6.0,-1.54
Y104*,57.0,12.0,-1.558
S161Y,19.0,4.0,-1.558
H148*,24.0,5.0,-1.569
T123A,174.0,36.0,-1.576
Y112C,141.0,29.0,-1.581
D100G,113.0,23.0,-1.592
G177C,95.0,19.0,-1.609
Y173A,25.0,5.0,-1.609
I117L,15.0,3.0,-1.609
T182N,30.0,6.0,-1.609
G102C,125.0,25.0,-1.609
Q174T,25.0,5.0,-1.609
Y112G,250.0,50.0,-1.609
G101C,66.0,13.0,-1.625
S176Y,41.0,8.0,-1.634
A164E,72.0,14.0,-1.638
G138C,67.0,13.0,-1.64
S175C,26.0,5.0,-1.649
Q126G,177.0,34.0,-1.65
T122P,126.0,24.0,-1.658
D118G,171.0,32.0,-1.676
F124R,140.0,26.0,-1.684
Y173S,33.0,6.0,-1.705
F124P,44.0,8.0,-1.705
A141P,33.0,6.0,-1.705
V149P,50.0,9.0,-1.715
K134*,17.0,3.0,-1.735
P115A,52.0,9.0,-1.754
T108P,35.0,6.0,-1.764
T137W,47.0,8.0,-1.771
T109W,183.0,31.0,-1.775
G101T,48.0,8.0,-1.792
Q132K,49.0,8.0,-1.812
S129Y,38.0,6.0,-1.846
D100H,45.0,7.0,-1.861
N150L,71.0,11.0,-1.865
A169P,26.0,4.0,-1.872
Y127*,52.0,8.0,-1.872
H148R,124.0,19.0,-1.876
P136K,20.0,3.0,-1.897
F145V,188.0,28.0,-1.904
A169G,74.0,11.0,-1.906
T103C,62.0,9.0,-1.93
T109F,148.0,21.0,-1.953
G138P,29.0,4.0,-1.981
V167F,29.0,4.0,-1.981
G102V,168.0,23.0,-1.988
A151P,37.0,5.0,-2.001
K134T,15.0,2.0,-2.015
T137P,45.0,6.0,-2.015
Q166T,98.0,13.0,-2.02
K94D,38.0,5.0,-2.028
Q166A,107.0,14.0,-2.034
V97A,194.0,25.0,-2.049
A151E,39.0,5.0,-2.054
G160R,63.0,8.0,-2.064
Y173D,16.0,2.0,-2.079
T110P,32.0,4.0,-2.079
Q132T,89.0,11.0,-2.091
A141D,43.0,5.0,-2.152
K153T,26.0,3.0,-2.159
V149F,27.0,3.0,-2.197
W184C,63.0,7.0,-2.197
R111P,18.0,2.0,-2.197
V181G,57.0,6.0,-2.251
K134A,19.0,2.0,-2.251
S178A,76.0,8.0,-2.251
K94Q,48.0,5.0,-2.262
N150T,29.0,3.0,-2.269
Q166P,68.0,7.0,-2.274
T123Y,59.0,6.0,-2.286
Q132E,69.0,7.0,-2.288
Q166E,50.0,5.0,-2.303
T103N,30.0,3.0,-2.303
Y165D,30.0,3.0,-2.303
R135L,101.0,10.0,-2.313
S116A,51.0,5.0,-2.322
G156R,31.0,3.0,-2.335
I106D,31.0,3.0,-2.335
G102L,178.0,17.0,-2.349
P136T,43.0,4.0,-2.375
S176Q,33.0,3.0,-2.398
T144Y,11.0,1.0,-2.398
G119F,11.0,1.0,-2.398
V181T,11.0,1.0,-2.398
R131Q,11.0,1.0,-2.398
K134C,11.0,1.0,-2.398
V130L,55.0,5.0,-2.398
P115D,11.0,1.0,-2.398
P115C,11.0,1.0,-2.398
G156A,22.0,2.0,-2.398
G156N,11.0,1.0,-2.398
A169K,11.0,1.0,-2.398
T108E,11.0,1.0,-2.398
T170N,56.0,5.0,-2.416
T103P,34.0,3.0,-2.428
R111M,23.0,2.0,-2.442
T103G,12.0,1.0,-2.485
L159Y,12.0,1.0,-2.485
P136Y,12.0,1.0,-2.485
S161I,12.0,1.0,-2.485
S133E,12.0,1.0,-2.485
K153M,12.0,1.0,-2.485
A151H,12.0,1.0,-2.485
R111N,12.0,1.0,-2.485
Q174Y,12.0,1.0,-2.485
Q174F,12.0,1.0,-2.485
G160A,49.0,4.0,-2.506
N140Y,37.0,3.0,-2.512
W184I,37.0,3.0,-2.512
W152L,188.0,15.0,-2.528
G172R,307.0,24.0,-2.549
W128S,64.0,5.0,-2.549
L159D,13.0,1.0,-2.565
L159F,13.0,1.0,-2.565
T144F,13.0,1.0,-2.565
G119N,13.0,1.0,-2.565
R131I,13.0,1.0,-2.565
V130*,13.0,1.0,-2.565
V130K,13.0,1.0,-2.565
G156P,13.0,1.0,-2.565
G156I,13.0,1.0,-2.565
V149N,13.0,1.0,-2.565
R111*,13.0,1.0,-2.565
S175E,13.0,1.0,-2.565
A169W,13.0,1.0,-2.565
G101N,13.0,1.0,-2.565
A141I,13.0,1.0,-2.565
M168C,54.0,4.0,-2.603
Q126A,138.0,10.0,-2.625
N113Q,14.0,1.0,-2.639
W128Y,14.0,1.0,-2.639
W128H,14.0,1.0,-2.639
I117C,14.0,1.0,-2.639
I117W,14.0,1.0,-2.639
G160N,14.0,1.0,-2.639
V130C,14.0,1.0,-2.639
T110Y,14.0,1.0,-2.639
V149H,14.0,1.0,-2.639
S179K,14.0,1.0,-2.639
S133K,14.0,1.0,-2.639
K98C,14.0,1.0,-2.639
R135I,14.0,1.0,-2.639
A151I,14.0,1.0,-2.639
V167H,14.0,1.0,-2.639
Q174C,28.0,2.0,-2.639
G101H,14.0,1.0,-2.639
A141F,14.0,1.0,-2.639
T108H,14.0,1.0,-2.639
Y127D,42.0,3.0,-2.639
S129A,71.0,5.0,-2.653
N140T,115.0,8.0,-2.665
T142W,88.0,6.0,-2.686
W128D,15.0,1.0,-2.708
D120K,15.0,1.0,-2.708
P136N,15.0,1.0,-2.708
P136*,15.0,1.0,-2.708
V181W,15.0,1.0,-2.708
Y173E,15.0,1.0,-2.708
R131*,15.0,1.0,-2.708
D105K,15.0,1.0,-2.708
V149Y,15.0,1.0,-2.708
V149M,15.0,1.0,-2.708
S133I,15.0,1.0,-2.708
S99G,15.0,1.0,-2.708
Y173K,15.0,1.0,-2.708
Y173P,15.0,1.0,-2.708
N180M,16.0,1.0,-2.773
V181S,16.0,1.0,-2.773
R131M,16.0,1.0,-2.773
A114P,48.0,3.0,-2.773
P115M,16.0,1.0,-2.773
K98M,16.0,1.0,-2.773
W184N,16.0,1.0,-2.773
K153F,16.0,1.0,-2.773
A151N,16.0,1.0,-2.773
A151K,16.0,1.0,-2.773
R111W,16.0,1.0,-2.773
T137K,16.0,1.0,-2.773
S175*,16.0,1.0,-2.773
S116C,64.0,4.0,-2.773
D100L,97.0,6.0,-2.783
Y107D,33.0,2.0,-2.803
W128I,17.0,1.0,-2.833
G160K,17.0,1.0,-2.833
K134P,17.0,1.0,-2.833
P115K,17.0,1.0,-2.833
G156F,17.0,1.0,-2.833
M157*,17.0,1.0,-2.833
A169Q,17.0,1.0,-2.833
A151D,17.0,1.0,-2.833
M168H,17.0,1.0,-2.833
R111D,17.0,1.0,-2.833
S99R,17.0,1.0,-2.833
S154M,69.0,4.0,-2.848
Y127P,52.0,3.0,-2.853
Q174S,35.0,2.0,-2.862
D118W,53.0,3.0,-2.872
G160E,18.0,1.0,-2.89
S129K,18.0,1.0,-2.89
S161K,18.0,1.0,-2.89
H148D,54.0,3.0,-2.89
K134L,18.0,1.0,-2.89
V130M,18.0,1.0,-2.89
Y93V,18.0,1.0,-2.89
G156W,18.0,1.0,-2.89
K98A,18.0,1.0,-2.89
M157D,18.0,1.0,-2.89
V167M,18.0,1.0,-2.89
M168N,18.0,1.0,-2.89
Q174W,18.0,1.0,-2.89
S179W,18.0,1.0,-2.89
G156Y,18.0,1.0,-2.89
A141*,18.0,1.0,-2.89
Y165K,18.0,1.0,-2.89
N180Q,18.0,1.0,-2.89
W152S,188.0,10.0,-2.934
G138H,19.0,1.0,-2.944
N158*,19.0,1.0,-2.944
N147Q,19.0,1.0,-2.944
W128F,19.0,1.0,-2.944
G160*,19.0,1.0,-2.944
Y173L,19.0,1.0,-2.944
H155S,19.0,1.0,-2.944
T182E,19.0,1.0,-2.944
V130Q,19.0,1.0,-2.944
V149*,19.0,1.0,-2.944
K98W,19.0,1.0,-2.944
R135F,19.0,1.0,-2.944
V167K,19.0,1.0,-2.944
T182F,19.0,1.0,-2.944
S179D,19.0,1.0,-2.944
I106K,19.0,1.0,-2.944
S116Q,19.0,1.0,-2.944
Q132P,77.0,4.0,-2.958
P136W,59.0,3.0,-2.979
A141G,179.0,9.0,-2.99
G138K,20.0,1.0,-2.996
N113P,20.0,1.0,-2.996
V183H,20.0,1.0,-2.996
G119I,20.0,1.0,-2.996
P136F,20.0,1.0,-2.996
S161*,20.0,1.0,-2.996
H148E,20.0,1.0,-2.996
D118Q,20.0,1.0,-2.996
F145N,20.0,1.0,-2.996
T182K,20.0,1.0,-2.996
T182*,20.0,1.0,-2.996
M168D,20.0,1.0,-2.996
I106*,20.0,1.0,-2.996
S179H,20.0,1.0,-2.996
S176V,82.0,4.0,-3.02
R135S,103.0,5.0,-3.025
G138Y,21.0,1.0,-3.045
R121Q,21.0,1.0,-3.045
L159C,21.0,1.0,-3.045
W163N,21.0,1.0,-3.045
Q126N,21.0,1.0,-3.045
G119*,21.0,1.0,-3.045
F124M,21.0,1.0,-3.045
F124D,21.0,1.0,-3.045
K134S,21.0,1.0,-3.045
T110K,21.0,1.0,-3.045
T110M,21.0,1.0,-3.045
S179N,21.0,1.0,-3.045
A114H,21.0,1.0,-3.045
S179*,21.0,1.0,-3.045
N150H,21.0,1.0,-3.045
N113*,21.0,1.0,-3.045
S179I,21.0,1.0,-3.045
T108*,21.0,1.0,-3.045
S116K,21.0,1.0,-3.045
D100F,43.0,2.0,-3.068
V167L,87.0,4.0,-3.08
G138*,22.0,1.0,-3.091
N113M,22.0,1.0,-3.091
W163I,22.0,1.0,-3.091
Y104Q,22.0,1.0,-3.091
S129H,22.0,1.0,-3.091
S129I,22.0,1.0,-3.091
D105I,22.0,1.0,-3.091
T110Q,22.0,1.0,-3.091
T103K,22.0,1.0,-3.091
I117A,22.0,1.0,-3.091
I117S,22.0,1.0,-3.091
S133L,22.0,1.0,-3.091
M157P,22.0,1.0,-3.091
M157E,22.0,1.0,-3.091
R135Y,22.0,1.0,-3.091
R111Y,22.0,1.0,-3.091
T137Y,22.0,1.0,-3.091
G95Y,22.0,1.0,-3.091
T109P,154.0,7.0,-3.091
I106S,44.0,2.0,-3.091
H148I,23.0,1.0,-3.135
R121I,23.0,1.0,-3.135
W128K,23.0,1.0,-3.135
G160I,23.0,1.0,-3.135
R131K,23.0,1.0,-3.135
N158M,23.0,1.0,-3.135
V149T,23.0,1.0,-3.135
N150M,23.0,1.0,-3.135
M168Q,23.0,1.0,-3.135
S175V,23.0,1.0,-3.135
Q174M,23.0,1.0,-3.135
A169C,23.0,1.0,-3.135
G101F,23.0,1.0,-3.135
T108Y,23.0,1.0,-3.135
I106Y,23.0,1.0,-3.135
S116N,23.0,1.0,-3.135
F145C,47.0,2.0,-3.157
G138F,24.0,1.0,-3.178
L159E,24.0,1.0,-3.178
T144*,24.0,1.0,-3.178
T144K,24.0,1.0,-3.178
T144Q,24.0,1.0,-3.178
G119H,24.0,1.0,-3.178
G160Y,24.0,1.0,-3.178
G160W,24.0,1.0,-3.178
S129N,24.0,1.0,-3.178
R131W,24.0,1.0,-3.178
D105Q,24.0,1.0,-3.178
R135D,24.0,1.0,-3.178
T137Q,24.0,1.0,-3.178
G102N,24.0,1.0,-3.178
P115W,24.0,1.0,-3.178
S179Q,24.0,1.0,-3.178
A141M,24.0,1.0,-3.178
S116I,24.0,1.0,-3.178
S161A,98.0,4.0,-3.199
G138Q,25.0,1.0,-3.219
Q132N,25.0,1.0,-3.219
G160P,25.0,1.0,-3.219
H155A,25.0,1.0,-3.219
V130E,25.0,1.0,-3.219
V130P,25.0,1.0,-3.219
P115E,25.0,1.0,-3.219
F145H,25.0,1.0,-3.219
A151Q,25.0,1.0,-3.219
R111F,25.0,1.0,-3.219
G95K,25.0,1.0,-3.219
G95V,126.0,5.0,-3.227
N158E,26.0,1.0,-3.258
L159K,26.0,1.0,-3.258
T170D,26.0,1.0,-3.258
T144M,26.0,1.0,-3.258
G160M,26.0,1.0,-3.258
H148P,26.0,1.0,-3.258
D118I,26.0,1.0,-3.258
D118*,26.0,1.0,-3.258
V130T,26.0,1.0,-3.258
T110*,26.0,1.0,-3.258
V149K,26.0,1.0,-3.258
R135*,26.0,1.0,-3.258
S154I,27.0,1.0,-3.296
W163Q,27.0,1.0,-3.296
P136C,27.0,1.0,-3.296
G177I,27.0,1.0,-3.296
F124N,27.0,1.0,-3.296
D105F,27.0,1.0,-3.296
V149C,27.0,1.0,-3.296
M157Q,27.0,1.0,-3.296
N150F,27.0,1.0,-3.296
V167Q,27.0,1.0,-3.296
A151W,27.0,1.0,-3.296
G138N,28.0,1.0,-3.332
F124Q,28.0,1.0,-3.332
R121N,28.0,1.0,-3.332
T170*,28.0,1.0,-3.332
W128P,28.0,1.0,-3.332
V183N,28.0,1.0,-3.332
W163K,28.0,1.0,-3.332
G119Q,28.0,1.0,-3.332
G177Y,28.0,1.0,-3.332
S146Q,28.0,1.0,-3.332
V181R,28.0,1.0,-3.332
R131E,28.0,1.0,-3.332
S154H,28.0,1.0,-3.332
D105A,112.0,4.0,-3.332
D105P,56.0,2.0,-3.332
F145Q,28.0,1.0,-3.332
S178D,28.0,1.0,-3.332
K153W,28.0,1.0,-3.332
K153C,28.0,1.0,-3.332
D100Q,28.0,1.0,-3.332
S176I,29.0,1.0,-3.367
S154N,29.0,1.0,-3.367
T142F,29.0,1.0,-3.367
T142C,29.0,1.0,-3.367
V183*,29.0,1.0,-3.367
N140F,29.0,1.0,-3.367
T182Y,29.0,1.0,-3.367
K153P,29.0,1.0,-3.367
A151F,29.0,1.0,-3.367
A151*,29.0,1.0,-3.367
T137H,29.0,1.0,-3.367
G95F,29.0,1.0,-3.367
G95N,29.0,1.0,-3.367
T108C,29.0,1.0,-3.367
S146C,59.0,2.0,-3.384
S176D,30.0,1.0,-3.401
S176N,30.0,1.0,-3.401
Y107K,30.0,1.0,-3.401
L159T,30.0,1.0,-3.401
T170E,30.0,1.0,-3.401
W128Q,30.0,1.0,-3.401
W128E,30.0,1.0,-3.401
T144R,90.0,3.0,-3.401
G160T,30.0,1.0,-3.401
T96H,30.0,1.0,-3.401
K94H,30.0,1.0,-3.401
S133V,30.0,1.0,-3.401
S178I,30.0,1.0,-3.401
S178M,30.0,1.0,-3.401
M168Y,30.0,1.0,-3.401
D100K,30.0,1.0,-3.401
G138M,31.0,1.0,-3.434
Y107I,31.0,1.0,-3.434
V183Q,31.0,1.0,-3.434
W152K,31.0,1.0,-3.434
G160F,31.0,1.0,-3.434
S129Q,31.0,1.0,-3.434
K134G,31.0,1.0,-3.434
T103*,31.0,1.0,-3.434
K94F,31.0,1.0,-3.434
R135M,31.0,1.0,-3.434
A151Y,31.0,1.0,-3.434
M168E,31.0,1.0,-3.434
S175W,31.0,1.0,-3.434
A114I,31.0,1.0,-3.434
N180*,31.0,1.0,-3.434
I106Q,31.0,1.0,-3.434
Y104K,32.0,1.0,-3.466
T144E,32.0,1.0,-3.466
G119E,32.0,1.0,-3.466
G177H,32.0,1.0,-3.466
S129M,32.0,1.0,-3.466
V167T,32.0,1.0,-3.466
S116M,32.0,1.0,-3.466
W152G,196.0,6.0,-3.486
W128T,33.0,1.0,-3.497
W163F,33.0,1.0,-3.497
S161H,33.0,1.0,-3.497
D105*,33.0,1.0,-3.497
D105M,33.0,1.0,-3.497
V149E,33.0,1.0,-3.497
A169L,33.0,1.0,-3.497
G95E,33.0,1.0,-3.497
T108W,33.0,1.0,-3.497
T96Q,34.0,1.0,-3.526
Q126F,34.0,1.0,-3.526
M168*,34.0,1.0,-3.526
Y165P,34.0,1.0,-3.526
G95H,34.0,1.0,-3.526
T182P,34.0,1.0,-3.526
G101K,34.0,1.0,-3.526
G101A,138.0,4.0,-3.541
S176M,35.0,1.0,-3.555
T142*,35.0,1.0,-3.555
N147W,35.0,1.0,-3.555
R121*,35.0,1.0,-3.555
Q132Y,35.0,1.0,-3.555
D120M,35.0,1.0,-3.555
Y104M,35.0,1.0,-3.555
S146H,35.0,1.0,-3.555
A164M,35.0,1.0,-3.555
H148M,35.0,1.0,-3.555
V149Q,35.0,1.0,-3.555
I117G,35.0,1.0,-3.555
S129*,35.0,1.0,-3.555
Y165M,35.0,1.0,-3.555
S146K,36.0,1.0,-3.584
S178K,36.0,1.0,-3.584
T137F,36.0,1.0,-3.584
Y127K,36.0,1.0,-3.584
S154K,37.0,1.0,-3.611
Q166N,37.0,1.0,-3.611
H148F,37.0,1.0,-3.611
Q126Y,37.0,1.0,-3.611
S129D,37.0,1.0,-3.611
V130G,111.0,3.0,-3.611
V130W,37.0,1.0,-3.611
F145K,37.0,1.0,-3.611
W184D,37.0,1.0,-3.611
A164*,37.0,1.0,-3.611
G102I,37.0,1.0,-3.611
G95Q,37.0,1.0,-3.611
I106W,37.0,1.0,-3.611
S176*,38.0,1.0,-3.638
N158F,38.0,1.0,-3.638
L159W,38.0,1.0,-3.638
D120*,38.0,1.0,-3.638
R131A,38.0,1.0,-3.638
H155G,38.0,1.0,-3.638
D100*,38.0,1.0,-3.638
T137*,38.0,1.0,-3.638
A171P,114.0,3.0,-3.638
Y127E,38.0,1.0,-3.638
S146*,39.0,1.0,-3.664
F124*,39.0,1.0,-3.664
A114D,39.0,1.0,-3.664
N147A,40.0,1.0,-3.689
T170M,40.0,1.0,-3.689
V183K,40.0,1.0,-3.689
W152D,40.0,1.0,-3.689
R131T,40.0,1.0,-3.689
V167C,40.0,1.0,-3.689
D100I,40.0,1.0,-3.689
G138E,41.0,1.0,-3.714
N147R,41.0,1.0,-3.714
W152Q,41.0,1.0,-3.714
S146I,41.0,1.0,-3.714
H148T,41.0,1.0,-3.714
T110C,41.0,1.0,-3.714
M168F,41.0,1.0,-3.714
G95M,41.0,1.0,-3.714
Y173R,41.0,1.0,-3.714
R121E,42.0,1.0,-3.738
V183Y,42.0,1.0,-3.738
T96Y,42.0,1.0,-3.738
T103D,42.0,1.0,-3.738
R135K,42.0,1.0,-3.738
T137C,42.0,1.0,-3.738
G95I,42.0,1.0,-3.738
Y127M,42.0,1.0,-3.738
N113L,43.0,1.0,-3.761
A164Y,43.0,1.0,-3.761
F145D,43.0,1.0,-3.761
V167W,43.0,1.0,-3.761
A141W,43.0,1.0,-3.761
T170K,44.0,1.0,-3.784
W163D,44.0,1.0,-3.784
W184M,44.0,1.0,-3.784
Y107Q,45.0,1.0,-3.807
G119P,45.0,1.0,-3.807
G177K,45.0,1.0,-3.807
A164I,45.0,1.0,-3.807
S129C,45.0,1.0,-3.807
G95T,45.0,1.0,-3.807
A171*,45.0,1.0,-3.807
S116*,45.0,1.0,-3.807
Q166I,46.0,1.0,-3.829
T170H,46.0,1.0,-3.829
W163P,46.0,1.0,-3.829
Y173G,46.0,1.0,-3.829
Y165Q,46.0,1.0,-3.829
G102M,46.0,1.0,-3.829
W163E,47.0,1.0,-3.85
Y104I,47.0,1.0,-3.85
W152M,47.0,1.0,-3.85
T144W,47.0,1.0,-3.85
G177Q,47.0,1.0,-3.85
G177M,47.0,1.0,-3.85
D105T,47.0,1.0,-3.85
N180C,47.0,1.0,-3.85
S116E,47.0,1.0,-3.85
D118T,48.0,1.0,-3.871
D100M,48.0,1.0,-3.871
D100P,48.0,1.0,-3.871
I106P,48.0,1.0,-3.871
S154*,49.0,1.0,-3.892
Q132M,49.0,1.0,-3.892
Y104E,49.0,1.0,-3.892
Y104P,49.0,1.0,-3.892
N158T,49.0,1.0,-3.892
W184P,49.0,1.0,-3.892
M168P,49.0,1.0,-3.892
G101M,49.0,1.0,-3.892
H148C,50.0,1.0,-3.912
L159A,50.0,1.0,-3.912
G177*,50.0,1.0,-3.912
D118P,50.0,1.0,-3.912
V149S,50.0,1.0,-3.912
T123H,50.0,1.0,-3.912
Q166F,51.0,1.0,-3.932
Q132F,51.0,1.0,-3.932
V183W,51.0,1.0,-3.932
F124E,51.0,1.0,-3.932
M157C,51.0,1.0,-3.932
W184K,51.0,1.0,-3.932
G102Y,51.0,1.0,-3.932
T170Y,52.0,1.0,-3.951
G160L,52.0,1.0,-3.951
T96K,52.0,1.0,-3.951
H148W,52.0,1.0,-3.951
T96D,54.0,1.0,-3.989
G102H,54.0,1.0,-3.989
G102Q,54.0,1.0,-3.989
Y107M,55.0,1.0,-4.007
T170P,55.0,1.0,-4.007
V149W,55.0,1.0,-4.007
M157S,55.0,1.0,-4.007
A171H,55.0,1.0,-4.007
Y165E,55.0,1.0,-4.007
G172Y,56.0,1.0,-4.025
Y107P,56.0,1.0,-4.025
L159S,56.0,1.0,-4.025
Q126W,56.0,1.0,-4.025
A164F,56.0,1.0,-4.025
S129V,56.0,1.0,-4.025
S129W,56.0,1.0,-4.025
S154E,57.0,1.0,-4.043
F145T,57.0,1.0,-4.043
Y127W,57.0,1.0,-4.043
Y107E,58.0,1.0,-4.06
D118C,58.0,1.0,-4.06
D100C,58.0,1.0,-4.06
Y107S,118.0,2.0,-4.078
Y107T,59.0,1.0,-4.078
N140M,59.0,1.0,-4.078
N158A,60.0,1.0,-4.094
F124C,60.0,1.0,-4.094
A164H,60.0,1.0,-4.094
N150V,61.0,1.0,-4.111
A169R,61.0,1.0,-4.111
V97K,61.0,1.0,-4.111
G119W,62.0,1.0,-4.127
H148A,62.0,1.0,-4.127
F145*,62.0,1.0,-4.127
A151L,62.0,1.0,-4.127
A114*,62.0,1.0,-4.127
N113V,63.0,1.0,-4.143
V183E,63.0,1.0,-4.143
W152H,63.0,1.0,-4.143
M157A,63.0,1.0,-4.143
T182G,63.0,1.0,-4.143
T109*,127.0,2.0,-4.151
D120C,64.0,1.0,-4.159
Y165T,64.0,1.0,-4.159
G95P,64.0,1.0,-4.159
V97Q,64.0,1.0,-4.159
G102*,64.0,1.0,-4.159
Y104W,65.0,1.0,-4.174
G95*,65.0,1.0,-4.174
G101W,65.0,1.0,-4.174
I106R,65.0,1.0,-4.174
G172H,66.0,1.0,-4.19
T96*,66.0,1.0,-4.19
D100T,66.0,1.0,-4.19
V97G,67.0,1.0,-4.205
H148S,68.0,1.0,-4.22
R111V,68.0,1.0,-4.22
W128A,68.0,1.0,-4.22
G102P,69.0,1.0,-4.234
Y104T,70.0,1.0,-4.248
W152T,70.0,1.0,-4.248
S146W,70.0,1.0,-4.248
T123*,70.0,1.0,-4.248
I106A,70.0,1.0,-4.248
Y127T,70.0,1.0,-4.248
S176W,71.0,1.0,-4.263
T144L,71.0,1.0,-4.263
S129L,71.0,1.0,-4.263
N150R,71.0,1.0,-4.263
A141L,71.0,1.0,-4.263
Q126P,72.0,1.0,-4.277
F145E,72.0,1.0,-4.277
G101P,72.0,1.0,-4.277
W163T,73.0,1.0,-4.29
T144V,73.0,1.0,-4.29
M168A,74.0,1.0,-4.304
V97E,74.0,1.0,-4.304
V97N,74.0,1.0,-4.304
Y127A,74.0,1.0,-4.304
G172L,299.0,4.0,-4.314
T142E,75.0,1.0,-4.317
Q126T,75.0,1.0,-4.317
S116L,75.0,1.0,-4.317
G177E,77.0,1.0,-4.344
D105W,77.0,1.0,-4.344
A151R,77.0,1.0,-4.344
D100A,77.0,1.0,-4.344
G102W,77.0,1.0,-4.344
S116R,78.0,1.0,-4.357
V167R,79.0,1.0,-4.369
G102T,79.0,1.0,-4.369
T142L,81.0,1.0,-4.394
N147G,82.0,1.0,-4.407
K94C,82.0,1.0,-4.407
S139*,82.0,1.0,-4.407
Y127R,82.0,1.0,-4.407
V183P,83.0,1.0,-4.419
G177P,84.0,1.0,-4.431
T108L,84.0,1.0,-4.431
L159G,85.0,1.0,-4.443
S116V,85.0,1.0,-4.443
Y104A,87.0,1.0,-4.466
N113R,88.0,1.0,-4.477
W152I,88.0,1.0,-4.477
D100S,88.0,1.0,-4.477
V97*,88.0,1.0,-4.477
Y165W,89.0,1.0,-4.489
H148V,90.0,1.0,-4.5
T170R,91.0,1.0,-4.511
T109Q,93.0,1.0,-4.533
I106G,93.0,1.0,-4.533
Y127G,93.0,1.0,-4.533
T109Y,94.0,1.0,-4.543
G172Q,95.0,1.0,-4.554
G172*,95.0,1.0,-4.554
T144G,95.0,1.0,-4.554
S176L,96.0,1.0,-4.564
Y107A,96.0,1.0,-4.564
M157R,98.0,1.0,-4.585
V97T,98.0,1.0,-4.585
G172K,99.0,1.0,-4.595
F124A,100.0,1.0,-4.605
T96W,102.0,1.0,-4.625
S129G,102.0,1.0,-4.625
Q166C,103.0,1.0,-4.635
D105S,103.0,1.0,-4.635
T122*,105.0,1.0,-4.654
M168S,105.0,1.0,-4.654
H148G,108.0,1.0,-4.682
W152A,109.0,1.0,-4.691
T137R,110.0,1.0,-4.7
L159R,111.0,1.0,-4.71
V97W,111.0,1.0,-4.71
G172M,113.0,1.0,-4.727
G172T,113.0,1.0,-4.727
F145W,114.0,1.0,-4.736
G95L,117.0,1.0,-4.762
F145A,121.0,1.0,-4.796
T142V,123.0,1.0,-4.812
V97P,127.0,1.0,-4.844
Y107V,131.0,1.0,-4.875
M168G,133.0,1.0,-4.89
W152V,134.0,1.0,-4.898
Y104L,137.0,1.0,-4.92
P136G,143.0,1.0,-4.963
D105R,143.0,1.0,-4.963
G172W,144.0,1.0,-4.97
Y104V,145.0,1.0,-4.977
Y104R,151.0,1.0,-5.017
Q166S,153.0,1.0,-5.03
M157G,156.0,1.0,-5.05
Y165R,177.0,1.0,-5.176
Q166G,192.0,1.0,-5.257
Q132V,192.0,1.0,-5.257
