Y87T,12.0,170.0,2.651
T86Q,16.0,143.0,2.19
G85Y,19.0,156.0,2.105
D10R,28.0,213.0,2.029
S34L,63.0,463.0,1.995
W41D,12.0,80.0,1.897
A66M,21.0,138.0,1.883
T49Y,16.0,93.0,1.76
T90V,105.0,581.0,1.711
N31M,16.0,87.0,1.693
T90F,19.0,102.0,1.681
A64W,15.0,79.0,1.661
A66C,55.0,274.0,1.606
T90Q,21.0,103.0,1.59
S21K,18.0,88.0,1.587
G12N,73.0,349.0,1.565
W62I,38.0,174.0,1.521
N60R,38.0,173.0,1.516
A66L,89.0,396.0,1.493
A66V,173.0,759.0,1.479
G85D,72.0,313.0,1.47
R88P,30.0,130.0,1.466
S1H,17.0,73.0,1.457
F47Q,16.0,68.0,1.447
R88W,49.0,207.0,1.441
D3A,72.0,302.0,1.434
R88H,53.0,222.0,1.432
A66S,95.0,395.0,1.425
R88G,169.0,699.0,1.42
N60I,23.0,95.0,1.418
S21I,11.0,44.0,1.386
Y93G,183.0,724.0,1.375
D10K,13.0,50.0,1.347
Y87I,15.0,57.0,1.335
D10A,28.0,99.0,1.263
Y93N,64.0,220.0,1.235
G61Y,16.0,54.0,1.216
S1D,24.0,80.0,1.204
V37I,25.0,83.0,1.2
D10S,36.0,119.0,1.196
T90W,69.0,227.0,1.191
N31F,12.0,39.0,1.179
W62N,47.0,152.0,1.174
R88V,72.0,226.0,1.144
D3C,30.0,94.0,1.142
R88M,14.0,43.0,1.122
L67M,29.0,88.0,1.11
P46Q,30.0,90.0,1.099
T49E,24.0,72.0,1.099
D10Y,29.0,86.0,1.087
D10I,17.0,49.0,1.059
T32C,32.0,92.0,1.056
G85F,31.0,89.0,1.055
A66T,68.0,195.0,1.053
N19V,286.0,810.0,1.041
T43H,12.0,33.0,1.012
T86H,16.0,43.0,0.989
N7E,34.0,91.0,0.984
D82I,12.0,31.0,0.949
N19P,81.0,209.0,0.948
T49N,27.0,69.0,0.938
W84E,19.0,48.0,0.927
N19H,70.0,176.0,0.922
S45G,405.0,999.0,0.903
N51W,27.0,65.0,0.879
Y93K,58.0,139.0,0.874
R48S,81.0,192.0,0.863
S1V,88.0,208.0,0.86
R48T,25.0,58.0,0.842
Y87A,50.0,115.0,0.833
L75Q,29.0,66.0,0.822
N19L,233.0,528.0,0.818
K39L,62.0,140.0,0.815
R48A,43.0,97.0,0.814
W62V,107.0,241.0,0.812
N28M,12.0,27.0,0.811
A58N,12.0,27.0,0.811
R48W,60.0,134.0,0.803
S83H,43.0,96.0,0.803
N51C,13.0,29.0,0.802
I14G,51.0,113.0,0.796
R48F,15.0,33.0,0.788
D82E,70.0,153.0,0.782
T49I,39.0,84.0,0.767
N7F,34.0,73.0,0.764
G33I,14.0,30.0,0.762
Y87N,50.0,107.0,0.761
S26T,76.0,162.0,0.757
T49H,16.0,34.0,0.754
W62K,29.0,61.0,0.744
D10V,45.0,94.0,0.737
T49C,14.0,29.0,0.728
N19I,117.0,242.0,0.727
N51L,45.0,93.0,0.726
G38F,18.0,37.0,0.721
T32S,88.0,178.0,0.704
T90A,175.0,353.0,0.702
Y87S,81.0,163.0,0.699
A58K,28.0,55.0,0.675
V56T,32.0,62.0,0.661
T32G,96.0,185.0,0.656
V36M,23.0,44.0,0.649
T49V,63.0,120.0,0.644
G20M,20.0,38.0,0.642
T49R,77.0,146.0,0.64
N24L,87.0,163.0,0.628
N31H,15.0,28.0,0.624
S34H,12.0,22.0,0.606
T86V,35.0,64.0,0.604
A58W,23.0,42.0,0.602
S26H,17.0,31.0,0.601
N19W,167.0,304.0,0.599
G55K,11.0,20.0,0.598
S21F,52.0,94.0,0.592
D3T,47.0,84.0,0.581
A58R,82.0,144.0,0.563
S30H,12.0,21.0,0.56
S83T,80.0,140.0,0.56
S73T,59.0,103.0,0.557
A66E,32.0,55.0,0.542
F8W,78.0,134.0,0.541
G20L,71.0,121.0,0.533
G22H,20.0,34.0,0.531
T86S,107.0,180.0,0.52
S21E,63.0,105.0,0.511
W62M,37.0,61.0,0.5
A58E,31.0,51.0,0.498
S45F,67.0,110.0,0.496
Y87P,25.0,41.0,0.495
N24Y,52.0,85.0,0.491
N19Q,89.0,145.0,0.488
Y93A,91.0,144.0,0.459
S26R,134.0,210.0,0.449
V18I,118.0,184.0,0.444
F47T,38.0,59.0,0.44
D10N,58.0,90.0,0.439
T86D,11.0,17.0,0.435
Y87C,110.0,170.0,0.435
D3I,13.0,20.0,0.431
V80W,43.0,66.0,0.428
W5F,68.0,104.0,0.425
R48H,78.0,117.0,0.405
T2P,70.0,105.0,0.405
N53K,49.0,73.0,0.399
T90E,79.0,117.0,0.393
G22E,17.0,25.0,0.386
D3E,62.0,91.0,0.384
N28I,50.0,73.0,0.378
T86A,100.0,144.0,0.365
Y52H,50.0,72.0,0.365
S26E,47.0,67.0,0.355
S30M,12.0,17.0,0.348
G55E,32.0,45.0,0.341
D3N,47.0,66.0,0.34
T42F,20.0,28.0,0.336
D100V,14.0,19.0,0.305
N7C,48.0,65.0,0.303
T9V,29.0,39.0,0.296
T43S,108.0,145.0,0.295
N16E,27.0,36.0,0.288
W62Y,44.0,58.0,0.276
V68I,33.0,43.0,0.265
K94M,106.0,135.0,0.242
W62S,95.0,121.0,0.242
K39T,30.0,38.0,0.236
A58S,70.0,88.0,0.229
N51A,47.0,59.0,0.227
S34K,16.0,20.0,0.223
G55V,65.0,81.0,0.22
S1M,43.0,53.0,0.209
N60V,36.0,44.0,0.201
S26C,51.0,62.0,0.195
T49P,14.0,17.0,0.194
S83D,42.0,51.0,0.194
T49L,61.0,74.0,0.193
F8Y,24.0,29.0,0.189
S73R,130.0,156.0,0.182
I14M,26.0,31.0,0.176
I76T,63.0,75.0,0.174
I14Y,16.0,19.0,0.172
Y78N,11.0,13.0,0.167
S99P,11.0,13.0,0.167
Y93S,122.0,144.0,0.166
V56A,56.0,66.0,0.164
G22A,57.0,67.0,0.162
G55M,23.0,27.0,0.16
S26N,29.0,34.0,0.159
R48C,101.0,118.0,0.156
Y78H,37.0,43.0,0.15
S34A,51.0,59.0,0.146
Y52P,33.0,38.0,0.141
G22S,93.0,106.0,0.131
I14H,22.0,25.0,0.128
V15Q,54.0,61.0,0.122
K94R,529.0,592.0,0.113
Y25F,57.0,62.0,0.084
T2V,93.0,101.0,0.083
N31A,48.0,52.0,0.08
S45C,74.0,80.0,0.078
V97L,13.0,14.0,0.074
V18T,121.0,130.0,0.072
W89F,41.0,44.0,0.071
F47W,29.0,31.0,0.067
R48V,105.0,112.0,0.065
V68A,50.0,53.0,0.058
M0L,18.0,19.0,0.054
G95D,18.0,19.0,0.054
V81E,20.0,21.0,0.049
N24Q,42.0,44.0,0.047
V27E,27.0,28.0,0.036
T32A,93.0,96.0,0.032
D3G,160.0,163.0,0.019
F47A,54.0,55.0,0.018
A17C,63.0,64.0,0.016
N51G,69.0,70.0,0.014
N53A,11.0,11.0,0.0
N24K,62.0,62.0,0.0
S30E,13.0,13.0,0.0
S30A,32.0,32.0,0.0
S21A,96.0,96.0,0.0
D100N,39.0,39.0,0.0
G55C,46.0,46.0,0.0
T9A,81.0,80.0,-0.012
S45M,78.0,77.0,-0.013
G22C,78.0,76.0,-0.026
T2A,105.0,102.0,-0.029
T2C,31.0,30.0,-0.033
S26W,52.0,50.0,-0.039
P59L,100.0,96.0,-0.041
T96S,21.0,20.0,-0.049
F47G,57.0,54.0,-0.054
K98R,18.0,17.0,-0.057
G22T,36.0,34.0,-0.057
D3V,145.0,136.0,-0.064
S1P,48.0,45.0,-0.065
S45E,139.0,130.0,-0.067
V27T,30.0,28.0,-0.069
G12C,118.0,110.0,-0.07
S73W,70.0,65.0,-0.074
R88Y,13.0,12.0,-0.08
N19A,222.0,205.0,-0.08
A58L,75.0,69.0,-0.083
M0I,73.0,67.0,-0.086
Y93L,69.0,63.0,-0.091
D3S,76.0,69.0,-0.097
P46A,43.0,39.0,-0.098
V97A,21.0,19.0,-0.1
Y93F,62.0,56.0,-0.102
A77C,41.0,37.0,-0.103
T49A,89.0,80.0,-0.107
G85W,47.0,42.0,-0.112
L67V,63.0,56.0,-0.118
N24P,16.0,14.0,-0.134
N28E,28.0,24.0,-0.154
A58Q,28.0,24.0,-0.154
S73F,34.0,29.0,-0.159
K98*,27.0,23.0,-0.16
I76A,87.0,74.0,-0.162
N53D,40.0,34.0,-0.163
T9S,43.0,36.0,-0.178
T92S,542.0,453.0,-0.179
T92E,244.0,204.0,-0.179
G95S,12.0,10.0,-0.182
T86R,76.0,63.0,-0.188
A64G,81.0,67.0,-0.19
Y93H,251.0,207.0,-0.193
R72S,123.0,101.0,-0.197
G20S,78.0,64.0,-0.198
T96A,33.0,27.0,-0.201
S99F,27.0,22.0,-0.205
L6I,64.0,52.0,-0.208
I14V,74.0,60.0,-0.21
W41C,37.0,30.0,-0.21
S1Y,42.0,34.0,-0.211
N24R,57.0,46.0,-0.214
G13D,39.0,31.0,-0.23
G55L,39.0,31.0,-0.23
T43I,52.0,41.0,-0.238
D100G,33.0,26.0,-0.238
Y4C,65.0,51.0,-0.243
T49S,104.0,81.0,-0.25
K98E,27.0,21.0,-0.251
T49D,18.0,14.0,-0.251
G12A,147.0,114.0,-0.254
I50F,211.0,163.0,-0.258
G23V,13.0,10.0,-0.262
G40S,39.0,30.0,-0.262
N31Y,26.0,20.0,-0.262
V80I,90.0,69.0,-0.266
S73V,93.0,71.0,-0.27
D10W,21.0,16.0,-0.272
Y87H,66.0,50.0,-0.278
D100E,37.0,28.0,-0.279
W89P,53.0,40.0,-0.281
S45A,279.0,209.0,-0.289
W29*,83.0,62.0,-0.292
T86L,86.0,64.0,-0.295
G69D,35.0,26.0,-0.297
I14E,19.0,14.0,-0.305
S73L,102.0,75.0,-0.307
T96N,11.0,8.0,-0.318
G95C,11.0,8.0,-0.318
I76H,18.0,13.0,-0.325
G22R,89.0,64.0,-0.33
G12T,120.0,86.0,-0.333
D3W,56.0,40.0,-0.336
G44D,28.0,20.0,-0.336
G55S,80.0,57.0,-0.339
A64S,52.0,37.0,-0.34
G44S,62.0,44.0,-0.343
T90I,57.0,40.0,-0.354
W70*,90.0,62.0,-0.373
S1T,50.0,34.0,-0.386
W62G,124.0,84.0,-0.389
D82G,4460.0,3021.0,-0.39
W89C,129.0,87.0,-0.394
T32I,49.0,33.0,-0.395
G55A,49.0,33.0,-0.395
R88D,24.0,16.0,-0.405
K98I,12.0,8.0,-0.405
W62R,141.0,93.0,-0.416
V97I,47.0,31.0,-0.416
T42I,55.0,36.0,-0.424
N19E,133.0,87.0,-0.424
G20C,57.0,37.0,-0.432
W89E,31.0,20.0,-0.438
W84R,128.0,82.0,-0.445
T96I,33.0,21.0,-0.452
S45T,132.0,84.0,-0.452
S83A,96.0,61.0,-0.453
D10E,30.0,19.0,-0.457
S99Y,19.0,12.0,-0.46
N24C,43.0,27.0,-0.465
Y52G,99.0,62.0,-0.468
R88Q,24.0,15.0,-0.47
Y87V,64.0,40.0,-0.47
W29Q,37.0,23.0,-0.475
N53S,94.0,58.0,-0.483
N24V,110.0,67.0,-0.496
T71P,51.0,31.0,-0.498
Y25H,51.0,31.0,-0.498
V68D,28.0,17.0,-0.499
L67S,28.0,17.0,-0.499
M0V,30.0,18.0,-0.511
G22M,20.0,12.0,-0.511
W62D,35.0,21.0,-0.511
A17V,199.0,119.0,-0.514
P46L,77.0,46.0,-0.515
W29L,87.0,52.0,-0.515
V36I,56.0,33.0,-0.529
Y78F,34.0,20.0,-0.531
S1E,41.0,24.0,-0.536
V80D,65.0,38.0,-0.537
N24S,84.0,49.0,-0.539
V15I,111.0,64.0,-0.551
K98N,14.0,8.0,-0.56
N16D,37.0,21.0,-0.566
Y87W,37.0,21.0,-0.566
I14T,60.0,34.0,-0.568
T43V,46.0,26.0,-0.571
G13S,55.0,31.0,-0.573
V36L,71.0,40.0,-0.574
N7Y,64.0,36.0,-0.575
F47I,16.0,9.0,-0.575
T43R,66.0,37.0,-0.579
W89L,132.0,74.0,-0.579
T9I,59.0,33.0,-0.581
N24M,18.0,10.0,-0.588
T42S,99.0,55.0,-0.588
W41R,121.0,67.0,-0.591
G40R,69.0,38.0,-0.597
S83F,111.0,61.0,-0.599
S73A,104.0,57.0,-0.601
T90D,64.0,35.0,-0.604
T90P,99.0,54.0,-0.606
N31*,11.0,6.0,-0.606
T42L,24.0,13.0,-0.613
Y4M,13.0,7.0,-0.619
Y78C,39.0,21.0,-0.619
N28R,62.0,33.0,-0.631
K94V,403.0,210.0,-0.652
W41*,100.0,52.0,-0.654
S26F,56.0,29.0,-0.658
S83W,66.0,34.0,-0.663
G11S,63.0,32.0,-0.677
R88L,85.0,43.0,-0.681
S30F,68.0,34.0,-0.693
A64T,36.0,18.0,-0.693
K39A,80.0,40.0,-0.693
L65W,34.0,17.0,-0.693
A77T,106.0,53.0,-0.693
G23S,30.0,15.0,-0.693
T2I,48.0,24.0,-0.693
N51I,38.0,19.0,-0.693
V37F,38.0,19.0,-0.693
A17S,155.0,77.0,-0.7
A58V,175.0,86.0,-0.71
N24D,45.0,22.0,-0.716
G23D,45.0,22.0,-0.716
D100Y,27.0,13.0,-0.731
S73M,52.0,25.0,-0.732
G22D,44.0,21.0,-0.74
V97D,21.0,10.0,-0.742
A64V,143.0,68.0,-0.743
W84*,95.0,45.0,-0.747
G38S,57.0,27.0,-0.747
A17*,57.0,27.0,-0.747
R72H,110.0,52.0,-0.749
W62F,70.0,33.0,-0.752
S73G,113.0,53.0,-0.757
P46S,47.0,22.0,-0.759
G69T,30.0,14.0,-0.762
F35S,127.0,59.0,-0.767
G91A,320.0,148.0,-0.771
L65Q,13.0,6.0,-0.773
T71S,91.0,42.0,-0.773
W57R,204.0,94.0,-0.775
A58T,57.0,26.0,-0.785
N53R,55.0,25.0,-0.788
Y4F,71.0,32.0,-0.797
F47L,127.0,57.0,-0.801
S30T,38.0,17.0,-0.804
Y93R,211.0,94.0,-0.809
V18C,144.0,64.0,-0.811
G22P,34.0,15.0,-0.818
V18L,331.0,146.0,-0.819
N28A,59.0,26.0,-0.819
F47Y,25.0,11.0,-0.821
T86I,66.0,29.0,-0.822
V80S,89.0,39.0,-0.825
N28G,103.0,45.0,-0.828
R72P,62.0,27.0,-0.831
V15F,76.0,33.0,-0.834
G63D,53.0,23.0,-0.835
V18E,67.0,29.0,-0.837
P74Q,37.0,16.0,-0.838
W62*,95.0,41.0,-0.84
M0K,21.0,9.0,-0.847
M0T,28.0,12.0,-0.847
K39I,35.0,15.0,-0.847
K39N,42.0,18.0,-0.847
G11D,33.0,14.0,-0.857
P46R,52.0,22.0,-0.86
T71I,52.0,22.0,-0.86
R88A,86.0,36.0,-0.871
N51D,48.0,20.0,-0.875
G38D,53.0,22.0,-0.879
G12D,94.0,39.0,-0.88
W70R,198.0,82.0,-0.882
Y4H,51.0,21.0,-0.887
S26D,64.0,26.0,-0.901
I14F,42.0,17.0,-0.904
Y93M,47.0,19.0,-0.906
S30P,92.0,37.0,-0.911
A54V,87.0,35.0,-0.911
N24I,65.0,26.0,-0.916
W57*,120.0,48.0,-0.916
G91C,153.0,61.0,-0.92
T92I,179.0,71.0,-0.925
W89*,109.0,43.0,-0.93
W5M,137.0,54.0,-0.931
G44C,28.0,11.0,-0.934
S30G,74.0,29.0,-0.937
V27I,64.0,25.0,-0.94
G40D,41.0,16.0,-0.941
A54T,59.0,23.0,-0.942
T92W,189.0,73.0,-0.951
S21G,158.0,61.0,-0.952
W5Y,78.0,30.0,-0.956
N19S,325.0,125.0,-0.956
L65P,89.0,34.0,-0.962
S26A,84.0,32.0,-0.965
S34T,50.0,19.0,-0.968
G12Q,61.0,23.0,-0.975
S30Y,48.0,18.0,-0.981
T43K,16.0,6.0,-0.981
S73Y,16.0,6.0,-0.981
S83*,48.0,18.0,-0.981
G85S,89.0,33.0,-0.992
S1R,125.0,46.0,-1.0
V18N,68.0,25.0,-1.001
T2S,120.0,44.0,-1.003
T92N,131.0,48.0,-1.004
W84C,82.0,30.0,-1.006
G33C,63.0,23.0,-1.008
V18K,44.0,16.0,-1.012
G40C,33.0,12.0,-1.012
K94Q,47.0,17.0,-1.017
G38C,39.0,14.0,-1.025
S26P,53.0,19.0,-1.026
G23C,14.0,5.0,-1.03
W84G,93.0,33.0,-1.036
N28Y,51.0,18.0,-1.041
T42A,68.0,24.0,-1.041
F35T,34.0,12.0,-1.041
S45D,88.0,31.0,-1.043
R72C,105.0,37.0,-1.043
A58G,114.0,40.0,-1.047
N53I,20.0,7.0,-1.05
V27G,163.0,57.0,-1.051
G85C,52.0,18.0,-1.061
N16K,29.0,10.0,-1.065
G20D,35.0,12.0,-1.07
L75M,35.0,12.0,-1.07
N16R,44.0,15.0,-1.076
G55D,44.0,15.0,-1.076
N7D,44.0,15.0,-1.076
T42G,47.0,16.0,-1.078
S34P,47.0,16.0,-1.078
N60D,56.0,19.0,-1.081
K39E,59.0,20.0,-1.082
G12V,186.0,63.0,-1.083
V15C,140.0,47.0,-1.091
V36D,30.0,10.0,-1.099
N31D,63.0,21.0,-1.099
N53Y,21.0,7.0,-1.099
G12E,21.0,7.0,-1.099
Y25L,78.0,26.0,-1.099
A17T,138.0,46.0,-1.099
T86N,21.0,7.0,-1.099
N19R,337.0,112.0,-1.102
W5*,208.0,69.0,-1.103
G33D,61.0,20.0,-1.115
R88C,92.0,30.0,-1.121
N51Y,43.0,14.0,-1.122
D82N,59.0,19.0,-1.133
A77V,137.0,44.0,-1.136
P74L,113.0,36.0,-1.144
K39R,157.0,50.0,-1.144
N7I,66.0,21.0,-1.145
W5A,290.0,92.0,-1.148
W89V,105.0,33.0,-1.157
N7R,83.0,26.0,-1.161
D10P,16.0,5.0,-1.163
S45K,68.0,21.0,-1.175
P46G,81.0,25.0,-1.176
P59S,78.0,24.0,-1.179
G61S,111.0,34.0,-1.183
D82H,23.0,7.0,-1.19
Y93C,46.0,14.0,-1.19
F8I,33.0,10.0,-1.194
S45L,192.0,58.0,-1.197
G61D,60.0,18.0,-1.204
G13C,30.0,9.0,-1.204
V37G,104.0,31.0,-1.21
K94C,169.0,50.0,-1.218
V56I,44.0,13.0,-1.219
N16Y,44.0,13.0,-1.219
N51E,34.0,10.0,-1.224
N60S,116.0,34.0,-1.227
R72W,55.0,16.0,-1.235
S45Q,62.0,18.0,-1.237
V27D,38.0,11.0,-1.24
F35G,114.0,33.0,-1.24
A77E,52.0,15.0,-1.243
S26G,185.0,53.0,-1.25
L67P,35.0,10.0,-1.253
V37A,126.0,36.0,-1.253
T43A,67.0,19.0,-1.26
F35L,134.0,38.0,-1.26
N19*,127.0,36.0,-1.261
W62H,46.0,13.0,-1.264
Y79H,92.0,26.0,-1.264
T92Q,158.0,44.0,-1.278
W62P,54.0,15.0,-1.281
W57E,40.0,11.0,-1.291
Y87F,40.0,11.0,-1.291
Y4L,62.0,17.0,-1.294
N19M,106.0,29.0,-1.296
P46T,22.0,6.0,-1.299
G85A,77.0,21.0,-1.299
V18G,235.0,64.0,-1.301
N31G,114.0,31.0,-1.302
Y25C,81.0,22.0,-1.303
V15W,162.0,44.0,-1.303
N51S,78.0,21.0,-1.312
S34F,52.0,14.0,-1.312
V18A,220.0,59.0,-1.316
G12F,116.0,31.0,-1.32
T42P,15.0,4.0,-1.322
Y4R,120.0,32.0,-1.322
Y52F,75.0,20.0,-1.322
L75P,113.0,30.0,-1.326
G63S,68.0,18.0,-1.329
F8L,99.0,26.0,-1.337
V81D,80.0,21.0,-1.338
V56D,23.0,6.0,-1.344
G33S,146.0,38.0,-1.346
W41L,54.0,14.0,-1.35
K94T,182.0,47.0,-1.354
F47S,105.0,27.0,-1.358
N31S,74.0,19.0,-1.36
I14N,39.0,10.0,-1.361
V56R,63.0,16.0,-1.371
S1F,67.0,17.0,-1.371
A77R,130.0,33.0,-1.371
K94P,162.0,41.0,-1.374
S45R,372.0,94.0,-1.376
I50N,95.0,24.0,-1.376
W89A,103.0,26.0,-1.377
T71V,68.0,17.0,-1.386
K94N,89.0,22.0,-1.398
W29R,162.0,40.0,-1.399
P74S,69.0,17.0,-1.401
V68F,41.0,10.0,-1.411
N16I,37.0,9.0,-1.414
N7S,103.0,25.0,-1.416
G69C,29.0,7.0,-1.421
S45V,253.0,61.0,-1.423
S73P,75.0,18.0,-1.427
V37D,50.0,12.0,-1.427
S1C,46.0,11.0,-1.431
G61C,63.0,15.0,-1.435
G69S,63.0,15.0,-1.435
L6V,284.0,67.0,-1.444
V15M,86.0,20.0,-1.459
T32P,26.0,6.0,-1.466
T71N,26.0,6.0,-1.466
N31K,39.0,9.0,-1.466
V81I,74.0,17.0,-1.471
F8S,109.0,25.0,-1.472
S1A,22.0,5.0,-1.482
I76F,44.0,10.0,-1.482
N60K,31.0,7.0,-1.488
V18W,98.0,22.0,-1.494
G11C,18.0,4.0,-1.504
A66I,27.0,6.0,-1.504
F35I,27.0,6.0,-1.504
W5D,95.0,21.0,-1.509
N28D,59.0,13.0,-1.513
F35Y,41.0,9.0,-1.516
T92A,748.0,164.0,-1.518
G13V,78.0,17.0,-1.523
N51K,46.0,10.0,-1.526
V18R,219.0,47.0,-1.539
Y79C,136.0,29.0,-1.545
T92D,184.0,39.0,-1.551
V15T,90.0,19.0,-1.555
Y79F,90.0,19.0,-1.555
N60T,38.0,8.0,-1.558
S21L,76.0,16.0,-1.558
I50Y,125.0,26.0,-1.57
S30R,53.0,11.0,-1.572
W5G,546.0,113.0,-1.575
G12S,290.0,60.0,-1.576
L6P,203.0,42.0,-1.576
N28S,63.0,13.0,-1.578
V36A,64.0,13.0,-1.594
V36F,30.0,6.0,-1.609
Y4N,35.0,7.0,-1.609
P59T,40.0,8.0,-1.609
W29C,35.0,7.0,-1.609
R88S,111.0,22.0,-1.618
S45P,96.0,19.0,-1.62
A17E,76.0,15.0,-1.623
S83G,213.0,42.0,-1.624
G12L,273.0,53.0,-1.639
G63C,31.0,6.0,-1.642
G33L,93.0,18.0,-1.642
K94L,286.0,55.0,-1.649
S45*,97.0,18.0,-1.684
N19Y,109.0,20.0,-1.696
W5T,142.0,26.0,-1.698
T9P,11.0,2.0,-1.705
G63W,55.0,10.0,-1.705
T42N,22.0,4.0,-1.705
K39*,33.0,6.0,-1.705
T90S,160.0,29.0,-1.708
N60Y,61.0,11.0,-1.713
W57C,122.0,22.0,-1.713
N31I,28.0,5.0,-1.723
Y25N,45.0,8.0,-1.727
G40A,17.0,3.0,-1.735
N7H,17.0,3.0,-1.735
G91S,273.0,48.0,-1.738
V81A,114.0,20.0,-1.74
L6G,466.0,81.0,-1.75
W70C,52.0,9.0,-1.754
F35R,87.0,15.0,-1.758
I76V,99.0,17.0,-1.762
I50*,147.0,25.0,-1.772
V15L,206.0,35.0,-1.773
G38V,59.0,10.0,-1.775
R48P,30.0,5.0,-1.792
D82V,165.0,27.0,-1.81
S83P,86.0,14.0,-1.815
G85V,93.0,15.0,-1.825
G33M,31.0,5.0,-1.825
W62C,81.0,13.0,-1.829
N7V,75.0,12.0,-1.833
N24W,19.0,3.0,-1.846
A17F,57.0,9.0,-1.846
T2N,51.0,8.0,-1.852
V56F,45.0,7.0,-1.861
I76N,58.0,9.0,-1.863
G11V,26.0,4.0,-1.872
L67Q,26.0,4.0,-1.872
D82R,184.0,28.0,-1.883
S30C,33.0,5.0,-1.887
K94E,152.0,23.0,-1.888
Y79N,53.0,8.0,-1.891
A54G,41.0,6.0,-1.922
D3Y,42.0,6.0,-1.946
D3H,14.0,2.0,-1.946
W84L,70.0,10.0,-1.946
V18D,77.0,11.0,-1.946
A64E,21.0,3.0,-1.946
G69V,42.0,6.0,-1.946
N51H,14.0,2.0,-1.946
R72G,149.0,21.0,-1.959
G91D,114.0,16.0,-1.964
V80A,93.0,13.0,-1.968
V27F,36.0,5.0,-1.974
G33V,94.0,13.0,-1.978
T71A,94.0,13.0,-1.978
W57L,116.0,16.0,-1.981
I76S,95.0,13.0,-1.989
D10G,74.0,10.0,-2.001
A54E,37.0,5.0,-2.001
K94I,89.0,12.0,-2.004
Y93E,52.0,7.0,-2.005
A77G,149.0,20.0,-2.008
L65V,45.0,6.0,-2.015
W41S,45.0,6.0,-2.015
G22V,75.0,10.0,-2.015
Y87D,30.0,4.0,-2.015
V56G,92.0,12.0,-2.037
V80K,23.0,3.0,-2.037
S26Y,62.0,8.0,-2.048
W89R,171.0,22.0,-2.051
S1N,39.0,5.0,-2.054
A54S,55.0,7.0,-2.061
N24G,95.0,12.0,-2.069
N51V,48.0,6.0,-2.079
S21P,65.0,8.0,-2.095
P59Q,41.0,5.0,-2.104
G13A,33.0,4.0,-2.11
G85I,33.0,4.0,-2.11
G20V,33.0,4.0,-2.11
A54P,25.0,3.0,-2.12
T32N,17.0,2.0,-2.14
Y52C,112.0,13.0,-2.154
I50V,518.0,60.0,-2.156
G33R,121.0,14.0,-2.157
V27R,89.0,10.0,-2.186
V27A,98.0,11.0,-2.187
G11R,27.0,3.0,-2.197
G44A,18.0,2.0,-2.197
G11A,37.0,4.0,-2.225
I50L,359.0,38.0,-2.246
W70S,76.0,8.0,-2.251
Y52N,67.0,7.0,-2.259
I50S,365.0,38.0,-2.262
N19D,127.0,13.0,-2.279
N19K,98.0,10.0,-2.282
T9N,20.0,2.0,-2.303
N53T,40.0,4.0,-2.303
S26V,80.0,8.0,-2.303
T86P,50.0,5.0,-2.303
G63V,71.0,7.0,-2.317
T92G,697.0,68.0,-2.327
I50T,165.0,16.0,-2.333
T90N,31.0,3.0,-2.335
W5C,136.0,13.0,-2.348
W84S,42.0,4.0,-2.351
S83Y,42.0,4.0,-2.351
Y25*,63.0,6.0,-2.351
F47V,42.0,4.0,-2.351
N28V,53.0,5.0,-2.361
T43N,32.0,3.0,-2.367
W70L,128.0,12.0,-2.367
T92V,798.0,74.0,-2.378
A17L,162.0,15.0,-2.38
S21T,54.0,5.0,-2.38
N19G,450.0,41.0,-2.396
P46F,11.0,1.0,-2.398
V36K,11.0,1.0,-2.398
R72K,11.0,1.0,-2.398
L65D,11.0,1.0,-2.398
N53Q,11.0,1.0,-2.398
V68E,11.0,1.0,-2.398
V68P,11.0,1.0,-2.398
R88*,11.0,1.0,-2.398
G63I,11.0,1.0,-2.398
N60W,11.0,1.0,-2.398
G13H,11.0,1.0,-2.398
D82Y,33.0,3.0,-2.398
P74Y,11.0,1.0,-2.398
L65Y,11.0,1.0,-2.398
T32Y,11.0,1.0,-2.398
G20R,44.0,4.0,-2.398
W41I,11.0,1.0,-2.398
S21H,11.0,1.0,-2.398
G55P,11.0,1.0,-2.398
S34N,11.0,1.0,-2.398
N51P,11.0,1.0,-2.398
W5R,498.0,45.0,-2.404
V37L,56.0,5.0,-2.416
R48L,91.0,8.0,-2.431
A77S,116.0,10.0,-2.451
F35V,94.0,8.0,-2.464
P46M,12.0,1.0,-2.485
V68Q,12.0,1.0,-2.485
S30K,12.0,1.0,-2.485
G11K,12.0,1.0,-2.485
D10Q,12.0,1.0,-2.485
D10F,12.0,1.0,-2.485
G63Y,12.0,1.0,-2.485
G38E,12.0,1.0,-2.485
N60*,12.0,1.0,-2.485
G69E,12.0,1.0,-2.485
N28F,12.0,1.0,-2.485
G40M,12.0,1.0,-2.485
G40E,12.0,1.0,-2.485
T42D,12.0,1.0,-2.485
L67*,12.0,1.0,-2.485
P74H,12.0,1.0,-2.485
G44I,12.0,1.0,-2.485
F35N,12.0,1.0,-2.485
N31T,36.0,3.0,-2.485
R48*,12.0,1.0,-2.485
G44M,12.0,1.0,-2.485
G44V,48.0,4.0,-2.485
W41Q,12.0,1.0,-2.485
N16Q,12.0,1.0,-2.485
I14P,12.0,1.0,-2.485
N7M,12.0,1.0,-2.485
N7K,36.0,3.0,-2.485
Y4*,61.0,5.0,-2.501
G13R,49.0,4.0,-2.506
V81F,37.0,3.0,-2.512
N16S,75.0,6.0,-2.526
V15S,238.0,19.0,-2.528
A17P,76.0,6.0,-2.539
Y79*,64.0,5.0,-2.549
K94*,77.0,6.0,-2.552
F8V,77.0,6.0,-2.552
P46*,13.0,1.0,-2.565
S30*,13.0,1.0,-2.565
S1G,195.0,15.0,-2.565
D10T,13.0,1.0,-2.565
G40P,13.0,1.0,-2.565
A64D,13.0,1.0,-2.565
P74M,13.0,1.0,-2.565
S73N,13.0,1.0,-2.565
T32K,13.0,1.0,-2.565
Y25Q,13.0,1.0,-2.565
T32F,13.0,1.0,-2.565
G69K,13.0,1.0,-2.565
T86K,13.0,1.0,-2.565
T71F,13.0,1.0,-2.565
T71K,13.0,1.0,-2.565
R48I,13.0,1.0,-2.565
T2F,13.0,1.0,-2.565
G44K,13.0,1.0,-2.565
W41M,13.0,1.0,-2.565
G22Q,13.0,1.0,-2.565
G55*,13.0,1.0,-2.565
N16H,13.0,1.0,-2.565
G55F,13.0,1.0,-2.565
N51*,13.0,1.0,-2.565
G38A,40.0,3.0,-2.59
N16T,41.0,3.0,-2.615
V56N,14.0,1.0,-2.639
W84I,14.0,1.0,-2.639
V68M,14.0,1.0,-2.639
D10C,14.0,1.0,-2.639
A66H,14.0,1.0,-2.639
N60E,14.0,1.0,-2.639
G40L,14.0,1.0,-2.639
T42W,14.0,1.0,-2.639
A64I,14.0,1.0,-2.639
P74C,14.0,1.0,-2.639
G38I,14.0,1.0,-2.639
G63Q,14.0,1.0,-2.639
T32M,14.0,1.0,-2.639
G69Q,14.0,1.0,-2.639
W29Y,14.0,1.0,-2.639
A54Y,14.0,1.0,-2.639
R88K,14.0,1.0,-2.639
T71Y,14.0,1.0,-2.639
A77I,14.0,1.0,-2.639
N31W,14.0,1.0,-2.639
W41K,14.0,1.0,-2.639
W41N,14.0,1.0,-2.639
W70Q,14.0,1.0,-2.639
G55I,14.0,1.0,-2.639
Y87*,42.0,3.0,-2.639
Y87K,14.0,1.0,-2.639
L6Q,114.0,8.0,-2.657
Y52*,57.0,4.0,-2.657
R72L,100.0,7.0,-2.659
G61V,86.0,6.0,-2.663
L6M,86.0,6.0,-2.663
Y4D,29.0,2.0,-2.674
S21C,29.0,2.0,-2.674
W29S,73.0,5.0,-2.681
N53H,15.0,1.0,-2.708
V68Y,15.0,1.0,-2.708
W89K,15.0,1.0,-2.708
G11E,15.0,1.0,-2.708
G11L,15.0,1.0,-2.708
N28K,30.0,2.0,-2.708
T42Q,15.0,1.0,-2.708
L67E,15.0,1.0,-2.708
A64*,15.0,1.0,-2.708
T43P,30.0,2.0,-2.708
P59D,15.0,1.0,-2.708
P59H,15.0,1.0,-2.708
V27M,15.0,1.0,-2.708
S73H,15.0,1.0,-2.708
W29F,15.0,1.0,-2.708
W29N,15.0,1.0,-2.708
G61I,15.0,1.0,-2.708
A54N,15.0,1.0,-2.708
G85K,15.0,1.0,-2.708
T49K,15.0,1.0,-2.708
W41P,15.0,1.0,-2.708
W70I,15.0,1.0,-2.708
G22K,15.0,1.0,-2.708
F8Q,15.0,1.0,-2.708
G85M,15.0,1.0,-2.708
F47K,15.0,1.0,-2.708
F47D,15.0,1.0,-2.708
G85R,123.0,8.0,-2.733
D82A,124.0,8.0,-2.741
V36E,16.0,1.0,-2.773
R72I,16.0,1.0,-2.773
G11F,16.0,1.0,-2.773
D10L,16.0,1.0,-2.773
G69P,16.0,1.0,-2.773
G13I,16.0,1.0,-2.773
G40V,48.0,3.0,-2.773
L67T,16.0,1.0,-2.773
T43F,16.0,1.0,-2.773
V27Q,16.0,1.0,-2.773
V27H,16.0,1.0,-2.773
V27N,16.0,1.0,-2.773
T32E,16.0,1.0,-2.773
G20F,16.0,1.0,-2.773
A54Q,16.0,1.0,-2.773
T86M,16.0,1.0,-2.773
T49Q,16.0,1.0,-2.773
S21N,16.0,1.0,-2.773
W70N,16.0,1.0,-2.773
N51Q,16.0,1.0,-2.773
N16P,16.0,1.0,-2.773
L75N,16.0,1.0,-2.773
F47*,16.0,1.0,-2.773
G63R,67.0,4.0,-2.818
V81N,17.0,1.0,-2.833
V56Q,17.0,1.0,-2.833
V56C,17.0,1.0,-2.833
D3K,17.0,1.0,-2.833
W84M,17.0,1.0,-2.833
N31P,17.0,1.0,-2.833
N53W,17.0,1.0,-2.833
V68K,17.0,1.0,-2.833
S30Q,17.0,1.0,-2.833
G11W,17.0,1.0,-2.833
A66Q,17.0,1.0,-2.833
Y4W,51.0,3.0,-2.833
T43M,17.0,1.0,-2.833
K39Y,17.0,1.0,-2.833
G20N,17.0,1.0,-2.833
P59M,17.0,1.0,-2.833
L65*,17.0,1.0,-2.833
L65H,17.0,1.0,-2.833
G85Q,17.0,1.0,-2.833
W29H,17.0,1.0,-2.833
W29I,17.0,1.0,-2.833
W29M,17.0,1.0,-2.833
G44*,17.0,1.0,-2.833
G44F,17.0,1.0,-2.833
G33N,17.0,1.0,-2.833
T90H,17.0,1.0,-2.833
N51M,17.0,1.0,-2.833
W70T,17.0,1.0,-2.833
F8H,17.0,1.0,-2.833
S34C,51.0,3.0,-2.833
V80H,17.0,1.0,-2.833
G38R,69.0,4.0,-2.848
V15D,140.0,8.0,-2.862
V68H,18.0,1.0,-2.89
V68N,18.0,1.0,-2.89
G11T,18.0,1.0,-2.89
V18F,144.0,8.0,-2.89
S26K,18.0,1.0,-2.89
N60F,18.0,1.0,-2.89
G13N,18.0,1.0,-2.89
T42K,18.0,1.0,-2.89
Y4K,18.0,1.0,-2.89
A64C,18.0,1.0,-2.89
G20A,36.0,2.0,-2.89
T71Q,18.0,1.0,-2.89
A77Y,18.0,1.0,-2.89
I76Q,18.0,1.0,-2.89
T49F,18.0,1.0,-2.89
T49W,18.0,1.0,-2.89
F8N,18.0,1.0,-2.89
S34M,18.0,1.0,-2.89
L75H,18.0,1.0,-2.89
V80F,36.0,2.0,-2.89
V37*,18.0,1.0,-2.89
V37H,18.0,1.0,-2.89
I50M,127.0,7.0,-2.898
S73C,55.0,3.0,-2.909
S45Y,92.0,5.0,-2.912
V15A,263.0,14.0,-2.933
W84Q,19.0,1.0,-2.944
N24E,19.0,1.0,-2.944
S30I,19.0,1.0,-2.944
S26Q,19.0,1.0,-2.944
N28Q,19.0,1.0,-2.944
Y4P,19.0,1.0,-2.944
V27P,19.0,1.0,-2.944
T32Q,19.0,1.0,-2.944
A54M,19.0,1.0,-2.944
A54I,19.0,1.0,-2.944
A77P,38.0,2.0,-2.944
I76*,19.0,1.0,-2.944
T2Y,19.0,1.0,-2.944
G44P,19.0,1.0,-2.944
G22Y,19.0,1.0,-2.944
L75I,19.0,1.0,-2.944
V80N,19.0,1.0,-2.944
F47C,19.0,1.0,-2.944
A66P,58.0,3.0,-2.962
V36N,20.0,1.0,-2.996
W84T,20.0,1.0,-2.996
N53*,20.0,1.0,-2.996
G38M,20.0,1.0,-2.996
G63P,20.0,1.0,-2.996
G40*,20.0,1.0,-2.996
L67C,20.0,1.0,-2.996
A64M,20.0,1.0,-2.996
P74I,20.0,1.0,-2.996
K39C,20.0,1.0,-2.996
K39D,20.0,1.0,-2.996
P59E,20.0,1.0,-2.996
P59N,20.0,1.0,-2.996
G69M,20.0,1.0,-2.996
D82F,20.0,1.0,-2.996
R88N,20.0,1.0,-2.996
G33H,20.0,1.0,-2.996
A77Q,20.0,1.0,-2.996
W70H,20.0,1.0,-2.996
G22W,20.0,1.0,-2.996
G55Y,20.0,1.0,-2.996
W89Q,20.0,1.0,-2.996
L67R,41.0,2.0,-3.02
V36H,21.0,1.0,-3.045
G61K,21.0,1.0,-3.045
V68*,21.0,1.0,-3.045
S1K,21.0,1.0,-3.045
Y52Q,21.0,1.0,-3.045
T42Y,21.0,1.0,-3.045
S21R,126.0,6.0,-3.045
T42C,21.0,1.0,-3.045
G20H,21.0,1.0,-3.045
L65E,21.0,1.0,-3.045
Y52K,21.0,1.0,-3.045
A54F,21.0,1.0,-3.045
G20Q,21.0,1.0,-3.045
G20T,21.0,1.0,-3.045
G85L,84.0,4.0,-3.045
T90M,21.0,1.0,-3.045
G44T,21.0,1.0,-3.045
W70F,21.0,1.0,-3.045
W70K,21.0,1.0,-3.045
G55Q,21.0,1.0,-3.045
V36*,22.0,1.0,-3.091
R72E,22.0,1.0,-3.091
D3F,22.0,1.0,-3.091
R48Q,22.0,1.0,-3.091
V68T,22.0,1.0,-3.091
G63T,22.0,1.0,-3.091
W57K,22.0,1.0,-3.091
P74K,22.0,1.0,-3.091
K39M,22.0,1.0,-3.091
T32W,22.0,1.0,-3.091
A17N,22.0,1.0,-3.091
W29E,22.0,1.0,-3.091
N53P,22.0,1.0,-3.091
A54L,22.0,1.0,-3.091
T86F,22.0,1.0,-3.091
W41T,22.0,1.0,-3.091
G55H,22.0,1.0,-3.091
S34*,22.0,1.0,-3.091
I14K,22.0,1.0,-3.091
V37Q,22.0,1.0,-3.091
R72Q,23.0,1.0,-3.135
R48M,23.0,1.0,-3.135
G61E,23.0,1.0,-3.135
G61F,23.0,1.0,-3.135
S30D,23.0,1.0,-3.135
G40T,23.0,1.0,-3.135
W57I,23.0,1.0,-3.135
Y93*,69.0,3.0,-3.135
S73I,23.0,1.0,-3.135
G61Q,23.0,1.0,-3.135
G44L,23.0,1.0,-3.135
F35M,23.0,1.0,-3.135
F35H,23.0,1.0,-3.135
T2K,23.0,1.0,-3.135
G22I,23.0,1.0,-3.135
F8P,23.0,1.0,-3.135
S34Y,46.0,2.0,-3.135
W89N,23.0,1.0,-3.135
L75Y,23.0,1.0,-3.135
I14*,23.0,1.0,-3.135
S83I,23.0,1.0,-3.135
V36Q,24.0,1.0,-3.178
V56H,24.0,1.0,-3.178
V68C,24.0,1.0,-3.178
R88E,24.0,1.0,-3.178
N24T,24.0,1.0,-3.178
N28C,24.0,1.0,-3.178
G13E,24.0,1.0,-3.178
A64L,24.0,1.0,-3.178
G61P,24.0,1.0,-3.178
G20E,24.0,1.0,-3.178
F35C,24.0,1.0,-3.178
F35Q,24.0,1.0,-3.178
A77H,24.0,1.0,-3.178
A77K,24.0,1.0,-3.178
I76M,48.0,2.0,-3.178
R48K,24.0,1.0,-3.178
R48D,24.0,1.0,-3.178
W70D,24.0,1.0,-3.178
N16A,24.0,1.0,-3.178
N16*,24.0,1.0,-3.178
Y87Q,24.0,1.0,-3.178
F8K,24.0,1.0,-3.178
N7*,24.0,1.0,-3.178
G63A,49.0,2.0,-3.199
P59A,49.0,2.0,-3.199
W62L,172.0,7.0,-3.202
P59R,74.0,3.0,-3.205
G33A,74.0,3.0,-3.205
V81K,25.0,1.0,-3.219
V56K,25.0,1.0,-3.219
V68W,25.0,1.0,-3.219
N60C,25.0,1.0,-3.219
T42R,25.0,1.0,-3.219
K39F,25.0,1.0,-3.219
P59Y,25.0,1.0,-3.219
V27*,25.0,1.0,-3.219
V27Y,25.0,1.0,-3.219
G69*,25.0,1.0,-3.219
G44W,25.0,1.0,-3.219
F35D,25.0,1.0,-3.219
F35K,25.0,1.0,-3.219
I76E,25.0,1.0,-3.219
S21Q,25.0,1.0,-3.219
G55N,25.0,1.0,-3.219
W89S,100.0,4.0,-3.219
A58H,25.0,1.0,-3.219
V80M,25.0,1.0,-3.219
N51T,50.0,2.0,-3.219
V37M,25.0,1.0,-3.219
D82Q,51.0,2.0,-3.239
Y93D,51.0,2.0,-3.239
P46E,26.0,1.0,-3.258
V36W,26.0,1.0,-3.258
V56Y,26.0,1.0,-3.258
R72N,26.0,1.0,-3.258
R48Y,26.0,1.0,-3.258
D3M,26.0,1.0,-3.258
W84P,26.0,1.0,-3.258
G61*,26.0,1.0,-3.258
A66D,26.0,1.0,-3.258
G38P,26.0,1.0,-3.258
G63E,26.0,1.0,-3.258
N60A,26.0,1.0,-3.258
I14C,26.0,1.0,-3.258
G13F,26.0,1.0,-3.258
W57M,26.0,1.0,-3.258
R72*,26.0,1.0,-3.258
G85H,26.0,1.0,-3.258
T43W,26.0,1.0,-3.258
G20Y,26.0,1.0,-3.258
Y25K,26.0,1.0,-3.258
N31E,26.0,1.0,-3.258
G55T,26.0,1.0,-3.258
F8M,26.0,1.0,-3.258
S34I,26.0,1.0,-3.258
F8C,53.0,2.0,-3.277
V36C,27.0,1.0,-3.296
N24H,27.0,1.0,-3.296
S30W,27.0,1.0,-3.296
A66N,27.0,1.0,-3.296
W57Q,27.0,1.0,-3.296
A64R,27.0,1.0,-3.296
K39P,27.0,1.0,-3.296
A77D,27.0,1.0,-3.296
T49M,27.0,1.0,-3.296
T2M,27.0,1.0,-3.296
W70M,27.0,1.0,-3.296
N16W,27.0,1.0,-3.296
Y87M,27.0,1.0,-3.296
S34Q,27.0,1.0,-3.296
S34E,27.0,1.0,-3.296
Y52S,81.0,3.0,-3.296
Y25I,27.0,1.0,-3.296
P46W,28.0,1.0,-3.332
V36T,28.0,1.0,-3.332
A66K,28.0,1.0,-3.332
I14W,28.0,1.0,-3.332
R72T,28.0,1.0,-3.332
W57N,28.0,1.0,-3.332
L67D,28.0,1.0,-3.332
L67A,56.0,2.0,-3.332
L67W,28.0,1.0,-3.332
P74T,28.0,1.0,-3.332
G69L,28.0,1.0,-3.332
Y52E,28.0,1.0,-3.332
G20P,28.0,1.0,-3.332
T86C,28.0,1.0,-3.332
T86E,28.0,1.0,-3.332
W70P,28.0,1.0,-3.332
W70E,28.0,1.0,-3.332
A58D,28.0,1.0,-3.332
G61A,57.0,2.0,-3.35
P46V,29.0,1.0,-3.367
V56P,29.0,1.0,-3.367
G61M,29.0,1.0,-3.367
W89H,29.0,1.0,-3.367
G38W,29.0,1.0,-3.367
N28*,29.0,1.0,-3.367
N28P,29.0,1.0,-3.367
S21D,29.0,1.0,-3.367
K39W,29.0,1.0,-3.367
Y25T,29.0,1.0,-3.367
D82K,29.0,1.0,-3.367
G85*,29.0,1.0,-3.367
A54K,29.0,1.0,-3.367
G33F,29.0,1.0,-3.367
T71D,29.0,1.0,-3.367
N16V,29.0,1.0,-3.367
Y79I,29.0,1.0,-3.367
V80E,29.0,1.0,-3.367
V27L,59.0,2.0,-3.384
R72F,30.0,1.0,-3.401
R72M,30.0,1.0,-3.401
D3Q,30.0,1.0,-3.401
S73Q,30.0,1.0,-3.401
G38L,30.0,1.0,-3.401
G22F,30.0,1.0,-3.401
Y93W,30.0,1.0,-3.401
P59C,30.0,1.0,-3.401
T32*,30.0,1.0,-3.401
A54*,30.0,1.0,-3.401
G33K,30.0,1.0,-3.401
G85E,30.0,1.0,-3.401
F35E,30.0,1.0,-3.401
I76D,30.0,1.0,-3.401
T2D,30.0,1.0,-3.401
T2Q,30.0,1.0,-3.401
A58M,30.0,1.0,-3.401
V37C,30.0,1.0,-3.401
N19C,122.0,4.0,-3.418
V81H,31.0,1.0,-3.434
L65A,31.0,1.0,-3.434
F8D,31.0,1.0,-3.434
N53C,31.0,1.0,-3.434
Y4Q,31.0,1.0,-3.434
N60H,31.0,1.0,-3.434
S73K,31.0,1.0,-3.434
V15H,31.0,1.0,-3.434
A77F,31.0,1.0,-3.434
I76K,31.0,1.0,-3.434
G33Q,31.0,1.0,-3.434
G22*,31.0,1.0,-3.434
N16C,31.0,1.0,-3.434
N16G,31.0,1.0,-3.434
F8T,31.0,1.0,-3.434
S34D,31.0,1.0,-3.434
A58F,31.0,1.0,-3.434
Y52M,31.0,1.0,-3.434
V37E,31.0,1.0,-3.434
F47E,31.0,1.0,-3.434
V81Q,32.0,1.0,-3.466
V56M,32.0,1.0,-3.466
R72D,32.0,1.0,-3.466
S1Q,32.0,1.0,-3.466
A66F,32.0,1.0,-3.466
I14A,32.0,1.0,-3.466
N28W,32.0,1.0,-3.466
P74A,64.0,2.0,-3.466
L65C,32.0,1.0,-3.466
G85P,32.0,1.0,-3.466
W29D,32.0,1.0,-3.466
A54C,32.0,1.0,-3.466
T86Y,32.0,1.0,-3.466
N16F,32.0,1.0,-3.466
G55W,32.0,1.0,-3.466
F8*,32.0,1.0,-3.466
L75D,32.0,1.0,-3.466
A58*,32.0,1.0,-3.466
Y25P,32.0,1.0,-3.466
V80Q,32.0,1.0,-3.466
N7T,32.0,1.0,-3.466
V37W,32.0,1.0,-3.466
V81M,33.0,1.0,-3.497
S73D,33.0,1.0,-3.497
G61W,33.0,1.0,-3.497
S30V,33.0,1.0,-3.497
A66W,33.0,1.0,-3.497
T43E,33.0,1.0,-3.497
V27W,33.0,1.0,-3.497
N53L,33.0,1.0,-3.497
G20W,33.0,1.0,-3.497
G20*,33.0,1.0,-3.497
T71C,33.0,1.0,-3.497
F35P,33.0,1.0,-3.497
W62Q,33.0,1.0,-3.497
F47P,33.0,1.0,-3.497
G69R,67.0,2.0,-3.512
W5L,304.0,9.0,-3.52
V56*,34.0,1.0,-3.526
S45N,34.0,1.0,-3.526
T42V,34.0,1.0,-3.526
W57Y,34.0,1.0,-3.526
W57F,34.0,1.0,-3.526
Y4S,68.0,2.0,-3.526
Y4E,34.0,1.0,-3.526
K39Q,34.0,1.0,-3.526
T32L,34.0,1.0,-3.526
I76P,34.0,1.0,-3.526
S21Y,34.0,1.0,-3.526
Y79K,34.0,1.0,-3.526
Y79P,34.0,1.0,-3.526
S83Q,34.0,1.0,-3.526
V80G,102.0,3.0,-3.526
V80*,34.0,1.0,-3.526
P74R,69.0,2.0,-3.541
A66G,104.0,3.0,-3.546
D3P,35.0,1.0,-3.555
N24*,35.0,1.0,-3.555
S26*,35.0,1.0,-3.555
G13T,35.0,1.0,-3.555
G40W,35.0,1.0,-3.555
G91N,35.0,1.0,-3.555
T43*,35.0,1.0,-3.555
Y25E,35.0,1.0,-3.555
G20I,35.0,1.0,-3.555
T49*,35.0,1.0,-3.555
T2H,35.0,1.0,-3.555
T2*,35.0,1.0,-3.555
G55R,105.0,3.0,-3.555
Y87E,35.0,1.0,-3.555
I14S,35.0,1.0,-3.555
W29G,142.0,4.0,-3.57
V56W,36.0,1.0,-3.584
V56E,36.0,1.0,-3.584
F8E,36.0,1.0,-3.584
S83N,36.0,1.0,-3.584
G13P,36.0,1.0,-3.584
G13*,36.0,1.0,-3.584
L65F,36.0,1.0,-3.584
A17H,36.0,1.0,-3.584
W29T,36.0,1.0,-3.584
T71M,36.0,1.0,-3.584
A77M,36.0,1.0,-3.584
W62E,36.0,1.0,-3.584
Y52W,36.0,1.0,-3.584
V15R,328.0,9.0,-3.596
V81*,37.0,1.0,-3.611
N31C,37.0,1.0,-3.611
T9G,37.0,1.0,-3.611
V68L,37.0,1.0,-3.611
V68S,37.0,1.0,-3.611
W89I,37.0,1.0,-3.611
A66*,37.0,1.0,-3.611
S21*,37.0,1.0,-3.611
W89Y,37.0,1.0,-3.611
R72Y,38.0,1.0,-3.638
G61N,38.0,1.0,-3.638
N24F,38.0,1.0,-3.638
S26I,38.0,1.0,-3.638
G69A,38.0,1.0,-3.638
P74E,38.0,1.0,-3.638
G85T,38.0,1.0,-3.638
G33Y,38.0,1.0,-3.638
I76Y,38.0,1.0,-3.638
I76C,38.0,1.0,-3.638
A58Y,38.0,1.0,-3.638
Y52I,38.0,1.0,-3.638
V37P,38.0,1.0,-3.638
V37T,38.0,1.0,-3.638
S26M,39.0,1.0,-3.664
N28T,39.0,1.0,-3.664
Y4T,39.0,1.0,-3.664
Y52T,39.0,1.0,-3.664
A17I,39.0,1.0,-3.664
G33W,39.0,1.0,-3.664
T71*,39.0,1.0,-3.664
T2E,39.0,1.0,-3.664
N24A,40.0,1.0,-3.689
S1I,40.0,1.0,-3.689
L67G,40.0,1.0,-3.689
D82P,40.0,1.0,-3.689
L75K,40.0,1.0,-3.689
I14R,40.0,1.0,-3.689
V80Y,40.0,1.0,-3.689
V80C,40.0,1.0,-3.689
W57G,204.0,5.0,-3.709
V36R,41.0,1.0,-3.714
D3*,41.0,1.0,-3.714
V81Y,41.0,1.0,-3.714
P59W,41.0,1.0,-3.714
L65M,41.0,1.0,-3.714
R48E,41.0,1.0,-3.714
T86*,41.0,1.0,-3.714
W41A,41.0,1.0,-3.714
L75F,41.0,1.0,-3.714
Y25M,41.0,1.0,-3.714
L6N,41.0,1.0,-3.714
A58C,42.0,1.0,-3.738
G13L,42.0,1.0,-3.738
G33*,42.0,1.0,-3.738
T71E,42.0,1.0,-3.738
A77*,42.0,1.0,-3.738
Y79E,42.0,1.0,-3.738
Y25S,84.0,2.0,-3.738
W5S,257.0,6.0,-3.757
P74W,43.0,1.0,-3.761
Y52D,43.0,1.0,-3.761
G33T,43.0,1.0,-3.761
G44R,43.0,1.0,-3.761
G13W,44.0,1.0,-3.784
P74*,44.0,1.0,-3.784
K94Y,44.0,1.0,-3.784
D82T,44.0,1.0,-3.784
F35*,44.0,1.0,-3.784
S34W,44.0,1.0,-3.784
S83M,44.0,1.0,-3.784
T92M,133.0,3.0,-3.792
V68R,45.0,1.0,-3.807
S30L,45.0,1.0,-3.807
G63L,45.0,1.0,-3.807
L65T,45.0,1.0,-3.807
A17K,45.0,1.0,-3.807
W29P,45.0,1.0,-3.807
T71W,45.0,1.0,-3.807
S21M,45.0,1.0,-3.807
Y25D,45.0,1.0,-3.807
D82M,46.0,1.0,-3.829
F35W,46.0,1.0,-3.829
Y93Q,46.0,1.0,-3.829
L75T,46.0,1.0,-3.829
G61R,93.0,2.0,-3.839
W5N,47.0,1.0,-3.85
W57D,47.0,1.0,-3.85
P74V,47.0,1.0,-3.85
T43L,47.0,1.0,-3.85
V27C,47.0,1.0,-3.85
A17D,47.0,1.0,-3.85
W84V,48.0,1.0,-3.871
G33E,48.0,1.0,-3.871
N16L,48.0,1.0,-3.871
L75*,48.0,1.0,-3.871
Y79D,48.0,1.0,-3.871
T90C,49.0,1.0,-3.892
S21V,49.0,1.0,-3.892
Y79Q,49.0,1.0,-3.892
V36S,50.0,1.0,-3.912
W84A,50.0,1.0,-3.912
V68G,50.0,1.0,-3.912
N60L,50.0,1.0,-3.912
S83K,50.0,1.0,-3.912
V27S,50.0,1.0,-3.912
W41V,50.0,1.0,-3.912
F47R,50.0,1.0,-3.912
S1*,51.0,1.0,-3.932
S21W,51.0,1.0,-3.932
P59V,51.0,1.0,-3.932
A54R,51.0,1.0,-3.932
Y87L,51.0,1.0,-3.932
L75E,51.0,1.0,-3.932
Y79T,51.0,1.0,-3.932
W89M,52.0,1.0,-3.951
A77W,52.0,1.0,-3.951
Y52A,52.0,1.0,-3.951
V56S,53.0,1.0,-3.97
A66Y,53.0,1.0,-3.97
A17Q,53.0,1.0,-3.97
R88T,53.0,1.0,-3.97
F8A,53.0,1.0,-3.97
N51R,53.0,1.0,-3.97
D82*,54.0,1.0,-3.989
I76W,54.0,1.0,-3.989
W89D,54.0,1.0,-3.989
Y79M,54.0,1.0,-3.989
A58P,54.0,1.0,-3.989
G12Y,55.0,1.0,-4.007
S45H,55.0,1.0,-4.007
A17Y,55.0,1.0,-4.007
S73E,56.0,1.0,-4.025
G61T,56.0,1.0,-4.025
W70A,56.0,1.0,-4.025
V80P,56.0,1.0,-4.025
N7A,56.0,1.0,-4.025
V81P,57.0,1.0,-4.043
D3L,57.0,1.0,-4.043
D82C,57.0,1.0,-4.043
K94F,57.0,1.0,-4.043
T2W,57.0,1.0,-4.043
V15N,57.0,1.0,-4.043
G91R,344.0,6.0,-4.049
V81L,115.0,2.0,-4.052
S45I,58.0,1.0,-4.06
Y93I,58.0,1.0,-4.06
W29V,58.0,1.0,-4.06
V37S,58.0,1.0,-4.06
K94H,59.0,1.0,-4.078
A17M,59.0,1.0,-4.078
Y79W,59.0,1.0,-4.078
N7W,59.0,1.0,-4.078
G12R,238.0,4.0,-4.086
W5H,60.0,1.0,-4.094
G61L,60.0,1.0,-4.094
F35A,60.0,1.0,-4.094
F8G,122.0,2.0,-4.111
G33P,61.0,1.0,-4.111
I50E,61.0,1.0,-4.111
I14L,61.0,1.0,-4.111
W5E,186.0,3.0,-4.127
N53V,62.0,1.0,-4.127
V18Q,62.0,1.0,-4.127
K39V,62.0,1.0,-4.127
L75C,62.0,1.0,-4.127
L6*,62.0,1.0,-4.127
Y79S,125.0,2.0,-4.135
W5I,64.0,1.0,-4.159
G91Y,64.0,1.0,-4.159
S1W,64.0,1.0,-4.159
W57T,64.0,1.0,-4.159
T32R,64.0,1.0,-4.159
I50K,64.0,1.0,-4.159
L75S,64.0,1.0,-4.159
L6H,64.0,1.0,-4.159
S83E,65.0,1.0,-4.174
N31L,65.0,1.0,-4.174
V15Y,65.0,1.0,-4.174
V81C,66.0,1.0,-4.19
G91K,66.0,1.0,-4.19
N60G,66.0,1.0,-4.19
N28L,66.0,1.0,-4.19
S73*,66.0,1.0,-4.19
N31V,66.0,1.0,-4.19
S34V,66.0,1.0,-4.19
L6K,66.0,1.0,-4.19
L75R,133.0,2.0,-4.197
L75W,67.0,1.0,-4.205
V81T,68.0,1.0,-4.22
T32V,68.0,1.0,-4.22
L6Y,68.0,1.0,-4.22
L6D,68.0,1.0,-4.22
G12M,69.0,1.0,-4.234
L65R,69.0,1.0,-4.234
W89T,69.0,1.0,-4.234
V80T,69.0,1.0,-4.234
A17G,279.0,4.0,-4.245
W57P,70.0,1.0,-4.248
G22L,70.0,1.0,-4.248
W41G,71.0,1.0,-4.263
W62A,71.0,1.0,-4.263
G91Q,72.0,1.0,-4.277
W62T,72.0,1.0,-4.277
V56L,73.0,1.0,-4.29
W89G,146.0,2.0,-4.29
V18*,73.0,1.0,-4.29
S83C,73.0,1.0,-4.29
K94D,73.0,1.0,-4.29
T71L,73.0,1.0,-4.29
L75A,73.0,1.0,-4.29
G12H,74.0,1.0,-4.304
A17W,74.0,1.0,-4.304
T86W,74.0,1.0,-4.304
S34R,74.0,1.0,-4.304
V81W,75.0,1.0,-4.317
V36G,75.0,1.0,-4.317
G91F,75.0,1.0,-4.317
Y79A,75.0,1.0,-4.317
N31R,76.0,1.0,-4.331
G12K,76.0,1.0,-4.331
W29A,76.0,1.0,-4.331
Y25W,76.0,1.0,-4.331
V15K,76.0,1.0,-4.331
L65S,77.0,1.0,-4.344
W70V,78.0,1.0,-4.357
L6F,78.0,1.0,-4.357
T43G,79.0,1.0,-4.369
K39S,79.0,1.0,-4.369
T2L,80.0,1.0,-4.382
R72A,81.0,1.0,-4.394
A77L,81.0,1.0,-4.394
W70G,163.0,2.0,-4.401
G91V,245.0,3.0,-4.403
G91H,82.0,1.0,-4.407
Y87R,83.0,1.0,-4.419
N7L,83.0,1.0,-4.419
W57A,84.0,1.0,-4.431
Y4V,84.0,1.0,-4.431
T49G,84.0,1.0,-4.431
N19F,84.0,1.0,-4.431
L6T,169.0,2.0,-4.437
L75V,85.0,1.0,-4.443
S1L,86.0,1.0,-4.454
T92Y,86.0,1.0,-4.454
T2G,86.0,1.0,-4.454
Y52L,87.0,1.0,-4.466
V15P,87.0,1.0,-4.466
G91I,88.0,1.0,-4.477
W57V,89.0,1.0,-4.489
D82W,89.0,1.0,-4.489
D82S,90.0,1.0,-4.5
Y25A,90.0,1.0,-4.5
V81G,181.0,2.0,-4.505
Y93P,91.0,1.0,-4.511
W5Q,92.0,1.0,-4.522
K39G,92.0,1.0,-4.522
I50H,92.0,1.0,-4.522
I76G,92.0,1.0,-4.522
V18M,93.0,1.0,-4.533
N53G,93.0,1.0,-4.533
Y79L,93.0,1.0,-4.533
V37R,93.0,1.0,-4.533
T71R,95.0,1.0,-4.554
W5K,96.0,1.0,-4.564
F8R,96.0,1.0,-4.564
I76L,97.0,1.0,-4.575
A66R,99.0,1.0,-4.595
R72V,100.0,1.0,-4.605
V18Y,101.0,1.0,-4.615
S26L,101.0,1.0,-4.615
G12I,101.0,1.0,-4.615
G91T,101.0,1.0,-4.615
I50Q,101.0,1.0,-4.615
T71G,102.0,1.0,-4.625
V18H,103.0,1.0,-4.635
G12W,103.0,1.0,-4.635
T90L,104.0,1.0,-4.644
G12*,104.0,1.0,-4.644
Y4G,104.0,1.0,-4.644
P59G,104.0,1.0,-4.644
T92P,314.0,3.0,-4.651
V81S,105.0,1.0,-4.654
V18P,106.0,1.0,-4.663
L65G,106.0,1.0,-4.663
V80R,106.0,1.0,-4.663
P74G,107.0,1.0,-4.673
D82L,110.0,1.0,-4.7
I50P,110.0,1.0,-4.7
L6C,110.0,1.0,-4.7
Y52R,113.0,1.0,-4.727
Y4A,113.0,1.0,-4.727
G91E,113.0,1.0,-4.727
I50D,113.0,1.0,-4.727
Y79V,113.0,1.0,-4.727
Y93V,117.0,1.0,-4.762
Y93T,118.0,1.0,-4.771
G12P,120.0,1.0,-4.787
Y25V,123.0,1.0,-4.812
L6E,123.0,1.0,-4.812
V80L,125.0,1.0,-4.828
N19T,127.0,1.0,-4.844
L6W,127.0,1.0,-4.844
I50W,129.0,1.0,-4.86
T86G,129.0,1.0,-4.86
Y52V,131.0,1.0,-4.875
Y79G,132.0,1.0,-4.883
Y25R,133.0,1.0,-4.89
V15E,135.0,1.0,-4.905
T92K,136.0,1.0,-4.913
T2R,137.0,1.0,-4.92
W5P,139.0,1.0,-4.934
S83L,139.0,1.0,-4.934
S34G,139.0,1.0,-4.934
G91M,140.0,1.0,-4.942
Y79R,141.0,1.0,-4.949
G91*,142.0,1.0,-4.956
T92H,142.0,1.0,-4.956
D3R,145.0,1.0,-4.977
S45W,145.0,1.0,-4.977
W57S,145.0,1.0,-4.977
T92*,145.0,1.0,-4.977
V81R,146.0,1.0,-4.984
V15*,146.0,1.0,-4.984
G91W,147.0,1.0,-4.99
I76R,148.0,1.0,-4.997
T92F,152.0,1.0,-5.024
S83R,156.0,1.0,-5.05
S83V,163.0,1.0,-5.094
L75G,166.0,1.0,-5.112
G91P,176.0,1.0,-5.17
R48G,182.0,1.0,-5.204
K94W,185.0,1.0,-5.22
N7G,187.0,1.0,-5.231
A17R,198.0,1.0,-5.288
I50A,204.0,1.0,-5.318
Y25G,204.0,1.0,-5.318
T90R,207.0,1.0,-5.333
I50C,213.0,1.0,-5.361
T90G,228.0,1.0,-5.429
L6A,249.0,1.0,-5.517
G91L,252.0,1.0,-5.529
I50R,270.0,1.0,-5.598
L6S,270.0,1.0,-5.598
K94S,276.0,1.0,-5.62
K94A,284.0,1.0,-5.649
V18S,306.0,1.0,-5.724
I50G,339.0,1.0,-5.826
W5V,344.0,1.0,-5.841
T92C,346.0,1.0,-5.846
L6R,367.0,1.0,-5.905
T92R,448.0,1.0,-6.105
K94G,449.0,1.0,-6.107
V15G,538.0,1.0,-6.288
T92L,635.0,1.0,-6.454
