45-P,1.0,33.0,3.497
31-N,1.0,28.0,3.332
52-W,1.0,26.0,3.258
2-T,6.0,153.0,3.239
45-A,10.0,166.0,2.809
96-Y,1.0,15.0,2.708
45-G,115.0,1643.0,2.659
8-L,1.0,13.0,2.565
49-R,1.0,13.0,2.565
64-R,1.0,12.0,2.485
23-Y,1.0,11.0,2.398
25-N,1.0,10.0,2.303
127-Q,3.0,29.0,2.269
45-T,1.0,9.0,2.197
56-I,1.0,9.0,2.197
127-Y,1.0,8.0,2.079
33-T,2.0,16.0,2.079
5-R,3.0,23.0,2.037
27-M,1.0,7.0,1.946
92-F,1.0,7.0,1.946
28-E,3.0,21.0,1.946
47-Q,1.0,7.0,1.946
112-M,1.0,7.0,1.946
48-Y,1.0,6.0,1.792
16-L,1.0,6.0,1.792
51-M,1.0,6.0,1.792
26-I,2.0,12.0,1.792
60-A,1.0,6.0,1.792
31-C,1.0,6.0,1.792
46-R,3.0,18.0,1.792
32-T,1.0,6.0,1.792
63-T,1.0,6.0,1.792
82-V,1.0,6.0,1.792
114-T,47.0,273.0,1.759
98-S,1.0,5.0,1.609
31-D,1.0,5.0,1.609
96-D,1.0,5.0,1.609
96-T,1.0,5.0,1.609
5-L,1.0,5.0,1.609
5-C,3.0,14.0,1.54
111-E,2.0,9.0,1.504
100-S,3.0,13.0,1.466
96-K,4.0,17.0,1.447
10-K,4.0,17.0,1.447
74-V,1.0,4.0,1.386
20-L,3.0,12.0,1.386
97-T,1.0,4.0,1.386
1-S,1.0,4.0,1.386
112-S,1.0,4.0,1.386
127-L,15.0,57.0,1.335
128-V,11.0,41.0,1.316
56-V,11.0,40.0,1.291
96-R,25.0,89.0,1.27
111-S,5.0,17.0,1.224
20-C,18.0,60.0,1.204
114-A,100.0,331.0,1.197
71-D,71.0,233.0,1.188
122-S,83.0,265.0,1.161
27-G,15.0,46.0,1.121
21-D,1.0,3.0,1.099
95-W,1.0,3.0,1.099
14-H,1.0,3.0,1.099
92-M,1.0,3.0,1.099
17-R,3.0,9.0,1.099
127-M,2.0,6.0,1.099
81-Q,1.0,3.0,1.099
108-I,1.0,3.0,1.099
96-M,5.0,15.0,1.099
24-L,3.0,9.0,1.099
24-H,1.0,3.0,1.099
111-A,2.0,6.0,1.099
32-K,1.0,3.0,1.099
20-E,1.0,3.0,1.099
97-S,2.0,6.0,1.099
2-K,1.0,3.0,1.099
75-T,1.0,3.0,1.099
71-C,1.0,3.0,1.099
31-A,8.0,22.0,1.012
32-A,8.0,21.0,0.965
29-Q,5.0,13.0,0.956
93-G,88.0,223.0,0.93
33-N,42.0,106.0,0.926
60-V,82.0,206.0,0.921
64-K,53.0,133.0,0.92
9-Y,2.0,5.0,0.916
98-H,4.0,10.0,0.916
92-V,2.0,5.0,0.916
24-E,2.0,5.0,0.916
24-R,4.0,10.0,0.916
93-A,2.0,5.0,0.916
20-N,31.0,74.0,0.87
12-S,13.0,31.0,0.869
49-K,8.0,19.0,0.865
45-V,57.0,135.0,0.862
23-S,9.0,21.0,0.847
91-A,3.0,7.0,0.847
40-E,8.0,18.0,0.811
45-S,4.0,9.0,0.811
24-P,8.0,18.0,0.811
96-A,4.0,9.0,0.811
103-F,16.0,34.0,0.754
59-N,33.0,70.0,0.752
61-C,9.0,19.0,0.747
17-G,12.0,25.0,0.734
78-V,13.0,27.0,0.731
114-H,27.0,55.0,0.711
24-V,63.0,127.0,0.701
48-R,133.0,267.0,0.697
9-H,6.0,12.0,0.693
9-K,10.0,20.0,0.693
9-N,5.0,10.0,0.693
48-K,9.0,18.0,0.693
33-Q,1.0,2.0,0.693
45-L,2.0,4.0,0.693
95-D,1.0,2.0,0.693
64-N,1.0,2.0,0.693
86-M,1.0,2.0,0.693
111-N,1.0,2.0,0.693
98-M,1.0,2.0,0.693
13-H,2.0,4.0,0.693
60-W,1.0,2.0,0.693
42-S,7.0,14.0,0.693
83-E,1.0,2.0,0.693
37-E,1.0,2.0,0.693
55-S,1.0,2.0,0.693
55-A,1.0,2.0,0.693
93-Y,6.0,12.0,0.693
93-T,1.0,2.0,0.693
28-Y,1.0,2.0,0.693
109-V,1.0,2.0,0.693
105-Q,2.0,4.0,0.693
32-R,1.0,2.0,0.693
103-D,4.0,8.0,0.693
25-L,1.0,2.0,0.693
29-W,2.0,4.0,0.693
20-D,1.0,2.0,0.693
8-Q,2.0,4.0,0.693
49-A,3.0,6.0,0.693
2-R,21.0,42.0,0.693
126-*,16.0,32.0,0.693
84-D,1.0,2.0,0.693
82-A,1.0,2.0,0.693
1-W,1.0,2.0,0.693
71-V,1.0,2.0,0.693
112-W,1.0,2.0,0.693
112-H,1.0,2.0,0.693
56-L,1.0,2.0,0.693
56-T,1.0,2.0,0.693
15-M,39.0,75.0,0.654
79-V,60.0,114.0,0.642
3-S,10.0,19.0,0.642
27-S,9.0,17.0,0.636
33-E,15.0,28.0,0.624
69-P,7.0,13.0,0.619
114-K,51.0,94.0,0.611
1-P,6.0,11.0,0.606
38-S,80.0,146.0,0.602
39-M,16.0,29.0,0.595
97-A,83.0,150.0,0.592
40-Y,10.0,18.0,0.588
77-A,5.0,9.0,0.588
101-R,4.0,7.0,0.56
25-V,8.0,14.0,0.56
70-G,4.0,7.0,0.56
127-I,4.0,7.0,0.56
33-R,11.0,19.0,0.547
114-D,103.0,177.0,0.541
63-N,29.0,49.0,0.525
12-W,3.0,5.0,0.511
63-I,3.0,5.0,0.511
63-R,35.0,58.0,0.505
27-V,87.0,142.0,0.49
86-N,38.0,62.0,0.49
20-R,21.0,34.0,0.482
59-Y,13.0,21.0,0.48
112-V,33.0,52.0,0.455
24-T,57.0,89.0,0.446
60-L,52.0,81.0,0.443
64-D,20.0,31.0,0.438
113-K,40.0,62.0,0.438
13-E,11.0,17.0,0.435
97-G,11.0,17.0,0.435
66-E,75.0,115.0,0.427
95-I,29.0,44.0,0.417
3-V,65.0,98.0,0.411
45-H,2.0,3.0,0.405
102-L,2.0,3.0,0.405
100-P,4.0,6.0,0.405
77-H,8.0,12.0,0.405
92-Q,2.0,3.0,0.405
66-V,2.0,3.0,0.405
28-T,2.0,3.0,0.405
96-W,12.0,18.0,0.405
33-Y,6.0,9.0,0.405
112-L,2.0,3.0,0.405
16-I,31.0,46.0,0.395
32-N,33.0,49.0,0.395
1-R,94.0,137.0,0.377
97-L,11.0,16.0,0.375
109-R,108.0,157.0,0.374
51-R,134.0,194.0,0.37
111-K,9.0,13.0,0.368
3-E,9.0,13.0,0.368
33-G,108.0,156.0,0.368
103-*,18.0,26.0,0.368
79-S,7.0,10.0,0.357
42-P,14.0,20.0,0.357
5-V,35.0,50.0,0.357
106-G,38.0,54.0,0.351
55-R,94.0,133.0,0.347
21-V,5.0,7.0,0.336
91-S,31.0,43.0,0.327
114-F,45.0,62.0,0.32
20-G,69.0,95.0,0.32
1-K,8.0,11.0,0.318
35-V,70.0,96.0,0.316
99-F,11.0,15.0,0.31
40-N,25.0,34.0,0.307
15-E,39.0,53.0,0.307
32-E,31.0,42.0,0.304
97-M,51.0,69.0,0.302
9-R,46.0,62.0,0.298
60-I,47.0,63.0,0.293
25-S,56.0,75.0,0.292
99-S,24.0,32.0,0.288
16-Q,9.0,12.0,0.288
16-V,3.0,4.0,0.288
64-Q,3.0,4.0,0.288
127-P,3.0,4.0,0.288
51-H,6.0,8.0,0.288
104-G,12.0,16.0,0.288
61-S,36.0,48.0,0.288
5-W,6.0,8.0,0.288
69-A,90.0,120.0,0.288
117-I,39.0,52.0,0.288
84-T,3.0,4.0,0.288
71-G,6.0,8.0,0.288
56-A,6.0,8.0,0.288
23-V,79.0,105.0,0.285
96-Q,43.0,57.0,0.282
116-Y,37.0,49.0,0.281
15-A,136.0,180.0,0.28
66-R,109.0,144.0,0.278
71-I,10.0,13.0,0.262
71-Y,37.0,48.0,0.26
7-V,97.0,125.0,0.254
9-I,7.0,9.0,0.251
31-S,7.0,9.0,0.251
127-V,193.0,247.0,0.247
114-N,33.0,42.0,0.241
5-A,8.0,10.0,0.223
94-G,83.0,103.0,0.216
128-*,130.0,161.0,0.214
98-E,38.0,47.0,0.213
98-Y,26.0,32.0,0.208
104-L,9.0,11.0,0.201
58-L,46.0,56.0,0.197
49-D,88.0,107.0,0.195
115-Y,28.0,34.0,0.194
72-L,14.0,17.0,0.194
114-E,53.0,64.0,0.189
7-N,24.0,29.0,0.189
93-N,82.0,99.0,0.188
69-S,49.0,59.0,0.186
77-N,60.0,72.0,0.182
6-R,15.0,18.0,0.182
108-P,5.0,6.0,0.182
71-S,120.0,143.0,0.175
32-G,105.0,125.0,0.174
9-V,59.0,70.0,0.171
95-R,102.0,121.0,0.171
113-Q,27.0,32.0,0.17
52-R,124.0,146.0,0.163
8-K,23.0,27.0,0.16
13-S,6.0,7.0,0.154
73-K,19.0,22.0,0.147
99-M,13.0,15.0,0.143
82-C,33.0,38.0,0.141
77-G,74.0,85.0,0.139
79-T,68.0,78.0,0.137
22-Y,7.0,8.0,0.134
55-H,7.0,8.0,0.134
28-R,21.0,24.0,0.134
9-C,15.0,17.0,0.125
114-R,153.0,173.0,0.123
10-T,77.0,87.0,0.122
9-Q,8.0,9.0,0.118
39-V,8.0,9.0,0.118
94-N,41.0,46.0,0.115
78-Y,41.0,46.0,0.115
24-D,9.0,10.0,0.105
112-E,18.0,20.0,0.105
63-C,38.0,42.0,0.1
1-*,48.0,53.0,0.099
3-T,68.0,75.0,0.098
3-P,11.0,12.0,0.087
45-N,34.0,37.0,0.085
16-R,142.0,154.0,0.081
84-N,36.0,39.0,0.08
75-R,25.0,27.0,0.077
58-I,51.0,55.0,0.076
17-M,26.0,28.0,0.074
52-I,13.0,14.0,0.074
45-Y,14.0,15.0,0.069
74-R,114.0,122.0,0.068
23-G,15.0,16.0,0.065
88-R,90.0,96.0,0.065
65-S,31.0,33.0,0.063
112-N,46.0,49.0,0.063
111-P,16.0,17.0,0.061
111-H,18.0,19.0,0.054
64-V,39.0,41.0,0.05
124-I,58.0,61.0,0.05
31-V,144.0,151.0,0.047
5-G,127.0,132.0,0.039
111-R,149.0,155.0,0.039
5-D,29.0,30.0,0.034
84-R,31.0,32.0,0.032
92-I,33.0,34.0,0.03
98-G,105.0,108.0,0.028
2-N,38.0,39.0,0.026
28-G,69.0,70.0,0.014
128-R,181.0,182.0,0.006
21-H,1.0,1.0,0.0
21-I,1.0,1.0,0.0
21-K,1.0,1.0,0.0
21-F,1.0,1.0,0.0
21-C,1.0,1.0,0.0
21-Y,1.0,1.0,0.0
79-N,1.0,1.0,0.0
79-M,1.0,1.0,0.0
79-L,1.0,1.0,0.0
79-K,1.0,1.0,0.0
79-I,1.0,1.0,0.0
79-H,1.0,1.0,0.0
79-F,1.0,1.0,0.0
79-D,1.0,1.0,0.0
79-C,1.0,1.0,0.0
79-A,1.0,1.0,0.0
79-Y,1.0,1.0,0.0
79-W,1.0,1.0,0.0
79-Q,1.0,1.0,0.0
79-*,1.0,1.0,0.0
116-K,1.0,1.0,0.0
73-C,1.0,1.0,0.0
73-E,10.0,10.0,0.0
73-D,1.0,1.0,0.0
73-F,1.0,1.0,0.0
9-A,1.0,1.0,0.0
9-F,4.0,4.0,0.0
73-W,1.0,1.0,0.0
23-C,1.0,1.0,0.0
23-A,1.0,1.0,0.0
23-F,1.0,1.0,0.0
23-K,1.0,1.0,0.0
23-H,1.0,1.0,0.0
23-I,1.0,1.0,0.0
23-N,1.0,1.0,0.0
23-L,1.0,1.0,0.0
23-M,1.0,1.0,0.0
23-P,1.0,1.0,0.0
23-Q,1.0,1.0,0.0
27-N,1.0,1.0,0.0
27-K,1.0,1.0,0.0
27-H,1.0,1.0,0.0
27-I,1.0,1.0,0.0
27-F,1.0,1.0,0.0
27-C,1.0,1.0,0.0
27-A,1.0,1.0,0.0
27-Y,1.0,1.0,0.0
27-Q,1.0,1.0,0.0
91-F,1.0,1.0,0.0
99-Q,1.0,1.0,0.0
99-P,1.0,1.0,0.0
99-R,1.0,1.0,0.0
99-Y,1.0,1.0,0.0
99-E,1.0,1.0,0.0
99-D,1.0,1.0,0.0
99-A,1.0,1.0,0.0
99-C,1.0,1.0,0.0
99-I,1.0,1.0,0.0
99-K,1.0,1.0,0.0
48-F,1.0,1.0,0.0
48-D,1.0,1.0,0.0
48-C,1.0,1.0,0.0
48-N,1.0,1.0,0.0
48-I,1.0,1.0,0.0
48-W,1.0,1.0,0.0
48-V,3.0,3.0,0.0
48-T,1.0,1.0,0.0
48-S,1.0,1.0,0.0
48-Q,1.0,1.0,0.0
91-P,1.0,1.0,0.0
99-*,1.0,1.0,0.0
36-I,1.0,1.0,0.0
108-Y,1.0,1.0,0.0
66-S,1.0,1.0,0.0
66-P,1.0,1.0,0.0
66-Y,1.0,1.0,0.0
66-F,1.0,1.0,0.0
66-C,1.0,1.0,0.0
66-L,1.0,1.0,0.0
66-K,1.0,1.0,0.0
66-I,1.0,1.0,0.0
36-Q,1.0,1.0,0.0
110-I,1.0,1.0,0.0
110-K,1.0,1.0,0.0
110-N,1.0,1.0,0.0
110-F,1.0,1.0,0.0
110-G,1.0,1.0,0.0
100-Q,1.0,1.0,0.0
110-P,1.0,1.0,0.0
110-Q,1.0,1.0,0.0
110-T,1.0,1.0,0.0
45-F,1.0,1.0,0.0
45-D,1.0,1.0,0.0
45-C,1.0,1.0,0.0
45-M,1.0,1.0,0.0
45-K,1.0,1.0,0.0
45-I,1.0,1.0,0.0
45-W,1.0,1.0,0.0
45-R,1.0,1.0,0.0
40-*,1.0,1.0,0.0
45-Q,1.0,1.0,0.0
95-A,1.0,1.0,0.0
95-C,1.0,1.0,0.0
95-F,1.0,1.0,0.0
95-H,1.0,1.0,0.0
95-K,1.0,1.0,0.0
91-*,1.0,1.0,0.0
95-L,1.0,1.0,0.0
95-N,66.0,66.0,0.0
95-P,1.0,1.0,0.0
95-S,1.0,1.0,0.0
50-H,1.0,1.0,0.0
95-Y,1.0,1.0,0.0
62-*,1.0,1.0,0.0
62-S,1.0,1.0,0.0
62-Q,1.0,1.0,0.0
62-P,1.0,1.0,0.0
62-W,1.0,1.0,0.0
62-V,1.0,1.0,0.0
62-T,1.0,1.0,0.0
62-Y,1.0,1.0,0.0
67-P,1.0,1.0,0.0
62-C,1.0,1.0,0.0
67-Q,1.0,1.0,0.0
62-G,14.0,14.0,0.0
62-F,1.0,1.0,0.0
62-D,1.0,1.0,0.0
62-K,1.0,1.0,0.0
62-I,1.0,1.0,0.0
62-H,1.0,1.0,0.0
62-N,1.0,1.0,0.0
67-T,1.0,1.0,0.0
40-T,1.0,1.0,0.0
40-Q,1.0,1.0,0.0
40-P,1.0,1.0,0.0
40-M,1.0,1.0,0.0
40-L,1.0,1.0,0.0
40-K,1.0,1.0,0.0
40-I,1.0,1.0,0.0
40-H,2.0,2.0,0.0
40-F,1.0,1.0,0.0
40-D,1.0,1.0,0.0
40-C,1.0,1.0,0.0
65-V,1.0,1.0,0.0
65-W,1.0,1.0,0.0
65-M,1.0,1.0,0.0
65-N,1.0,1.0,0.0
67-A,1.0,1.0,0.0
67-W,1.0,1.0,0.0
65-H,1.0,1.0,0.0
65-I,1.0,1.0,0.0
67-D,1.0,1.0,0.0
65-K,1.0,1.0,0.0
67-K,1.0,1.0,0.0
65-F,1.0,1.0,0.0
67-N,1.0,1.0,0.0
67-M,1.0,1.0,0.0
14-*,1.0,1.0,0.0
14-N,1.0,1.0,0.0
14-D,1.0,1.0,0.0
14-E,1.0,1.0,0.0
14-F,1.0,1.0,0.0
14-T,1.0,1.0,0.0
14-P,1.0,1.0,0.0
14-Q,1.0,1.0,0.0
16-C,2.0,2.0,0.0
16-F,1.0,1.0,0.0
16-G,4.0,4.0,0.0
16-D,1.0,1.0,0.0
16-K,1.0,1.0,0.0
16-M,1.0,1.0,0.0
16-S,1.0,1.0,0.0
68-L,1.0,1.0,0.0
68-I,38.0,38.0,0.0
12-H,1.0,1.0,0.0
12-I,2.0,2.0,0.0
68-C,1.0,1.0,0.0
12-A,1.0,1.0,0.0
68-Y,1.0,1.0,0.0
12-Y,1.0,1.0,0.0
12-R,8.0,8.0,0.0
68-*,1.0,1.0,0.0
1-V,1.0,1.0,0.0
108-D,1.0,1.0,0.0
67-C,10.0,10.0,0.0
122-A,1.0,1.0,0.0
39-E,1.0,1.0,0.0
39-D,1.0,1.0,0.0
39-K,1.0,1.0,0.0
39-I,1.0,1.0,0.0
39-H,1.0,1.0,0.0
39-N,1.0,1.0,0.0
39-L,1.0,1.0,0.0
39-S,1.0,1.0,0.0
39-Y,1.0,1.0,0.0
64-I,1.0,1.0,0.0
64-H,1.0,1.0,0.0
64-M,1.0,1.0,0.0
64-L,1.0,1.0,0.0
39-*,1.0,1.0,0.0
64-C,1.0,1.0,0.0
64-E,1.0,1.0,0.0
64-F,1.0,1.0,0.0
64-Y,1.0,1.0,0.0
64-P,1.0,1.0,0.0
64-S,1.0,1.0,0.0
64-T,1.0,1.0,0.0
126-P,1.0,1.0,0.0
67-F,1.0,1.0,0.0
106-T,1.0,1.0,0.0
106-W,1.0,1.0,0.0
106-V,1.0,1.0,0.0
106-Q,1.0,1.0,0.0
106-P,1.0,1.0,0.0
106-S,1.0,1.0,0.0
106-R,1.0,1.0,0.0
106-Y,1.0,1.0,0.0
106-E,1.0,1.0,0.0
106-C,1.0,1.0,0.0
106-M,1.0,1.0,0.0
106-L,1.0,1.0,0.0
106-N,1.0,1.0,0.0
106-H,1.0,1.0,0.0
106-K,1.0,1.0,0.0
102-Q,1.0,1.0,0.0
102-P,1.0,1.0,0.0
102-W,1.0,1.0,0.0
102-Y,1.0,1.0,0.0
77-*,1.0,1.0,0.0
68-Q,1.0,1.0,0.0
102-A,1.0,1.0,0.0
102-C,1.0,1.0,0.0
102-E,1.0,1.0,0.0
102-D,1.0,1.0,0.0
102-I,1.0,1.0,0.0
102-H,1.0,1.0,0.0
102-K,1.0,1.0,0.0
67-E,1.0,1.0,0.0
102-*,1.0,1.0,0.0
100-W,1.0,1.0,0.0
106-*,1.0,1.0,0.0
72-W,1.0,1.0,0.0
35-Y,1.0,1.0,0.0
35-W,1.0,1.0,0.0
35-Q,1.0,1.0,0.0
35-N,1.0,1.0,0.0
35-M,1.0,1.0,0.0
35-L,1.0,1.0,0.0
35-I,1.0,1.0,0.0
35-H,1.0,1.0,0.0
35-F,1.0,1.0,0.0
35-D,1.0,1.0,0.0
35-C,1.0,1.0,0.0
35-A,1.0,1.0,0.0
35-*,1.0,1.0,0.0
30-W,1.0,1.0,0.0
54-H,1.0,1.0,0.0
73-I,1.0,1.0,0.0
54-I,1.0,1.0,0.0
73-M,1.0,1.0,0.0
100-*,1.0,1.0,0.0
57-Y,1.0,1.0,0.0
57-S,1.0,1.0,0.0
57-W,1.0,1.0,0.0
57-K,1.0,1.0,0.0
73-A,1.0,1.0,0.0
57-I,1.0,1.0,0.0
57-H,1.0,1.0,0.0
57-N,1.0,1.0,0.0
57-L,1.0,1.0,0.0
57-C,1.0,1.0,0.0
57-A,1.0,1.0,0.0
57-F,1.0,1.0,0.0
57-E,1.0,1.0,0.0
57-D,1.0,1.0,0.0
30-D,4.0,4.0,0.0
30-E,1.0,1.0,0.0
30-L,1.0,1.0,0.0
30-M,1.0,1.0,0.0
30-K,1.0,1.0,0.0
30-I,1.0,1.0,0.0
57-*,1.0,1.0,0.0
30-T,1.0,1.0,0.0
30-P,1.0,1.0,0.0
30-Q,1.0,1.0,0.0
30-Y,1.0,1.0,0.0
86-A,1.0,1.0,0.0
73-Y,1.0,1.0,0.0
86-E,1.0,1.0,0.0
86-D,1.0,1.0,0.0
86-F,1.0,1.0,0.0
86-H,1.0,1.0,0.0
86-K,1.0,1.0,0.0
100-Y,1.0,1.0,0.0
86-Q,1.0,1.0,0.0
86-P,1.0,1.0,0.0
86-S,1.0,1.0,0.0
86-W,1.0,1.0,0.0
86-Y,1.0,1.0,0.0
100-N,1.0,1.0,0.0
100-M,1.0,1.0,0.0
100-L,1.0,1.0,0.0
100-K,1.0,1.0,0.0
100-I,1.0,1.0,0.0
100-H,1.0,1.0,0.0
103-G,1.0,1.0,0.0
103-A,1.0,1.0,0.0
73-Q,1.0,1.0,0.0
73-P,4.0,4.0,0.0
73-S,1.0,1.0,0.0
100-F,1.0,1.0,0.0
73-T,1.0,1.0,0.0
100-D,1.0,1.0,0.0
100-A,1.0,1.0,0.0
103-T,1.0,1.0,0.0
103-V,1.0,1.0,0.0
103-W,1.0,1.0,0.0
103-P,1.0,1.0,0.0
103-Q,1.0,1.0,0.0
103-R,1.0,1.0,0.0
120-T,1.0,1.0,0.0
127-F,8.0,8.0,0.0
77-T,1.0,1.0,0.0
77-W,1.0,1.0,0.0
77-Q,1.0,1.0,0.0
77-P,1.0,1.0,0.0
77-S,1.0,1.0,0.0
77-R,1.0,1.0,0.0
26-*,1.0,1.0,0.0
77-D,1.0,1.0,0.0
77-F,1.0,1.0,0.0
72-*,1.0,1.0,0.0
77-M,1.0,1.0,0.0
77-L,1.0,1.0,0.0
77-I,1.0,1.0,0.0
77-K,1.0,1.0,0.0
51-Q,1.0,1.0,0.0
51-S,1.0,1.0,0.0
51-T,1.0,1.0,0.0
51-V,1.0,1.0,0.0
51-Y,1.0,1.0,0.0
22-*,1.0,1.0,0.0
51-C,1.0,1.0,0.0
51-D,1.0,1.0,0.0
51-F,1.0,1.0,0.0
51-N,1.0,1.0,0.0
22-F,1.0,1.0,0.0
22-D,1.0,1.0,0.0
22-N,46.0,46.0,0.0
22-M,1.0,1.0,0.0
22-L,1.0,1.0,0.0
22-K,1.0,1.0,0.0
22-I,1.0,1.0,0.0
22-T,1.0,1.0,0.0
22-S,1.0,1.0,0.0
22-Q,1.0,1.0,0.0
22-P,1.0,1.0,0.0
26-F,1.0,1.0,0.0
26-D,1.0,1.0,0.0
26-H,1.0,1.0,0.0
72-P,1.0,1.0,0.0
26-N,1.0,1.0,0.0
26-S,1.0,1.0,0.0
26-Q,1.0,1.0,0.0
26-P,1.0,1.0,0.0
26-W,1.0,1.0,0.0
26-V,1.0,1.0,0.0
26-T,1.0,1.0,0.0
72-D,1.0,1.0,0.0
26-Y,1.0,1.0,0.0
72-G,22.0,22.0,0.0
72-C,1.0,1.0,0.0
98-*,1.0,1.0,0.0
6-I,1.0,1.0,0.0
111-Q,1.0,1.0,0.0
6-A,1.0,1.0,0.0
111-M,1.0,1.0,0.0
111-I,1.0,1.0,0.0
6-P,2.0,2.0,0.0
67-R,1.0,1.0,0.0
98-P,1.0,1.0,0.0
98-Q,1.0,1.0,0.0
98-R,2.0,2.0,0.0
98-T,1.0,1.0,0.0
98-I,1.0,1.0,0.0
98-K,1.0,1.0,0.0
98-L,1.0,1.0,0.0
98-C,1.0,1.0,0.0
98-D,1.0,1.0,0.0
98-F,1.0,1.0,0.0
67-*,1.0,1.0,0.0
114-G,1.0,1.0,0.0
1-G,1.0,1.0,0.0
94-V,1.0,1.0,0.0
94-W,1.0,1.0,0.0
94-P,1.0,1.0,0.0
94-Q,1.0,1.0,0.0
94-S,1.0,1.0,0.0
94-Y,1.0,1.0,0.0
94-D,1.0,1.0,0.0
44-*,1.0,1.0,0.0
94-F,1.0,1.0,0.0
94-L,1.0,1.0,0.0
94-M,1.0,1.0,0.0
94-H,1.0,1.0,0.0
94-K,1.0,1.0,0.0
90-P,1.0,1.0,0.0
90-W,1.0,1.0,0.0
90-Y,1.0,1.0,0.0
90-C,1.0,1.0,0.0
90-D,1.0,1.0,0.0
90-E,1.0,1.0,0.0
90-F,1.0,1.0,0.0
90-H,1.0,1.0,0.0
90-I,1.0,1.0,0.0
90-K,1.0,1.0,0.0
90-M,1.0,1.0,0.0
90-N,1.0,1.0,0.0
90-*,1.0,1.0,0.0
101-Q,1.0,1.0,0.0
44-Y,1.0,1.0,0.0
44-Q,1.0,1.0,0.0
44-V,1.0,1.0,0.0
44-I,1.0,1.0,0.0
44-H,1.0,1.0,0.0
44-N,1.0,1.0,0.0
44-F,1.0,1.0,0.0
44-D,1.0,1.0,0.0
88-D,1.0,1.0,0.0
94-E,1.0,1.0,0.0
118-Y,1.0,1.0,0.0
92-W,1.0,1.0,0.0
92-P,1.0,1.0,0.0
92-D,1.0,1.0,0.0
92-C,1.0,1.0,0.0
92-A,1.0,1.0,0.0
92-K,1.0,1.0,0.0
92-H,1.0,1.0,0.0
17-F,1.0,1.0,0.0
17-D,1.0,1.0,0.0
17-N,1.0,1.0,0.0
17-K,1.0,1.0,0.0
17-I,1.0,1.0,0.0
17-H,1.0,1.0,0.0
17-W,1.0,1.0,0.0
17-V,1.0,1.0,0.0
17-T,1.0,1.0,0.0
17-Q,1.0,1.0,0.0
17-P,1.0,1.0,0.0
17-Y,1.0,1.0,0.0
13-F,1.0,1.0,0.0
13-D,1.0,1.0,0.0
13-K,1.0,1.0,0.0
13-I,1.0,1.0,0.0
65-P,1.0,1.0,0.0
13-M,1.0,1.0,0.0
13-Q,1.0,1.0,0.0
13-T,1.0,1.0,0.0
65-D,1.0,1.0,0.0
65-E,1.0,1.0,0.0
65-C,1.0,1.0,0.0
13-*,1.0,1.0,0.0
65-*,1.0,1.0,0.0
82-P,1.0,1.0,0.0
17-*,1.0,1.0,0.0
42-*,1.0,1.0,0.0
123-N,1.0,1.0,0.0
72-V,1.0,1.0,0.0
60-*,1.0,1.0,0.0
60-Q,1.0,1.0,0.0
60-P,1.0,1.0,0.0
60-S,1.0,1.0,0.0
60-Y,1.0,1.0,0.0
60-E,1.0,1.0,0.0
60-D,1.0,1.0,0.0
60-F,1.0,1.0,0.0
60-C,1.0,1.0,0.0
60-M,1.0,1.0,0.0
60-N,1.0,1.0,0.0
60-H,1.0,1.0,0.0
42-Q,1.0,1.0,0.0
42-W,1.0,1.0,0.0
42-Y,1.0,1.0,0.0
42-A,1.0,1.0,0.0
42-C,1.0,1.0,0.0
82-S,1.0,1.0,0.0
42-F,1.0,1.0,0.0
42-I,1.0,1.0,0.0
42-H,1.0,1.0,0.0
42-K,1.0,1.0,0.0
42-M,1.0,1.0,0.0
42-L,1.0,1.0,0.0
42-N,1.0,1.0,0.0
15-Q,1.0,1.0,0.0
31-H,1.0,1.0,0.0
31-M,1.0,1.0,0.0
31-F,1.0,1.0,0.0
110-*,1.0,1.0,0.0
15-T,1.0,1.0,0.0
18-P,1.0,1.0,0.0
18-Q,1.0,1.0,0.0
18-T,1.0,1.0,0.0
4-P,1.0,1.0,0.0
4-Q,6.0,6.0,0.0
4-Y,1.0,1.0,0.0
15-N,1.0,1.0,0.0
108-R,1.0,1.0,0.0
108-Q,1.0,1.0,0.0
4-A,1.0,1.0,0.0
4-D,1.0,1.0,0.0
4-F,1.0,1.0,0.0
4-H,1.0,1.0,0.0
4-I,11.0,11.0,0.0
83-*,1.0,1.0,0.0
4-K,1.0,1.0,0.0
4-M,1.0,1.0,0.0
66-D,1.0,1.0,0.0
87-*,1.0,1.0,0.0
87-T,1.0,1.0,0.0
87-W,1.0,1.0,0.0
87-S,1.0,1.0,0.0
87-Y,1.0,1.0,0.0
87-D,1.0,1.0,0.0
87-E,1.0,1.0,0.0
87-F,1.0,1.0,0.0
87-A,1.0,1.0,0.0
66-N,1.0,1.0,0.0
87-L,1.0,1.0,0.0
87-N,1.0,1.0,0.0
87-H,1.0,1.0,0.0
87-I,1.0,1.0,0.0
87-K,1.0,1.0,0.0
83-P,1.0,1.0,0.0
83-Q,1.0,1.0,0.0
83-T,1.0,1.0,0.0
83-W,1.0,1.0,0.0
83-Y,1.0,1.0,0.0
101-F,1.0,1.0,0.0
101-G,1.0,1.0,0.0
83-F,1.0,1.0,0.0
83-G,1.0,1.0,0.0
83-H,1.0,1.0,0.0
83-I,1.0,1.0,0.0
66-H,1.0,1.0,0.0
83-M,1.0,1.0,0.0
83-N,1.0,1.0,0.0
125-D,1.0,1.0,0.0
110-M,1.0,1.0,0.0
81-W,1.0,1.0,0.0
81-T,1.0,1.0,0.0
81-R,1.0,1.0,0.0
81-S,1.0,1.0,0.0
81-P,1.0,1.0,0.0
81-Y,1.0,1.0,0.0
81-F,1.0,1.0,0.0
81-E,1.0,1.0,0.0
81-C,1.0,1.0,0.0
81-N,1.0,1.0,0.0
81-L,1.0,1.0,0.0
81-M,1.0,1.0,0.0
81-H,1.0,1.0,0.0
81-I,1.0,1.0,0.0
91-K,1.0,1.0,0.0
73-N,1.0,1.0,0.0
110-Y,1.0,1.0,0.0
101-*,1.0,1.0,0.0
103-M,1.0,1.0,0.0
104-K,1.0,1.0,0.0
104-I,1.0,1.0,0.0
104-H,1.0,1.0,0.0
104-N,1.0,1.0,0.0
104-C,1.0,1.0,0.0
104-F,1.0,1.0,0.0
104-D,1.0,1.0,0.0
104-Y,1.0,1.0,0.0
108-V,1.0,1.0,0.0
104-S,1.0,1.0,0.0
104-R,1.0,1.0,0.0
104-Q,1.0,1.0,0.0
104-P,1.0,1.0,0.0
104-W,1.0,1.0,0.0
104-V,1.0,1.0,0.0
104-T,1.0,1.0,0.0
104-*,1.0,1.0,0.0
108-T,1.0,1.0,0.0
108-N,1.0,1.0,0.0
108-K,1.0,1.0,0.0
108-F,1.0,1.0,0.0
108-E,1.0,1.0,0.0
37-Q,1.0,1.0,0.0
37-P,1.0,1.0,0.0
37-R,1.0,1.0,0.0
37-T,1.0,1.0,0.0
37-D,1.0,1.0,0.0
37-F,1.0,1.0,0.0
37-H,1.0,1.0,0.0
37-K,1.0,1.0,0.0
37-M,1.0,1.0,0.0
37-N,1.0,1.0,0.0
103-K,1.0,1.0,0.0
37-*,1.0,1.0,0.0
103-E,1.0,1.0,0.0
76-*,1.0,1.0,0.0
50-D,1.0,1.0,0.0
50-E,1.0,1.0,0.0
55-Y,1.0,1.0,0.0
50-C,1.0,1.0,0.0
55-W,1.0,1.0,0.0
55-V,1.0,1.0,0.0
55-Q,1.0,1.0,0.0
55-M,1.0,1.0,0.0
55-N,1.0,1.0,0.0
55-I,1.0,1.0,0.0
55-D,1.0,1.0,0.0
50-Y,1.0,1.0,0.0
55-C,1.0,1.0,0.0
50-*,1.0,1.0,0.0
47-N,1.0,1.0,0.0
76-Y,1.0,1.0,0.0
76-P,1.0,1.0,0.0
76-Q,1.0,1.0,0.0
76-T,1.0,1.0,0.0
76-W,1.0,1.0,0.0
76-H,1.0,1.0,0.0
76-I,1.0,1.0,0.0
76-K,1.0,1.0,0.0
76-L,1.0,1.0,0.0
76-M,1.0,1.0,0.0
76-N,1.0,1.0,0.0
76-C,10.0,10.0,0.0
76-E,1.0,1.0,0.0
76-F,1.0,1.0,0.0
3-Y,1.0,1.0,0.0
3-W,1.0,1.0,0.0
3-R,1.0,1.0,0.0
3-Q,1.0,1.0,0.0
3-N,1.0,1.0,0.0
3-M,1.0,1.0,0.0
3-L,1.0,1.0,0.0
3-I,1.0,1.0,0.0
3-H,1.0,1.0,0.0
3-G,7.0,7.0,0.0
3-F,1.0,1.0,0.0
3-D,1.0,1.0,0.0
3-C,1.0,1.0,0.0
3-A,1.0,1.0,0.0
115-W,1.0,1.0,0.0
59-*,1.0,1.0,0.0
54-A,1.0,1.0,0.0
54-D,1.0,1.0,0.0
54-E,1.0,1.0,0.0
54-F,1.0,1.0,0.0
59-Q,1.0,1.0,0.0
59-P,1.0,1.0,0.0
59-S,1.0,1.0,0.0
59-R,1.0,1.0,0.0
59-T,1.0,1.0,0.0
59-W,1.0,1.0,0.0
59-I,1.0,1.0,0.0
59-K,1.0,1.0,0.0
59-M,1.0,1.0,0.0
59-L,1.0,1.0,0.0
54-V,1.0,1.0,0.0
54-W,1.0,1.0,0.0
54-Y,1.0,1.0,0.0
59-C,1.0,1.0,0.0
59-D,1.0,1.0,0.0
59-F,1.0,1.0,0.0
3-*,1.0,1.0,0.0
95-M,1.0,1.0,0.0
87-C,1.0,1.0,0.0
101-K,1.0,1.0,0.0
95-V,1.0,1.0,0.0
101-H,1.0,1.0,0.0
101-I,1.0,1.0,0.0
101-N,1.0,1.0,0.0
101-L,1.0,1.0,0.0
101-M,1.0,1.0,0.0
77-C,1.0,1.0,0.0
74-F,1.0,1.0,0.0
101-Y,1.0,1.0,0.0
108-*,1.0,1.0,0.0
101-P,1.0,1.0,0.0
83-K,1.0,1.0,0.0
101-W,1.0,1.0,0.0
101-T,1.0,1.0,0.0
24-*,1.0,1.0,0.0
119-R,1.0,1.0,0.0
24-A,1.0,1.0,0.0
24-C,1.0,1.0,0.0
24-M,1.0,1.0,0.0
24-N,1.0,1.0,0.0
24-I,1.0,1.0,0.0
24-K,1.0,1.0,0.0
24-Q,1.0,1.0,0.0
24-Y,1.0,1.0,0.0
43-N,1.0,1.0,0.0
93-*,1.0,1.0,0.0
45-*,1.0,1.0,0.0
46-P,1.0,1.0,0.0
43-K,1.0,1.0,0.0
46-I,1.0,1.0,0.0
43-Q,1.0,1.0,0.0
1-Y,1.0,1.0,0.0
82-H,1.0,1.0,0.0
93-K,1.0,1.0,0.0
93-I,1.0,1.0,0.0
82-K,1.0,1.0,0.0
93-M,1.0,1.0,0.0
93-C,1.0,1.0,0.0
93-F,1.0,1.0,0.0
93-D,1.0,1.0,0.0
1-Q,1.0,1.0,0.0
93-S,1.0,1.0,0.0
93-R,1.0,1.0,0.0
93-Q,1.0,1.0,0.0
93-P,1.0,1.0,0.0
93-W,1.0,1.0,0.0
38-D,1.0,1.0,0.0
46-W,1.0,1.0,0.0
1-T,1.0,1.0,0.0
28-*,1.0,1.0,0.0
61-Y,1.0,1.0,0.0
61-P,1.0,1.0,0.0
61-Q,1.0,1.0,0.0
61-H,1.0,1.0,0.0
61-I,1.0,1.0,0.0
61-K,1.0,1.0,0.0
61-L,1.0,1.0,0.0
61-M,1.0,1.0,0.0
61-N,1.0,1.0,0.0
61-E,1.0,1.0,0.0
61-F,1.0,1.0,0.0
61-G,1.0,1.0,0.0
46-Q,1.0,1.0,0.0
1-N,1.0,1.0,0.0
1-A,1.0,1.0,0.0
61-*,1.0,1.0,0.0
1-C,1.0,1.0,0.0
72-Y,1.0,1.0,0.0
28-Q,1.0,1.0,0.0
28-P,1.0,1.0,0.0
28-S,1.0,1.0,0.0
1-D,1.0,1.0,0.0
28-A,1.0,1.0,0.0
72-T,1.0,1.0,0.0
28-H,1.0,1.0,0.0
28-K,2.0,2.0,0.0
1-F,1.0,1.0,0.0
28-L,1.0,1.0,0.0
47-A,1.0,1.0,0.0
47-D,1.0,1.0,0.0
47-E,1.0,1.0,0.0
47-F,1.0,1.0,0.0
47-I,1.0,1.0,0.0
47-K,1.0,1.0,0.0
47-M,1.0,1.0,0.0
43-*,1.0,1.0,0.0
72-Q,1.0,1.0,0.0
47-R,1.0,1.0,0.0
47-T,1.0,1.0,0.0
72-R,1.0,1.0,0.0
47-V,1.0,1.0,0.0
46-*,1.0,1.0,0.0
47-Y,1.0,1.0,0.0
72-S,1.0,1.0,0.0
96-I,1.0,1.0,0.0
96-N,1.0,1.0,0.0
96-L,1.0,1.0,0.0
96-C,3.0,3.0,0.0
72-N,1.0,1.0,0.0
65-Y,1.0,1.0,0.0
72-H,1.0,1.0,0.0
72-I,1.0,1.0,0.0
72-K,1.0,1.0,0.0
72-F,1.0,1.0,0.0
43-E,1.0,1.0,0.0
46-Y,1.0,1.0,0.0
43-C,1.0,1.0,0.0
46-T,1.0,1.0,0.0
47-*,1.0,1.0,0.0
43-I,1.0,1.0,0.0
46-M,1.0,1.0,0.0
46-L,1.0,1.0,0.0
43-V,1.0,1.0,0.0
46-N,1.0,1.0,0.0
43-P,1.0,1.0,0.0
46-H,1.0,1.0,0.0
46-K,1.0,1.0,0.0
46-E,1.0,1.0,0.0
46-G,1.0,1.0,0.0
46-F,1.0,1.0,0.0
43-Y,1.0,1.0,0.0
5-Y,1.0,1.0,0.0
5-E,1.0,1.0,0.0
5-F,1.0,1.0,0.0
69-*,1.0,1.0,0.0
5-H,1.0,1.0,0.0
69-Q,1.0,1.0,0.0
69-T,1.0,1.0,0.0
69-Y,1.0,1.0,0.0
69-C,1.0,1.0,0.0
69-D,1.0,1.0,0.0
69-E,1.0,1.0,0.0
69-F,1.0,1.0,0.0
69-H,1.0,1.0,0.0
69-K,1.0,1.0,0.0
69-L,1.0,1.0,0.0
109-S,1.0,1.0,0.0
109-P,1.0,1.0,0.0
109-W,1.0,1.0,0.0
109-Y,1.0,1.0,0.0
109-C,1.0,1.0,0.0
109-A,1.0,1.0,0.0
109-G,1.0,1.0,0.0
109-D,1.0,1.0,0.0
109-K,1.0,1.0,0.0
109-H,1.0,1.0,0.0
109-L,1.0,1.0,0.0
109-M,1.0,1.0,0.0
11-D,1.0,1.0,0.0
11-L,1.0,1.0,0.0
11-N,1.0,1.0,0.0
11-I,1.0,1.0,0.0
11-H,1.0,1.0,0.0
11-Y,1.0,1.0,0.0
111-D,1.0,1.0,0.0
111-C,1.0,1.0,0.0
121-I,1.0,1.0,0.0
80-K,1.0,1.0,0.0
80-H,1.0,1.0,0.0
80-N,1.0,1.0,0.0
80-M,1.0,1.0,0.0
80-C,15.0,15.0,0.0
80-A,1.0,1.0,0.0
80-F,1.0,1.0,0.0
80-E,1.0,1.0,0.0
80-D,1.0,1.0,0.0
82-M,1.0,1.0,0.0
80-R,1.0,1.0,0.0
80-Q,1.0,1.0,0.0
80-P,1.0,1.0,0.0
80-W,1.0,1.0,0.0
80-*,1.0,1.0,0.0
124-L,1.0,1.0,0.0
105-N,1.0,1.0,0.0
105-L,1.0,1.0,0.0
105-M,1.0,1.0,0.0
105-H,1.0,1.0,0.0
105-I,1.0,1.0,0.0
105-F,1.0,1.0,0.0
105-E,1.0,1.0,0.0
105-C,1.0,1.0,0.0
89-*,1.0,1.0,0.0
105-Y,1.0,1.0,0.0
105-W,1.0,1.0,0.0
105-T,1.0,1.0,0.0
105-S,1.0,1.0,0.0
105-P,1.0,1.0,0.0
89-Y,1.0,1.0,0.0
89-W,1.0,1.0,0.0
89-T,1.0,1.0,0.0
89-P,1.0,1.0,0.0
89-Q,1.0,1.0,0.0
89-N,1.0,1.0,0.0
89-L,1.0,1.0,0.0
89-M,1.0,1.0,0.0
89-K,1.0,1.0,0.0
89-H,1.0,1.0,0.0
89-I,1.0,1.0,0.0
89-F,1.0,1.0,0.0
89-G,1.0,1.0,0.0
89-E,1.0,1.0,0.0
36-E,1.0,1.0,0.0
36-A,1.0,1.0,0.0
36-H,1.0,1.0,0.0
36-K,1.0,1.0,0.0
36-P,1.0,1.0,0.0
33-H,1.0,1.0,0.0
33-D,1.0,1.0,0.0
36-Y,1.0,1.0,0.0
33-C,1.0,1.0,0.0
50-I,1.0,1.0,0.0
36-*,1.0,1.0,0.0
82-F,1.0,1.0,0.0
85-*,1.0,1.0,0.0
50-K,1.0,1.0,0.0
32-*,1.0,1.0,0.0
32-C,1.0,1.0,0.0
32-D,1.0,1.0,0.0
32-F,1.0,1.0,0.0
32-I,1.0,1.0,0.0
32-M,1.0,1.0,0.0
32-P,1.0,1.0,0.0
32-S,1.0,1.0,0.0
32-V,18.0,18.0,0.0
103-L,1.0,1.0,0.0
85-K,1.0,1.0,0.0
85-H,1.0,1.0,0.0
85-N,1.0,1.0,0.0
103-I,1.0,1.0,0.0
85-M,1.0,1.0,0.0
85-A,1.0,1.0,0.0
85-F,1.0,1.0,0.0
85-G,1.0,1.0,0.0
85-D,1.0,1.0,0.0
85-E,1.0,1.0,0.0
85-Y,23.0,23.0,0.0
103-Y,1.0,1.0,0.0
85-R,1.0,1.0,0.0
85-Q,1.0,1.0,0.0
85-W,1.0,1.0,0.0
85-T,1.0,1.0,0.0
50-P,1.0,1.0,0.0
58-*,1.0,1.0,0.0
50-Q,1.0,1.0,0.0
58-M,1.0,1.0,0.0
58-N,1.0,1.0,0.0
58-H,1.0,1.0,0.0
58-D,1.0,1.0,0.0
58-E,1.0,1.0,0.0
58-F,1.0,1.0,0.0
58-G,1.0,1.0,0.0
58-A,1.0,1.0,0.0
58-C,1.0,1.0,0.0
58-Y,1.0,1.0,0.0
58-W,1.0,1.0,0.0
58-P,1.0,1.0,0.0
58-Q,1.0,1.0,0.0
58-S,1.0,1.0,0.0
82-Y,1.0,1.0,0.0
0-T,1.0,1.0,0.0
0-W,1.0,1.0,0.0
0-P,1.0,1.0,0.0
0-Q,1.0,1.0,0.0
0-R,1.0,1.0,0.0
0-D,1.0,1.0,0.0
0-F,1.0,1.0,0.0
0-C,1.0,1.0,0.0
0-L,1.0,1.0,0.0
0-M,1.0,1.0,0.0
0-K,1.0,1.0,0.0
0-*,1.0,1.0,0.0
15-P,1.0,1.0,0.0
82-W,1.0,1.0,0.0
82-Q,1.0,1.0,0.0
67-H,1.0,1.0,0.0
74-Y,1.0,1.0,0.0
74-W,1.0,1.0,0.0
74-P,1.0,1.0,0.0
74-L,1.0,1.0,0.0
74-M,1.0,1.0,0.0
74-K,1.0,1.0,0.0
74-H,1.0,1.0,0.0
70-*,1.0,1.0,0.0
74-C,1.0,1.0,0.0
74-A,1.0,1.0,0.0
25-*,1.0,1.0,0.0
52-Y,1.0,1.0,0.0
52-P,1.0,1.0,0.0
52-V,1.0,1.0,0.0
52-T,5.0,5.0,0.0
52-K,1.0,1.0,0.0
52-H,1.0,1.0,0.0
52-L,1.0,1.0,0.0
52-M,2.0,2.0,0.0
52-C,1.0,1.0,0.0
52-A,1.0,1.0,0.0
52-F,1.0,1.0,0.0
52-D,1.0,1.0,0.0
25-H,1.0,1.0,0.0
25-I,1.0,1.0,0.0
25-K,1.0,1.0,0.0
25-M,1.0,1.0,0.0
25-E,1.0,1.0,0.0
25-G,1.0,1.0,0.0
127-A,1.0,1.0,0.0
25-P,1.0,1.0,0.0
25-Q,1.0,1.0,0.0
70-S,1.0,1.0,0.0
70-T,1.0,1.0,0.0
70-Y,1.0,1.0,0.0
70-C,1.0,1.0,0.0
70-F,1.0,1.0,0.0
70-D,1.0,1.0,0.0
70-E,1.0,1.0,0.0
70-K,1.0,1.0,0.0
70-H,1.0,1.0,0.0
70-I,1.0,1.0,0.0
70-N,1.0,1.0,0.0
70-L,1.0,1.0,0.0
70-M,5.0,5.0,0.0
113-G,1.0,1.0,0.0
68-M,1.0,1.0,0.0
68-H,1.0,1.0,0.0
68-K,1.0,1.0,0.0
68-E,1.0,1.0,0.0
68-D,1.0,1.0,0.0
20-Y,1.0,1.0,0.0
68-F,1.0,1.0,0.0
20-Q,1.0,1.0,0.0
20-P,1.0,1.0,0.0
20-S,1.0,1.0,0.0
20-H,1.0,1.0,0.0
20-K,1.0,1.0,0.0
20-M,1.0,1.0,0.0
20-F,1.0,1.0,0.0
78-K,1.0,1.0,0.0
78-H,1.0,1.0,0.0
78-N,1.0,1.0,0.0
78-M,1.0,1.0,0.0
78-C,5.0,5.0,0.0
78-F,1.0,1.0,0.0
78-D,1.0,1.0,0.0
78-E,1.0,1.0,0.0
78-R,1.0,1.0,0.0
78-Q,1.0,1.0,0.0
78-T,1.0,1.0,0.0
78-*,1.0,1.0,0.0
117-L,1.0,1.0,0.0
68-T,1.0,1.0,0.0
68-W,1.0,1.0,0.0
29-D,1.0,1.0,0.0
29-F,1.0,1.0,0.0
29-A,1.0,1.0,0.0
29-M,1.0,1.0,0.0
29-H,1.0,1.0,0.0
29-K,1.0,1.0,0.0
20-*,1.0,1.0,0.0
29-P,1.0,1.0,0.0
29-Y,1.0,1.0,0.0
97-N,1.0,1.0,0.0
97-I,1.0,1.0,0.0
97-H,1.0,1.0,0.0
97-F,1.0,1.0,0.0
97-D,1.0,1.0,0.0
97-Y,1.0,1.0,0.0
97-V,1.0,1.0,0.0
97-R,1.0,1.0,0.0
97-Q,1.0,1.0,0.0
97-P,1.0,1.0,0.0
97-*,1.0,1.0,0.0
8-N,1.0,1.0,0.0
8-H,1.0,1.0,0.0
8-I,1.0,1.0,0.0
8-E,1.0,1.0,0.0
8-F,1.0,1.0,0.0
8-C,1.0,1.0,0.0
8-Y,1.0,1.0,0.0
8-P,1.0,1.0,0.0
49-*,1.0,1.0,0.0
49-C,1.0,1.0,0.0
49-F,1.0,1.0,0.0
49-N,1.0,1.0,0.0
49-M,1.0,1.0,0.0
49-P,1.0,1.0,0.0
49-Q,1.0,1.0,0.0
49-T,30.0,30.0,0.0
91-M,1.0,1.0,0.0
91-L,1.0,1.0,0.0
91-N,1.0,1.0,0.0
91-I,1.0,1.0,0.0
91-H,1.0,1.0,0.0
91-G,1.0,1.0,0.0
91-Y,1.0,1.0,0.0
91-T,1.0,1.0,0.0
91-W,1.0,1.0,0.0
91-Q,1.0,1.0,0.0
91-R,1.0,1.0,0.0
10-H,1.0,1.0,0.0
10-I,1.0,1.0,0.0
10-N,1.0,1.0,0.0
10-A,1.0,1.0,0.0
10-D,2.0,2.0,0.0
10-F,1.0,1.0,0.0
10-Y,1.0,1.0,0.0
2-S,1.0,1.0,0.0
2-P,1.0,1.0,0.0
2-Q,1.0,1.0,0.0
2-V,1.0,1.0,0.0
2-W,1.0,1.0,0.0
2-Y,1.0,1.0,0.0
2-A,1.0,1.0,0.0
2-F,1.0,1.0,0.0
2-D,1.0,1.0,0.0
2-E,1.0,1.0,0.0
2-H,1.0,1.0,0.0
2-L,1.0,1.0,0.0
2-M,1.0,1.0,0.0
2-*,1.0,1.0,0.0
41-*,1.0,1.0,0.0
63-*,1.0,1.0,0.0
63-Y,1.0,1.0,0.0
63-V,1.0,1.0,0.0
63-W,1.0,1.0,0.0
63-S,1.0,1.0,0.0
63-P,1.0,1.0,0.0
63-Q,1.0,1.0,0.0
63-L,1.0,1.0,0.0
63-M,1.0,1.0,0.0
63-K,1.0,1.0,0.0
63-H,1.0,1.0,0.0
63-F,1.0,1.0,0.0
63-D,1.0,1.0,0.0
63-E,1.0,1.0,0.0
63-A,1.0,1.0,0.0
41-Y,1.0,1.0,0.0
41-S,1.0,1.0,0.0
41-P,1.0,1.0,0.0
41-Q,1.0,1.0,0.0
41-H,1.0,1.0,0.0
41-N,1.0,1.0,0.0
94-*,1.0,1.0,0.0
41-M,1.0,1.0,0.0
41-C,1.0,1.0,0.0
41-F,1.0,1.0,0.0
41-G,1.0,1.0,0.0
41-D,1.0,1.0,0.0
19-W,1.0,1.0,0.0
19-V,1.0,1.0,0.0
19-Q,1.0,1.0,0.0
19-P,1.0,1.0,0.0
19-L,1.0,1.0,0.0
19-N,1.0,1.0,0.0
19-E,1.0,1.0,0.0
19-F,1.0,1.0,0.0
19-A,1.0,1.0,0.0
88-S,1.0,1.0,0.0
88-Q,3.0,3.0,0.0
88-P,1.0,1.0,0.0
88-W,1.0,1.0,0.0
88-V,1.0,1.0,0.0
88-C,1.0,1.0,0.0
88-A,1.0,1.0,0.0
88-F,1.0,1.0,0.0
19-*,1.0,1.0,0.0
88-K,1.0,1.0,0.0
88-H,1.0,1.0,0.0
88-M,1.0,1.0,0.0
88-L,1.0,1.0,0.0
128-P,1.0,1.0,0.0
15-*,1.0,1.0,0.0
128-F,1.0,1.0,0.0
128-K,1.0,1.0,0.0
15-Y,1.0,1.0,0.0
18-E,1.0,1.0,0.0
18-I,1.0,1.0,0.0
15-S,1.0,1.0,0.0
18-K,1.0,1.0,0.0
18-M,1.0,1.0,0.0
15-V,1.0,1.0,0.0
15-I,1.0,1.0,0.0
15-K,1.0,1.0,0.0
18-Y,1.0,1.0,0.0
15-C,1.0,1.0,0.0
15-D,1.0,1.0,0.0
76-G,1.0,1.0,0.0
7-Y,1.0,1.0,0.0
84-*,1.0,1.0,0.0
7-Q,1.0,1.0,0.0
7-P,1.0,1.0,0.0
7-I,1.0,1.0,0.0
7-H,1.0,1.0,0.0
75-*,1.0,1.0,0.0
84-M,1.0,1.0,0.0
84-L,1.0,1.0,0.0
84-K,1.0,1.0,0.0
84-H,1.0,1.0,0.0
84-F,1.0,1.0,0.0
84-E,1.0,1.0,0.0
84-A,1.0,1.0,0.0
84-Y,1.0,1.0,0.0
84-W,1.0,1.0,0.0
84-S,1.0,1.0,0.0
84-P,1.0,1.0,0.0
38-N,1.0,1.0,0.0
82-L,1.0,1.0,0.0
38-M,1.0,1.0,0.0
38-K,1.0,1.0,0.0
38-H,1.0,1.0,0.0
38-I,1.0,1.0,0.0
38-F,1.0,1.0,0.0
38-C,1.0,1.0,0.0
1-I,1.0,1.0,0.0
1-M,1.0,1.0,0.0
38-Y,1.0,1.0,0.0
38-P,1.0,1.0,0.0
38-*,1.0,1.0,0.0
82-*,1.0,1.0,0.0
126-D,16.0,16.0,0.0
107-D,1.0,1.0,0.0
107-H,1.0,1.0,0.0
107-K,1.0,1.0,0.0
107-M,1.0,1.0,0.0
107-N,1.0,1.0,0.0
107-P,1.0,1.0,0.0
107-W,1.0,1.0,0.0
34-Y,1.0,1.0,0.0
34-Q,1.0,1.0,0.0
34-W,1.0,1.0,0.0
34-K,1.0,1.0,0.0
34-I,1.0,1.0,0.0
34-N,1.0,1.0,0.0
34-A,1.0,1.0,0.0
34-F,1.0,1.0,0.0
34-E,1.0,1.0,0.0
54-K,1.0,1.0,0.0
54-M,1.0,1.0,0.0
34-*,1.0,1.0,0.0
54-N,1.0,1.0,0.0
54-P,1.0,1.0,0.0
54-Q,1.0,1.0,0.0
54-T,1.0,1.0,0.0
75-S,1.0,1.0,0.0
75-Q,1.0,1.0,0.0
75-P,1.0,1.0,0.0
75-V,1.0,1.0,0.0
75-Y,1.0,1.0,0.0
82-E,1.0,1.0,0.0
75-A,1.0,1.0,0.0
75-F,1.0,1.0,0.0
75-E,1.0,1.0,0.0
75-D,1.0,1.0,0.0
75-K,1.0,1.0,0.0
75-H,1.0,1.0,0.0
71-*,1.0,1.0,0.0
75-M,1.0,1.0,0.0
75-L,1.0,1.0,0.0
53-Y,1.0,1.0,0.0
53-V,3.0,3.0,0.0
53-T,1.0,1.0,0.0
53-S,1.0,1.0,0.0
53-R,15.0,15.0,0.0
53-N,1.0,1.0,0.0
53-L,1.0,1.0,0.0
53-K,1.0,1.0,0.0
53-I,1.0,1.0,0.0
53-H,1.0,1.0,0.0
53-F,1.0,1.0,0.0
53-E,1.0,1.0,0.0
53-D,1.0,1.0,0.0
53-C,1.0,1.0,0.0
53-*,1.0,1.0,0.0
71-Q,1.0,1.0,0.0
71-P,1.0,1.0,0.0
71-F,1.0,1.0,0.0
71-E,1.0,1.0,0.0
71-A,1.0,1.0,0.0
71-N,1.0,1.0,0.0
71-M,1.0,1.0,0.0
112-R,1.0,1.0,0.0
112-P,1.0,1.0,0.0
112-Q,1.0,1.0,0.0
56-*,1.0,1.0,0.0
112-F,1.0,1.0,0.0
112-D,1.0,1.0,0.0
112-C,1.0,1.0,0.0
112-K,1.0,1.0,0.0
112-I,1.0,1.0,0.0
56-F,1.0,1.0,0.0
56-G,1.0,1.0,0.0
56-N,1.0,1.0,0.0
56-M,1.0,1.0,0.0
56-K,1.0,1.0,0.0
56-H,1.0,1.0,0.0
56-W,1.0,1.0,0.0
56-P,1.0,1.0,0.0
56-Q,1.0,1.0,0.0
112-*,1.0,1.0,0.0
56-Y,1.0,1.0,0.0
92-R,122.0,121.0,-0.008
21-R,112.0,111.0,-0.009
96-P,106.0,105.0,-0.009
92-E,89.0,88.0,-0.011
113-N,59.0,58.0,-0.017
12-T,47.0,46.0,-0.022
0-A,40.0,39.0,-0.025
48-H,38.0,37.0,-0.027
110-S,33.0,32.0,-0.031
33-V,27.0,26.0,-0.038
44-E,49.0,47.0,-0.042
0-Y,79.0,75.0,-0.052
52-N,35.0,33.0,-0.059
64-G,120.0,113.0,-0.06
88-*,34.0,32.0,-0.061
5-K,34.0,32.0,-0.061
86-C,16.0,15.0,-0.065
34-S,16.0,15.0,-0.065
116-R,346.0,324.0,-0.066
72-M,47.0,44.0,-0.066
32-Y,29.0,27.0,-0.071
86-I,14.0,13.0,-0.074
95-E,121.0,112.0,-0.077
6-G,38.0,35.0,-0.082
45-E,50.0,46.0,-0.083
30-F,25.0,23.0,-0.083
57-R,12.0,11.0,-0.087
85-C,12.0,11.0,-0.087
67-V,47.0,43.0,-0.089
28-N,47.0,43.0,-0.089
31-T,97.0,88.0,-0.097
106-A,124.0,112.0,-0.102
100-E,20.0,18.0,-0.105
93-E,30.0,27.0,-0.105
85-I,20.0,18.0,-0.105
49-I,10.0,9.0,-0.105
118-H,119.0,106.0,-0.116
81-D,27.0,24.0,-0.118
28-C,27.0,24.0,-0.118
8-A,9.0,8.0,-0.118
31-K,53.0,47.0,-0.12
66-M,26.0,23.0,-0.123
121-M,94.0,83.0,-0.124
128-I,33.0,29.0,-0.129
104-M,49.0,43.0,-0.131
114-Y,40.0,35.0,-0.134
2-G,109.0,95.0,-0.137
127-R,23.0,20.0,-0.14
37-L,138.0,120.0,-0.14
44-L,15.0,13.0,-0.143
31-I,45.0,39.0,-0.143
59-E,36.0,31.0,-0.15
0-N,70.0,60.0,-0.154
68-N,7.0,6.0,-0.154
17-A,137.0,117.0,-0.158
111-L,61.0,52.0,-0.16
113-A,160.0,136.0,-0.163
71-K,33.0,28.0,-0.164
18-F,26.0,22.0,-0.167
67-L,122.0,103.0,-0.169
93-V,38.0,32.0,-0.172
4-R,113.0,95.0,-0.174
12-V,86.0,72.0,-0.178
16-T,6.0,5.0,-0.182
44-M,48.0,40.0,-0.182
54-C,18.0,15.0,-0.182
47-S,12.0,10.0,-0.182
46-V,18.0,15.0,-0.182
46-C,6.0,5.0,-0.182
8-R,6.0,5.0,-0.182
113-D,135.0,112.0,-0.187
62-E,35.0,29.0,-0.188
29-N,35.0,29.0,-0.188
114-S,232.0,192.0,-0.189
89-S,29.0,24.0,-0.189
73-L,63.0,52.0,-0.192
112-G,94.0,77.0,-0.199
84-C,43.0,35.0,-0.206
74-*,16.0,13.0,-0.208
63-G,112.0,91.0,-0.208
17-E,37.0,30.0,-0.21
103-N,26.0,21.0,-0.214
121-L,187.0,151.0,-0.214
113-L,128.0,103.0,-0.217
128-N,106.0,85.0,-0.221
66-*,30.0,24.0,-0.223
13-A,5.0,4.0,-0.223
38-A,5.0,4.0,-0.223
0-G,94.0,75.0,-0.226
111-*,49.0,39.0,-0.228
13-N,28.0,22.0,-0.241
8-D,37.0,29.0,-0.244
16-E,145.0,113.0,-0.249
14-I,18.0,14.0,-0.251
100-G,18.0,14.0,-0.251
59-A,18.0,14.0,-0.251
77-V,31.0,24.0,-0.256
9-D,22.0,17.0,-0.258
84-G,114.0,88.0,-0.259
65-Q,13.0,10.0,-0.262
12-G,13.0,10.0,-0.262
31-R,13.0,10.0,-0.262
61-V,13.0,10.0,-0.262
0-H,13.0,10.0,-0.262
109-E,77.0,59.0,-0.266
9-T,47.0,36.0,-0.267
37-Y,21.0,16.0,-0.272
9-S,37.0,28.0,-0.279
10-V,61.0,46.0,-0.282
59-G,113.0,85.0,-0.285
21-N,12.0,9.0,-0.288
116-Q,36.0,27.0,-0.288
9-E,20.0,15.0,-0.288
62-L,12.0,9.0,-0.288
64-A,8.0,6.0,-0.288
31-W,4.0,3.0,-0.288
31-E,4.0,3.0,-0.288
55-G,4.0,3.0,-0.288
76-A,12.0,9.0,-0.288
24-S,24.0,18.0,-0.288
105-A,8.0,6.0,-0.288
33-M,4.0,3.0,-0.288
25-C,36.0,27.0,-0.288
70-R,44.0,33.0,-0.288
38-R,8.0,6.0,-0.288
92-N,51.0,38.0,-0.294
1-L,47.0,35.0,-0.295
37-S,113.0,84.0,-0.297
88-E,101.0,75.0,-0.298
78-L,104.0,77.0,-0.301
16-*,46.0,34.0,-0.302
114-I,42.0,31.0,-0.304
114-V,152.0,112.0,-0.305
58-T,76.0,56.0,-0.305
126-R,102.0,75.0,-0.307
86-G,68.0,50.0,-0.307
22-E,34.0,25.0,-0.307
108-C,102.0,75.0,-0.307
31-L,59.0,43.0,-0.316
13-Y,11.0,8.0,-0.318
103-H,73.0,53.0,-0.32
113-H,58.0,42.0,-0.323
110-V,18.0,13.0,-0.325
58-K,18.0,13.0,-0.325
18-*,36.0,26.0,-0.325
9-W,14.0,10.0,-0.336
35-S,14.0,10.0,-0.336
6-L,7.0,5.0,-0.336
50-V,98.0,70.0,-0.336
76-V,14.0,10.0,-0.336
11-M,7.0,5.0,-0.336
0-V,21.0,15.0,-0.336
25-A,7.0,5.0,-0.336
49-H,7.0,5.0,-0.336
68-A,73.0,52.0,-0.339
114-L,76.0,54.0,-0.342
40-G,100.0,70.0,-0.357
50-F,30.0,21.0,-0.357
43-H,20.0,14.0,-0.357
114-M,53.0,37.0,-0.359
110-D,66.0,46.0,-0.361
42-V,59.0,41.0,-0.364
86-R,13.0,9.0,-0.368
30-H,68.0,47.0,-0.369
90-Q,16.0,11.0,-0.375
87-R,16.0,11.0,-0.375
78-I,16.0,11.0,-0.375
36-T,83.0,57.0,-0.376
7-T,86.0,59.0,-0.377
22-V,19.0,13.0,-0.379
19-K,19.0,13.0,-0.379
104-E,63.0,43.0,-0.382
23-T,47.0,32.0,-0.384
68-S,25.0,17.0,-0.386
49-S,109.0,74.0,-0.387
21-E,143.0,97.0,-0.388
30-N,28.0,19.0,-0.388
29-I,31.0,21.0,-0.389
91-D,37.0,25.0,-0.392
57-Q,40.0,27.0,-0.393
124-N,77.0,52.0,-0.393
53-P,104.0,70.0,-0.396
47-H,64.0,43.0,-0.398
29-R,115.0,77.0,-0.401
66-Q,6.0,4.0,-0.405
110-W,3.0,2.0,-0.405
12-C,3.0,2.0,-0.405
127-N,3.0,2.0,-0.405
26-C,3.0,2.0,-0.405
4-V,3.0,2.0,-0.405
83-A,12.0,8.0,-0.405
81-*,3.0,2.0,-0.405
55-K,9.0,6.0,-0.405
115-F,36.0,24.0,-0.405
1-E,3.0,2.0,-0.405
36-N,6.0,4.0,-0.405
33-F,3.0,2.0,-0.405
32-W,3.0,2.0,-0.405
74-T,3.0,2.0,-0.405
113-T,78.0,52.0,-0.405
10-S,18.0,12.0,-0.405
88-I,15.0,10.0,-0.405
128-A,6.0,4.0,-0.405
38-T,9.0,6.0,-0.405
112-Y,6.0,4.0,-0.405
100-V,98.0,65.0,-0.411
41-I,59.0,39.0,-0.414
116-F,41.0,27.0,-0.418
128-E,128.0,84.0,-0.421
72-E,61.0,40.0,-0.422
82-G,115.0,75.0,-0.427
98-N,43.0,28.0,-0.429
90-S,43.0,28.0,-0.429
44-A,102.0,66.0,-0.435
99-T,116.0,75.0,-0.436
94-R,14.0,9.0,-0.442
41-T,125.0,80.0,-0.446
80-L,136.0,87.0,-0.447
21-*,66.0,42.0,-0.452
118-F,44.0,28.0,-0.452
47-C,77.0,49.0,-0.452
11-Q,44.0,28.0,-0.452
80-I,22.0,14.0,-0.452
70-Q,41.0,26.0,-0.455
116-H,30.0,19.0,-0.457
83-V,27.0,17.0,-0.463
4-*,54.0,34.0,-0.463
29-*,27.0,17.0,-0.463
76-D,51.0,32.0,-0.466
116-N,48.0,30.0,-0.47
51-K,8.0,5.0,-0.47
89-D,40.0,25.0,-0.47
109-*,21.0,13.0,-0.48
19-D,86.0,53.0,-0.484
78-S,125.0,77.0,-0.485
56-S,52.0,32.0,-0.486
25-D,57.0,35.0,-0.488
109-I,31.0,19.0,-0.49
82-R,100.0,61.0,-0.494
127-S,28.0,17.0,-0.499
85-L,183.0,111.0,-0.5
85-S,70.0,42.0,-0.511
72-A,160.0,96.0,-0.511
37-I,15.0,9.0,-0.511
61-A,10.0,6.0,-0.511
80-V,20.0,12.0,-0.511
58-R,5.0,3.0,-0.511
2-I,5.0,3.0,-0.511
102-V,62.0,37.0,-0.516
13-G,67.0,40.0,-0.516
55-L,52.0,31.0,-0.517
95-*,42.0,25.0,-0.519
4-E,121.0,72.0,-0.519
41-L,42.0,25.0,-0.519
62-A,106.0,63.0,-0.52
19-I,39.0,23.0,-0.528
113-R,185.0,109.0,-0.529
31-G,17.0,10.0,-0.531
100-T,63.0,37.0,-0.532
50-T,126.0,74.0,-0.532
40-V,36.0,21.0,-0.539
92-*,12.0,7.0,-0.539
74-I,24.0,14.0,-0.539
19-Y,24.0,14.0,-0.539
34-D,12.0,7.0,-0.539
56-D,43.0,25.0,-0.542
19-S,105.0,61.0,-0.543
6-S,19.0,11.0,-0.547
23-E,33.0,19.0,-0.552
48-L,40.0,23.0,-0.553
18-H,87.0,50.0,-0.554
75-G,235.0,135.0,-0.554
113-S,312.0,179.0,-0.556
18-C,96.0,55.0,-0.557
48-G,7.0,4.0,-0.56
26-L,7.0,4.0,-0.56
6-D,7.0,4.0,-0.56
90-T,28.0,16.0,-0.56
55-P,14.0,8.0,-0.56
70-P,118.0,67.0,-0.566
54-R,206.0,117.0,-0.566
108-H,83.0,47.0,-0.569
80-S,99.0,56.0,-0.57
102-N,23.0,13.0,-0.571
29-E,101.0,57.0,-0.572
14-S,110.0,62.0,-0.573
79-P,16.0,9.0,-0.575
67-S,96.0,54.0,-0.575
43-S,48.0,27.0,-0.575
0-E,16.0,9.0,-0.575
6-V,105.0,59.0,-0.576
60-T,89.0,50.0,-0.577
38-L,59.0,33.0,-0.581
43-L,34.0,19.0,-0.582
104-A,104.0,58.0,-0.584
79-E,9.0,5.0,-0.588
90-A,9.0,5.0,-0.588
101-A,9.0,5.0,-0.588
59-V,45.0,25.0,-0.588
43-R,9.0,5.0,-0.588
5-*,9.0,5.0,-0.588
109-N,54.0,30.0,-0.588
41-K,45.0,25.0,-0.588
8-G,145.0,80.0,-0.595
26-E,78.0,43.0,-0.596
35-T,71.0,39.0,-0.599
127-T,102.0,56.0,-0.6
27-P,11.0,6.0,-0.606
67-I,22.0,12.0,-0.606
16-N,33.0,18.0,-0.606
50-N,11.0,6.0,-0.606
107-L,22.0,12.0,-0.606
113-P,68.0,37.0,-0.609
52-E,105.0,57.0,-0.611
125-H,113.0,61.0,-0.617
73-H,13.0,7.0,-0.619
4-N,41.0,22.0,-0.623
105-V,41.0,22.0,-0.623
27-E,15.0,8.0,-0.629
123-D,94.0,50.0,-0.631
102-T,111.0,59.0,-0.632
39-P,104.0,55.0,-0.637
35-G,19.0,10.0,-0.642
118-W,59.0,31.0,-0.644
126-Q,42.0,22.0,-0.647
82-N,44.0,23.0,-0.649
77-E,23.0,12.0,-0.651
83-S,56.0,29.0,-0.658
107-R,222.0,115.0,-0.658
26-A,130.0,67.0,-0.663
46-S,68.0,35.0,-0.664
9-G,74.0,38.0,-0.666
7-F,43.0,22.0,-0.67
61-D,45.0,23.0,-0.671
74-E,88.0,45.0,-0.671
27-T,49.0,25.0,-0.673
99-V,69.0,35.0,-0.679
116-M,77.0,39.0,-0.68
21-G,14.0,7.0,-0.693
21-A,4.0,2.0,-0.693
27-*,2.0,1.0,-0.693
23-D,2.0,1.0,-0.693
27-D,2.0,1.0,-0.693
99-W,2.0,1.0,-0.693
99-G,2.0,1.0,-0.693
99-H,2.0,1.0,-0.693
48-M,2.0,1.0,-0.693
66-W,2.0,1.0,-0.693
66-A,2.0,1.0,-0.693
33-I,2.0,1.0,-0.693
110-H,2.0,1.0,-0.693
36-R,2.0,1.0,-0.693
110-C,14.0,7.0,-0.693
110-E,4.0,2.0,-0.693
62-R,2.0,1.0,-0.693
40-W,2.0,1.0,-0.693
14-M,2.0,1.0,-0.693
14-K,2.0,1.0,-0.693
14-Y,30.0,15.0,-0.693
16-H,2.0,1.0,-0.693
12-N,2.0,1.0,-0.693
12-M,2.0,1.0,-0.693
12-K,2.0,1.0,-0.693
12-D,2.0,1.0,-0.693
12-Q,2.0,1.0,-0.693
39-C,2.0,1.0,-0.693
39-F,2.0,1.0,-0.693
64-W,2.0,1.0,-0.693
108-A,2.0,1.0,-0.693
35-K,2.0,1.0,-0.693
86-*,2.0,1.0,-0.693
57-T,2.0,1.0,-0.693
30-R,2.0,1.0,-0.693
86-L,2.0,1.0,-0.693
100-C,2.0,1.0,-0.693
86-V,2.0,1.0,-0.693
73-V,2.0,1.0,-0.693
51-P,10.0,5.0,-0.693
51-W,2.0,1.0,-0.693
51-G,8.0,4.0,-0.693
51-I,2.0,1.0,-0.693
22-C,2.0,1.0,-0.693
22-H,2.0,1.0,-0.693
6-N,2.0,1.0,-0.693
111-Y,2.0,1.0,-0.693
6-K,2.0,1.0,-0.693
6-H,2.0,1.0,-0.693
6-F,2.0,1.0,-0.693
6-Y,2.0,1.0,-0.693
6-Q,2.0,1.0,-0.693
98-W,2.0,1.0,-0.693
94-A,2.0,1.0,-0.693
90-R,2.0,1.0,-0.693
90-V,2.0,1.0,-0.693
90-G,2.0,1.0,-0.693
44-W,2.0,1.0,-0.693
44-T,2.0,1.0,-0.693
44-K,2.0,1.0,-0.693
44-C,2.0,1.0,-0.693
92-S,2.0,1.0,-0.693
92-L,2.0,1.0,-0.693
17-C,2.0,1.0,-0.693
17-L,8.0,4.0,-0.693
42-R,2.0,1.0,-0.693
42-E,2.0,1.0,-0.693
31-Y,2.0,1.0,-0.693
31-P,2.0,1.0,-0.693
108-W,2.0,1.0,-0.693
108-M,2.0,1.0,-0.693
4-L,2.0,1.0,-0.693
87-G,2.0,1.0,-0.693
87-M,12.0,6.0,-0.693
101-D,46.0,23.0,-0.693
83-L,2.0,1.0,-0.693
108-G,12.0,6.0,-0.693
37-A,2.0,1.0,-0.693
37-C,6.0,3.0,-0.693
55-T,2.0,1.0,-0.693
55-F,2.0,1.0,-0.693
3-K,2.0,1.0,-0.693
24-F,2.0,1.0,-0.693
24-W,2.0,1.0,-0.693
43-W,2.0,1.0,-0.693
93-L,2.0,1.0,-0.693
61-T,2.0,1.0,-0.693
61-W,2.0,1.0,-0.693
28-F,2.0,1.0,-0.693
28-I,10.0,5.0,-0.693
28-M,2.0,1.0,-0.693
96-E,4.0,2.0,-0.693
96-*,2.0,1.0,-0.693
43-F,2.0,1.0,-0.693
111-W,2.0,1.0,-0.693
5-Q,4.0,2.0,-0.693
5-P,2.0,1.0,-0.693
5-S,2.0,1.0,-0.693
5-M,2.0,1.0,-0.693
5-N,2.0,1.0,-0.693
5-I,2.0,1.0,-0.693
69-W,2.0,1.0,-0.693
69-G,2.0,1.0,-0.693
69-M,2.0,1.0,-0.693
109-F,2.0,1.0,-0.693
11-C,2.0,1.0,-0.693
11-K,2.0,1.0,-0.693
11-T,2.0,1.0,-0.693
11-W,2.0,1.0,-0.693
80-T,2.0,1.0,-0.693
105-*,6.0,3.0,-0.693
89-R,2.0,1.0,-0.693
89-A,2.0,1.0,-0.693
36-C,2.0,1.0,-0.693
33-P,2.0,1.0,-0.693
33-S,8.0,4.0,-0.693
82-D,2.0,1.0,-0.693
85-P,2.0,1.0,-0.693
85-V,10.0,5.0,-0.693
0-S,2.0,1.0,-0.693
0-I,2.0,1.0,-0.693
74-D,2.0,1.0,-0.693
52-S,2.0,1.0,-0.693
52-G,2.0,1.0,-0.693
25-F,2.0,1.0,-0.693
25-Y,2.0,1.0,-0.693
25-T,2.0,1.0,-0.693
70-A,2.0,1.0,-0.693
20-I,6.0,3.0,-0.693
78-A,2.0,1.0,-0.693
78-P,2.0,1.0,-0.693
78-W,2.0,1.0,-0.693
29-V,2.0,1.0,-0.693
97-K,2.0,1.0,-0.693
97-C,2.0,1.0,-0.693
97-W,2.0,1.0,-0.693
8-M,2.0,1.0,-0.693
8-T,2.0,1.0,-0.693
49-L,2.0,1.0,-0.693
8-*,8.0,4.0,-0.693
91-E,2.0,1.0,-0.693
43-M,2.0,1.0,-0.693
10-C,2.0,1.0,-0.693
10-Q,2.0,1.0,-0.693
10-*,2.0,1.0,-0.693
19-R,2.0,1.0,-0.693
19-M,2.0,1.0,-0.693
88-T,4.0,2.0,-0.693
88-Y,2.0,1.0,-0.693
128-H,2.0,1.0,-0.693
128-L,2.0,1.0,-0.693
15-H,2.0,1.0,-0.693
15-L,10.0,5.0,-0.693
15-F,2.0,1.0,-0.693
7-*,2.0,1.0,-0.693
82-I,4.0,2.0,-0.693
107-I,2.0,1.0,-0.693
34-P,10.0,5.0,-0.693
34-H,2.0,1.0,-0.693
34-M,2.0,1.0,-0.693
34-C,2.0,1.0,-0.693
75-W,2.0,1.0,-0.693
53-W,2.0,1.0,-0.693
71-W,2.0,1.0,-0.693
71-L,2.0,1.0,-0.693
112-T,2.0,1.0,-0.693
56-E,2.0,1.0,-0.693
14-L,141.0,70.0,-0.7
26-M,51.0,25.0,-0.713
8-V,49.0,24.0,-0.714
6-E,37.0,18.0,-0.721
67-Y,29.0,14.0,-0.728
58-V,83.0,40.0,-0.73
43-T,27.0,13.0,-0.731
36-V,77.0,37.0,-0.733
97-E,50.0,24.0,-0.734
2-C,25.0,12.0,-0.734
39-Q,46.0,22.0,-0.738
22-G,88.0,42.0,-0.74
116-C,59.0,28.0,-0.745
6-T,74.0,35.0,-0.749
76-S,74.0,35.0,-0.749
102-S,17.0,8.0,-0.754
54-*,92.0,43.0,-0.761
108-L,15.0,7.0,-0.762
96-V,15.0,7.0,-0.762
80-Y,45.0,21.0,-0.762
34-T,86.0,40.0,-0.765
114-C,82.0,38.0,-0.769
76-R,13.0,6.0,-0.773
54-G,13.0,6.0,-0.773
54-L,13.0,6.0,-0.773
115-R,226.0,104.0,-0.776
36-F,24.0,11.0,-0.78
123-S,380.0,174.0,-0.781
55-*,83.0,38.0,-0.781
52-*,35.0,16.0,-0.783
71-H,11.0,5.0,-0.788
65-L,42.0,19.0,-0.793
81-V,42.0,19.0,-0.793
98-V,31.0,14.0,-0.795
96-G,20.0,9.0,-0.799
87-P,147.0,66.0,-0.801
21-S,9.0,4.0,-0.811
105-D,9.0,4.0,-0.811
74-Q,9.0,4.0,-0.811
103-C,68.0,30.0,-0.818
119-W,125.0,55.0,-0.821
69-N,25.0,11.0,-0.821
12-P,16.0,7.0,-0.827
118-*,80.0,35.0,-0.827
107-G,16.0,7.0,-0.827
116-E,174.0,76.0,-0.828
118-C,135.0,59.0,-0.828
94-C,23.0,10.0,-0.833
83-D,60.0,26.0,-0.836
73-R,189.0,81.0,-0.847
95-Q,7.0,3.0,-0.847
40-A,14.0,6.0,-0.847
35-P,7.0,3.0,-0.847
101-V,14.0,6.0,-0.847
69-I,42.0,18.0,-0.847
49-Y,21.0,9.0,-0.847
128-D,7.0,3.0,-0.847
121-T,272.0,116.0,-0.852
73-*,75.0,32.0,-0.852
57-P,132.0,56.0,-0.857
101-S,59.0,25.0,-0.859
113-E,59.0,25.0,-0.859
9-L,26.0,11.0,-0.86
102-F,26.0,11.0,-0.86
88-N,45.0,19.0,-0.862
110-A,19.0,8.0,-0.865
74-N,19.0,8.0,-0.865
107-*,105.0,44.0,-0.87
114-Q,41.0,17.0,-0.88
117-P,225.0,93.0,-0.884
77-Y,17.0,7.0,-0.887
30-C,78.0,32.0,-0.891
106-D,27.0,11.0,-0.898
115-*,133.0,54.0,-0.901
126-G,47.0,19.0,-0.906
41-V,162.0,65.0,-0.913
48-P,10.0,4.0,-0.916
95-T,5.0,2.0,-0.916
35-R,5.0,2.0,-0.916
30-S,5.0,2.0,-0.916
6-W,10.0,4.0,-0.916
13-C,5.0,2.0,-0.916
24-G,20.0,8.0,-0.916
47-P,5.0,2.0,-0.916
43-A,5.0,2.0,-0.916
105-G,105.0,42.0,-0.916
74-G,5.0,2.0,-0.916
53-M,5.0,2.0,-0.916
60-K,58.0,23.0,-0.925
124-T,106.0,42.0,-0.926
48-*,33.0,13.0,-0.932
114-W,28.0,11.0,-0.934
62-M,69.0,27.0,-0.938
128-S,18.0,7.0,-0.944
75-C,18.0,7.0,-0.944
118-D,49.0,19.0,-0.947
125-E,129.0,50.0,-0.948
124-P,200.0,77.0,-0.955
108-S,13.0,5.0,-0.956
128-G,13.0,5.0,-0.956
125-N,148.0,56.0,-0.972
99-N,24.0,9.0,-0.981
86-T,8.0,3.0,-0.981
90-L,48.0,18.0,-0.981
101-C,16.0,6.0,-0.981
7-S,8.0,3.0,-0.981
7-M,8.0,3.0,-0.981
11-P,129.0,48.0,-0.989
51-L,35.0,13.0,-0.99
10-E,27.0,10.0,-0.993
115-L,103.0,38.0,-0.997
107-C,49.0,18.0,-1.001
81-G,115.0,42.0,-1.007
65-T,44.0,16.0,-1.012
87-Q,58.0,21.0,-1.016
119-C,155.0,56.0,-1.018
116-L,136.0,49.0,-1.021
127-E,20.0,7.0,-1.05
106-I,43.0,15.0,-1.053
46-D,52.0,18.0,-1.061
116-A,93.0,32.0,-1.067
121-F,96.0,33.0,-1.068
126-L,170.0,57.0,-1.093
21-W,3.0,1.0,-1.099
21-P,3.0,1.0,-1.099
21-Q,9.0,3.0,-1.099
23-*,3.0,1.0,-1.099
23-W,3.0,1.0,-1.099
27-W,3.0,1.0,-1.099
48-A,3.0,1.0,-1.099
33-W,3.0,1.0,-1.099
110-L,3.0,1.0,-1.099
40-S,3.0,1.0,-1.099
16-A,3.0,1.0,-1.099
16-Y,3.0,1.0,-1.099
12-L,3.0,1.0,-1.099
12-F,3.0,1.0,-1.099
68-V,3.0,1.0,-1.099
12-*,3.0,1.0,-1.099
39-W,3.0,1.0,-1.099
39-T,3.0,1.0,-1.099
102-R,3.0,1.0,-1.099
102-G,3.0,1.0,-1.099
35-E,12.0,4.0,-1.099
100-R,3.0,1.0,-1.099
57-V,3.0,1.0,-1.099
57-M,12.0,4.0,-1.099
51-A,3.0,1.0,-1.099
6-M,3.0,1.0,-1.099
111-F,3.0,1.0,-1.099
94-T,3.0,1.0,-1.099
44-S,3.0,1.0,-1.099
44-P,3.0,1.0,-1.099
92-Y,3.0,1.0,-1.099
17-S,3.0,1.0,-1.099
13-P,3.0,1.0,-1.099
13-W,3.0,1.0,-1.099
60-G,3.0,1.0,-1.099
42-D,15.0,5.0,-1.099
31-Q,3.0,1.0,-1.099
15-R,3.0,1.0,-1.099
15-W,3.0,1.0,-1.099
4-S,3.0,1.0,-1.099
4-C,3.0,1.0,-1.099
101-E,3.0,1.0,-1.099
47-W,3.0,1.0,-1.099
38-G,3.0,1.0,-1.099
61-R,9.0,3.0,-1.099
82-T,3.0,1.0,-1.099
28-W,3.0,1.0,-1.099
28-V,3.0,1.0,-1.099
28-D,3.0,1.0,-1.099
96-F,3.0,1.0,-1.099
43-G,3.0,1.0,-1.099
111-V,3.0,1.0,-1.099
5-T,3.0,1.0,-1.099
69-V,3.0,1.0,-1.099
109-Q,3.0,1.0,-1.099
11-F,3.0,1.0,-1.099
111-G,9.0,3.0,-1.099
105-R,3.0,1.0,-1.099
36-D,3.0,1.0,-1.099
33-L,3.0,1.0,-1.099
36-W,3.0,1.0,-1.099
33-K,3.0,1.0,-1.099
33-A,15.0,5.0,-1.099
33-*,3.0,1.0,-1.099
32-H,9.0,3.0,-1.099
32-L,3.0,1.0,-1.099
32-Q,3.0,1.0,-1.099
50-W,3.0,1.0,-1.099
74-S,3.0,1.0,-1.099
52-Q,9.0,3.0,-1.099
25-W,3.0,1.0,-1.099
70-W,3.0,1.0,-1.099
68-G,3.0,1.0,-1.099
20-W,3.0,1.0,-1.099
20-V,3.0,1.0,-1.099
29-C,3.0,1.0,-1.099
29-L,3.0,1.0,-1.099
49-W,3.0,1.0,-1.099
10-W,3.0,1.0,-1.099
50-R,3.0,1.0,-1.099
41-R,6.0,2.0,-1.099
41-E,3.0,1.0,-1.099
19-C,3.0,1.0,-1.099
18-L,3.0,1.0,-1.099
18-W,3.0,1.0,-1.099
15-G,18.0,6.0,-1.099
7-R,3.0,1.0,-1.099
7-L,6.0,2.0,-1.099
7-C,3.0,1.0,-1.099
7-A,3.0,1.0,-1.099
84-V,3.0,1.0,-1.099
84-Q,3.0,1.0,-1.099
1-H,12.0,4.0,-1.099
38-W,3.0,1.0,-1.099
38-Q,15.0,5.0,-1.099
107-E,3.0,1.0,-1.099
107-Y,3.0,1.0,-1.099
34-L,3.0,1.0,-1.099
53-A,3.0,1.0,-1.099
71-T,6.0,2.0,-1.099
18-N,38.0,12.0,-1.153
21-M,35.0,11.0,-1.157
42-T,67.0,21.0,-1.16
83-C,13.0,4.0,-1.179
91-C,13.0,4.0,-1.179
10-R,13.0,4.0,-1.179
123-T,127.0,39.0,-1.181
110-R,10.0,3.0,-1.204
13-V,30.0,9.0,-1.204
60-R,10.0,3.0,-1.204
75-N,30.0,9.0,-1.204
126-S,131.0,39.0,-1.212
113-C,101.0,30.0,-1.214
25-R,27.0,8.0,-1.216
118-S,78.0,23.0,-1.221
119-H,137.0,40.0,-1.231
124-Q,138.0,40.0,-1.238
118-T,35.0,10.0,-1.253
89-C,7.0,2.0,-1.253
50-M,7.0,2.0,-1.253
18-D,7.0,2.0,-1.253
116-G,169.0,48.0,-1.259
53-Q,36.0,10.0,-1.281
120-N,29.0,8.0,-1.288
123-G,493.0,136.0,-1.288
30-*,11.0,3.0,-1.299
50-L,11.0,3.0,-1.299
96-S,11.0,3.0,-1.299
102-M,15.0,4.0,-1.322
127-W,15.0,4.0,-1.322
117-Y,30.0,8.0,-1.322
81-K,68.0,18.0,-1.329
122-T,95.0,25.0,-1.335
124-*,54.0,14.0,-1.35
105-K,39.0,10.0,-1.361
73-G,4.0,1.0,-1.386
27-L,4.0,1.0,-1.386
27-R,4.0,1.0,-1.386
40-R,4.0,1.0,-1.386
14-V,8.0,2.0,-1.386
16-P,4.0,1.0,-1.386
16-W,4.0,1.0,-1.386
12-E,20.0,5.0,-1.386
39-A,4.0,1.0,-1.386
39-R,12.0,3.0,-1.386
106-F,4.0,1.0,-1.386
30-G,4.0,1.0,-1.386
30-A,4.0,1.0,-1.386
30-V,4.0,1.0,-1.386
22-W,4.0,1.0,-1.386
26-K,4.0,1.0,-1.386
6-C,4.0,1.0,-1.386
6-*,4.0,1.0,-1.386
37-W,4.0,1.0,-1.386
37-V,8.0,2.0,-1.386
59-H,4.0,1.0,-1.386
54-S,4.0,1.0,-1.386
93-H,4.0,1.0,-1.386
69-R,4.0,1.0,-1.386
11-E,4.0,1.0,-1.386
11-*,4.0,1.0,-1.386
80-G,4.0,1.0,-1.386
103-S,4.0,1.0,-1.386
127-D,8.0,2.0,-1.386
20-A,4.0,1.0,-1.386
29-T,8.0,2.0,-1.386
68-R,4.0,1.0,-1.386
8-W,4.0,1.0,-1.386
8-S,4.0,1.0,-1.386
49-G,4.0,1.0,-1.386
49-E,4.0,1.0,-1.386
49-V,4.0,1.0,-1.386
41-W,4.0,1.0,-1.386
41-A,4.0,1.0,-1.386
19-T,8.0,2.0,-1.386
19-H,4.0,1.0,-1.386
19-G,4.0,1.0,-1.386
128-Q,12.0,3.0,-1.386
128-C,4.0,1.0,-1.386
18-A,4.0,1.0,-1.386
18-V,4.0,1.0,-1.386
7-K,4.0,1.0,-1.386
7-D,4.0,1.0,-1.386
38-E,4.0,1.0,-1.386
107-F,4.0,1.0,-1.386
107-Q,4.0,1.0,-1.386
107-T,4.0,1.0,-1.386
53-G,4.0,1.0,-1.386
71-R,4.0,1.0,-1.386
112-A,4.0,1.0,-1.386
56-R,4.0,1.0,-1.386
125-A,365.0,91.0,-1.389
123-Y,142.0,35.0,-1.4
127-G,62.0,15.0,-1.419
123-A,146.0,35.0,-1.428
51-*,43.0,10.0,-1.459
116-*,96.0,22.0,-1.473
117-Q,96.0,22.0,-1.473
118-N,66.0,15.0,-1.482
46-A,22.0,5.0,-1.482
94-I,9.0,2.0,-1.504
118-M,27.0,6.0,-1.504
42-G,18.0,4.0,-1.504
89-V,9.0,2.0,-1.504
84-I,9.0,2.0,-1.504
120-I,77.0,17.0,-1.511
123-C,116.0,25.0,-1.535
44-G,14.0,3.0,-1.54
34-G,24.0,5.0,-1.569
121-V,251.0,51.0,-1.594
124-M,79.0,16.0,-1.597
79-G,10.0,2.0,-1.609
79-R,5.0,1.0,-1.609
9-*,5.0,1.0,-1.609
48-E,5.0,1.0,-1.609
95-G,5.0,1.0,-1.609
14-A,5.0,1.0,-1.609
67-G,5.0,1.0,-1.609
51-E,5.0,1.0,-1.609
22-R,5.0,1.0,-1.609
26-R,5.0,1.0,-1.609
13-L,5.0,1.0,-1.609
127-H,5.0,1.0,-1.609
31-*,5.0,1.0,-1.609
87-V,5.0,1.0,-1.609
127-*,5.0,1.0,-1.609
50-A,5.0,1.0,-1.609
50-S,5.0,1.0,-1.609
43-D,5.0,1.0,-1.609
36-G,5.0,1.0,-1.609
36-L,5.0,1.0,-1.609
36-S,5.0,1.0,-1.609
91-V,5.0,1.0,-1.609
10-P,10.0,2.0,-1.609
88-G,5.0,1.0,-1.609
128-T,10.0,2.0,-1.609
128-M,5.0,1.0,-1.609
7-W,5.0,1.0,-1.609
7-E,5.0,1.0,-1.609
38-V,5.0,1.0,-1.609
107-V,5.0,1.0,-1.609
34-R,5.0,1.0,-1.609
75-I,5.0,1.0,-1.609
56-C,10.0,2.0,-1.609
122-V,251.0,50.0,-1.613
125-Q,91.0,18.0,-1.62
116-S,122.0,24.0,-1.626
123-H,72.0,14.0,-1.638
119-L,145.0,28.0,-1.645
123-K,107.0,20.0,-1.677
120-A,215.0,40.0,-1.682
121-Y,60.0,11.0,-1.696
92-T,11.0,2.0,-1.705
4-T,11.0,2.0,-1.705
115-C,44.0,8.0,-1.705
23-R,6.0,1.0,-1.792
66-T,6.0,1.0,-1.792
14-R,6.0,1.0,-1.792
22-A,6.0,1.0,-1.792
127-K,6.0,1.0,-1.792
44-R,6.0,1.0,-1.792
92-G,6.0,1.0,-1.792
81-A,6.0,1.0,-1.792
37-G,6.0,1.0,-1.792
50-G,6.0,1.0,-1.792
119-K,42.0,7.0,-1.792
47-G,6.0,1.0,-1.792
96-H,6.0,1.0,-1.792
111-T,6.0,1.0,-1.792
109-T,6.0,1.0,-1.792
11-A,6.0,1.0,-1.792
126-A,54.0,9.0,-1.792
10-L,6.0,1.0,-1.792
128-W,6.0,1.0,-1.792
128-Y,6.0,1.0,-1.792
18-S,6.0,1.0,-1.792
119-T,106.0,17.0,-1.83
123-Q,63.0,10.0,-1.841
47-L,13.0,2.0,-1.872
126-V,34.0,5.0,-1.917
125-S,399.0,58.0,-1.929
21-L,7.0,1.0,-1.946
9-M,7.0,1.0,-1.946
65-R,7.0,1.0,-1.946
14-W,7.0,1.0,-1.946
68-P,7.0,1.0,-1.946
57-G,7.0,1.0,-1.946
18-R,7.0,1.0,-1.946
4-W,7.0,1.0,-1.946
83-R,7.0,1.0,-1.946
11-S,7.0,1.0,-1.946
124-F,7.0,1.0,-1.946
78-G,7.0,1.0,-1.946
29-S,7.0,1.0,-1.946
10-M,7.0,1.0,-1.946
107-S,7.0,1.0,-1.946
118-A,57.0,8.0,-1.964
10-G,36.0,5.0,-1.974
123-F,101.0,14.0,-1.976
122-P,67.0,9.0,-2.007
34-V,53.0,7.0,-2.024
120-S,157.0,20.0,-2.061
21-T,8.0,1.0,-2.079
127-C,8.0,1.0,-2.079
99-L,8.0,1.0,-2.079
39-G,8.0,1.0,-2.079
120-G,192.0,24.0,-2.079
98-A,8.0,1.0,-2.079
13-R,8.0,1.0,-2.079
65-G,8.0,1.0,-2.079
55-E,8.0,1.0,-2.079
70-V,8.0,1.0,-2.079
18-G,8.0,1.0,-2.079
107-A,8.0,1.0,-2.079
116-V,122.0,15.0,-2.096
125-G,736.0,89.0,-2.113
123-M,61.0,7.0,-2.165
123-I,123.0,14.0,-2.173
121-N,71.0,8.0,-2.183
36-M,9.0,1.0,-2.197
64-*,9.0,1.0,-2.197
126-E,9.0,1.0,-2.197
11-V,9.0,1.0,-2.197
11-R,18.0,2.0,-2.197
113-Y,54.0,6.0,-2.197
20-T,9.0,1.0,-2.197
113-V,161.0,17.0,-2.248
126-T,58.0,6.0,-2.269
119-A,226.0,23.0,-2.285
119-S,197.0,20.0,-2.287
14-C,10.0,1.0,-2.303
126-K,20.0,2.0,-2.303
126-N,10.0,1.0,-2.303
65-A,10.0,1.0,-2.303
119-N,40.0,4.0,-2.303
11-G,10.0,1.0,-2.303
29-G,10.0,1.0,-2.303
116-D,41.0,4.0,-2.327
116-P,31.0,3.0,-2.335
116-W,84.0,8.0,-2.351
124-R,231.0,21.0,-2.398
124-V,168.0,15.0,-2.416
123-R,281.0,25.0,-2.419
117-M,117.0,10.0,-2.46
120-V,153.0,13.0,-2.465
119-P,119.0,10.0,-2.477
14-G,12.0,1.0,-2.485
115-K,12.0,1.0,-2.485
118-K,25.0,2.0,-2.526
122-N,13.0,1.0,-2.565
126-I,13.0,1.0,-2.565
123-L,202.0,15.0,-2.6
113-M,27.0,2.0,-2.603
116-T,95.0,7.0,-2.608
126-M,14.0,1.0,-2.639
118-P,28.0,2.0,-2.639
126-F,14.0,1.0,-2.639
125-I,144.0,10.0,-2.667
116-I,29.0,2.0,-2.674
114-P,44.0,3.0,-2.686
117-C,79.0,5.0,-2.76
126-H,16.0,1.0,-2.773
118-E,49.0,3.0,-2.793
115-Q,17.0,1.0,-2.833
7-G,17.0,1.0,-2.833
125-V,430.0,25.0,-2.845
117-H,53.0,3.0,-2.872
126-Y,18.0,1.0,-2.89
26-G,18.0,1.0,-2.89
4-G,18.0,1.0,-2.89
122-I,19.0,1.0,-2.944
118-L,76.0,4.0,-2.944
121-D,95.0,5.0,-2.944
66-G,20.0,1.0,-2.996
122-Y,20.0,1.0,-2.996
126-W,20.0,1.0,-2.996
115-H,20.0,1.0,-2.996
113-W,61.0,3.0,-3.012
118-I,41.0,2.0,-3.02
9-P,21.0,1.0,-3.045
126-C,21.0,1.0,-3.045
115-I,21.0,1.0,-3.045
115-N,21.0,1.0,-3.045
115-S,63.0,3.0,-3.045
118-V,87.0,4.0,-3.08
125-Y,131.0,6.0,-3.083
122-H,22.0,1.0,-3.091
117-R,281.0,12.0,-3.153
122-Q,24.0,1.0,-3.178
122-K,24.0,1.0,-3.178
115-E,24.0,1.0,-3.178
120-H,25.0,1.0,-3.219
115-D,25.0,1.0,-3.219
121-P,100.0,4.0,-3.219
125-L,379.0,15.0,-3.229
122-E,76.0,3.0,-3.232
120-C,76.0,3.0,-3.232
125-*,128.0,5.0,-3.243
122-M,26.0,1.0,-3.258
115-G,105.0,4.0,-3.268
124-H,80.0,3.0,-3.283
123-V,193.0,7.0,-3.317
122-*,28.0,1.0,-3.332
115-M,28.0,1.0,-3.332
117-N,29.0,1.0,-3.367
125-T,209.0,7.0,-3.396
122-F,30.0,1.0,-3.401
118-Q,30.0,1.0,-3.401
119-I,30.0,1.0,-3.401
121-C,94.0,3.0,-3.445
125-F,190.0,6.0,-3.455
117-S,159.0,5.0,-3.459
115-P,32.0,1.0,-3.466
124-K,34.0,1.0,-3.526
122-D,35.0,1.0,-3.555
125-P,175.0,5.0,-3.555
115-A,35.0,1.0,-3.555
124-G,280.0,8.0,-3.555
121-A,212.0,6.0,-3.565
113-F,71.0,2.0,-3.57
119-Q,73.0,2.0,-3.597
119-V,184.0,5.0,-3.605
119-F,37.0,1.0,-3.611
117-K,37.0,1.0,-3.611
122-C,39.0,1.0,-3.664
114-*,39.0,1.0,-3.664
119-Y,39.0,1.0,-3.664
120-K,40.0,1.0,-3.689
125-R,685.0,17.0,-3.696
117-V,204.0,5.0,-3.709
115-T,42.0,1.0,-3.738
124-E,42.0,1.0,-3.738
120-M,44.0,1.0,-3.784
119-G,450.0,10.0,-3.807
113-*,45.0,1.0,-3.807
120-Q,47.0,1.0,-3.85
123-W,94.0,2.0,-3.85
119-M,47.0,1.0,-3.85
120-D,48.0,1.0,-3.871
121-H,48.0,1.0,-3.871
113-I,48.0,1.0,-3.871
122-G,248.0,5.0,-3.904
117-*,50.0,1.0,-3.912
117-F,51.0,1.0,-3.932
120-*,51.0,1.0,-3.932
115-V,52.0,1.0,-3.951
120-Y,53.0,1.0,-3.97
123-E,54.0,1.0,-3.989
117-D,54.0,1.0,-3.989
123-*,55.0,1.0,-4.007
120-F,56.0,1.0,-4.025
122-W,57.0,1.0,-4.043
119-*,57.0,1.0,-4.043
121-*,57.0,1.0,-4.043
121-S,230.0,4.0,-4.052
121-G,59.0,1.0,-4.078
120-E,60.0,1.0,-4.094
120-R,188.0,3.0,-4.138
125-M,129.0,2.0,-4.167
122-R,131.0,2.0,-4.182
119-D,67.0,1.0,-4.205
117-T,74.0,1.0,-4.304
117-E,74.0,1.0,-4.304
124-Y,75.0,1.0,-4.317
120-P,76.0,1.0,-4.331
121-Q,76.0,1.0,-4.331
122-L,81.0,1.0,-4.394
121-K,81.0,1.0,-4.394
124-W,82.0,1.0,-4.407
117-G,258.0,3.0,-4.454
124-D,90.0,1.0,-4.5
117-W,90.0,1.0,-4.5
120-W,92.0,1.0,-4.522
121-E,97.0,1.0,-4.575
123-P,102.0,1.0,-4.625
121-W,105.0,1.0,-4.654
125-W,316.0,3.0,-4.657
118-G,112.0,1.0,-4.718
124-C,113.0,1.0,-4.727
119-E,114.0,1.0,-4.736
125-K,119.0,1.0,-4.779
118-R,134.0,1.0,-4.898
117-A,150.0,1.0,-5.011
120-L,156.0,1.0,-5.05
124-A,175.0,1.0,-5.165
125-C,215.0,1.0,-5.371
121-R,244.0,1.0,-5.497
124-S,254.0,1.0,-5.537
