R24L,52.0,15583.0,5.26963762899
A54S,86.0,7298.0,4.00795381286
D18N,42.0,2947.0,3.81781885657
N71V,40.0,2762.0,3.80177637198
P28Y,16.0,772.0,3.4433413199
H68Y,26.0,1013.0,3.22952045835
T23E,26.0,905.0,3.1167838978
T23D,28.0,785.0,2.90042469973
S89W,71.0,1843.0,2.82341557275
T36A,174.0,4095.0,2.72541218919
R24C,74.0,1659.0,2.67685068911
T36E,55.0,818.0,2.26647464349
T36R,201.0,2694.0,2.16242294103
M81L,96.0,1180.0,2.07586701811
T35D,103.0,896.0,1.73015691687
T36S,225.0,1368.0,1.3719501881
W2C,11.0,49.0,1.06087051743
T23Q,22.0,86.0,0.930250335014
K47T,15.0,58.0,0.919338301565
T36H,50.0,193.0,0.917612675597
R1H,18.0,67.0,0.881266353614
T38S,17.0,59.0,0.811269591969
Y0H,18.0,61.0,0.787447598399
Q45G,222.0,740.0,0.770918296446
S52T,114.0,378.0,0.765641239347
T23S,95.0,312.0,0.75607178833
T36W,97.0,309.0,0.725575790515
T5A,12.0,38.0,0.719625002058
G4S,30.0,92.0,0.687536687507
T5I,26.0,79.0,0.678296806565
W2L,14.0,41.0,0.64146022921
W2*,54.0,153.0,0.608399366946
T55N,28.0,79.0,0.604188834412
T5S,26.0,73.0,0.599308395246
Y0C,17.0,46.0,0.562373544552
Y0*,16.0,42.0,0.532026388166
R1C,39.0,101.0,0.518504362832
T38A,19.0,49.0,0.514326811062
K7V,168.0,433.0,0.513719240719
V94E,23.0,59.0,0.508988720099
H68L,27.0,68.0,0.49061633129
T95K,20.0,49.0,0.463033516675
V62I,39.0,95.0,0.457260737593
T23Y,14.0,34.0,0.454248687119
I56F,22.0,53.0,0.446194952316
A84W,87.0,206.0,0.428913542255
Y0F,17.0,40.0,0.42261160218
T38I,25.0,57.0,0.391120935084
K47N,20.0,44.0,0.355402852481
V43D,23.0,50.0,0.343474281623
F58L,169.0,365.0,0.336944130783
M70I,35.0,75.0,0.329085544165
N60I,15.0,32.0,0.32463119382
S12F,16.0,34.0,0.320717294496
T3S,39.0,82.0,0.310103093254
N75S,302.0,632.0,0.305407868892
S88T,31.0,64.0,0.291841370997
I30N,25.0,51.0,0.279895299979
Y6H,39.0,79.0,0.272831698454
H61Y,34.0,66.0,0.230239709531
T3I,34.0,65.0,0.214972237397
S88F,22.0,42.0,0.213572657044
V43I,32.0,61.0,0.212083453491
T3A,20.0,38.0,0.208799378292
R1L,15.0,28.0,0.191099801195
S67M,69.0,127.0,0.177026073983
S46F,25.0,46.0,0.176711063737
T36D,61.0,112.0,0.174570499243
I56T,24.0,44.0,0.173081295687
R44C,47.0,85.0,0.159449146898
Y86H,24.0,43.0,0.150091777462
G4C,22.0,39.0,0.139464684894
G4D,25.0,44.0,0.132259301174
V96I,66.0,116.0,0.130880941204
I30F,33.0,55.0,0.0777711158907
R1S,14.0,23.0,0.0633823784371
W2R,41.0,67.0,0.0580660448033
I56V,27.0,43.0,0.0323087418059
S89A,217.0,338.0,0.010094034062
S46T,27.0,42.0,0.00877824439644
R48H,60.0,93.0,0.00520042304916
V94M,35.0,54.0,0.000581477199361
T36K,50.0,77.0,-0.00127209145436
N75E,117.0,180.0,-0.00227159178711
V80D,19.0,29.0,-0.0101976570593
I56N,23.0,35.0,-0.013200662319
Y86F,33.0,50.0,-0.0175390639185
N75V,333.0,496.0,-0.034621071135
R44H,65.0,96.0,-0.0430935863074
T55I,32.0,46.0,-0.0701490141907
A84Y,68.0,97.0,-0.0778512345527
W41*,66.0,94.0,-0.0794144676365
Y6F,38.0,54.0,-0.081656621042
N26D,34.0,48.0,-0.0882140215881
K11N,15.0,21.0,-0.0965822712581
S74F,33.0,46.0,-0.100920672857
T23G,79.0,110.0,-0.102021994554
V94A,49.0,68.0,-0.105367100814
Y20H,73.0,101.0,-0.108393432187
D33N,42.0,58.0,-0.110281115617
K11I,16.0,22.0,-0.114600776761
Q87*,48.0,66.0,-0.114600776761
V80I,19.0,26.0,-0.119396949025
K47E,30.0,41.0,-0.120679822837
N63I,28.0,38.0,-0.127672858328
D31N,57.0,77.0,-0.13230035386
K66*,30.0,39.0,-0.170690243412
S92F,37.0,48.0,-0.172771409616
S12P,24.0,30.0,-0.209910956565
A82T,24.0,30.0,-0.209910956565
S46P,50.0,62.0,-0.217943128263
G73D,26.0,32.0,-0.225415143101
A82E,23.0,28.0,-0.236344213633
N26T,28.0,34.0,-0.238898493439
K66I,24.0,29.0,-0.243812508242
T95I,53.0,64.0,-0.244463338073
H68N,15.0,18.0,-0.250732951086
N26I,25.0,30.0,-0.250732951086
R48C,61.0,73.0,-0.253468930905
G51D,43.0,51.0,-0.262428990849
Y6C,38.0,45.0,-0.263978177836
A27S,123.0,145.0,-0.268505120832
T21I,45.0,53.0,-0.269425084098
Y6*,17.0,20.0,-0.270535578382
S89P,51.0,60.0,-0.270535578382
W97*,76.0,89.0,-0.275151478434
H68R,71.0,83.0,-0.276893777124
I19F,43.0,50.0,-0.282231618145
S92C,31.0,36.0,-0.283522773908
N60D,38.0,44.0,-0.286451033688
K11*,78.0,89.0,-0.301126964837
T36P,79.0,89.0,-0.313865990615
G69D,34.0,38.0,-0.321828872769
S88P,39.0,43.0,-0.335416038316
T95A,71.0,78.0,-0.339025558231
P28L,62.0,68.0,-0.340681187749
R34H,73.0,80.0,-0.341487314355
Y78H,55.0,60.0,-0.34604313089
L72P,49.0,53.0,-0.354582892438
Y17H,91.0,98.0,-0.358946535727
S42F,49.0,52.0,-0.373631087408
Y78F,51.0,54.0,-0.375896094039
A82V,191.0,198.0,-0.397060905232
I19T,28.0,29.0,-0.397963188068
M70T,62.0,64.0,-0.401305809566
R24H,46.0,47.0,-0.411548302659
W76*,99.0,101.0,-0.413053841174
V43F,31.0,31.0,-0.43305450788
K11E,28.0,28.0,-0.43305450788
T50I,44.0,43.0,-0.456044026104
G69S,68.0,66.0,-0.462907471029
Y40F,62.0,60.0,-0.465844330702
M81I,91.0,88.0,-0.466577199919
K66N,26.0,25.0,-0.472275221033
K7N,46.0,44.0,-0.477506270451
Y25H,72.0,68.0,-0.49021292172
A64T,53.0,50.0,-0.491323416003
K47*,17.0,16.0,-0.493679129696
R34C,85.0,80.0,-0.493679129696
N63Y,23.0,21.0,-0.524026286085
D13E,80.0,73.0,-0.524621701405
N93D,65.0,59.0,-0.529904333869
Q39*,63.0,57.0,-0.533137966436
N93Y,59.0,53.0,-0.540300038233
D13N,39.0,35.0,-0.54126809252
I30T,33.0,29.0,-0.562266239359
K66E,49.0,43.0,-0.563674690298
G32D,40.0,35.0,-0.566585900505
Y78N,22.0,19.0,-0.579657982072
W65*,95.0,82.0,-0.580212152217
T83I,73.0,63.0,-0.580379222637
Y40H,47.0,40.0,-0.594322655477
N93I,20.0,17.0,-0.595573437378
N71I,46.0,39.0,-0.59813425824
M81K,39.0,33.0,-0.600108592542
M70K,25.0,21.0,-0.607407895025
Y86*,23.0,19.0,-0.624109744643
A27E,68.0,56.0,-0.62721052232
N26Y,11.0,9.0,-0.633725203342
T16I,49.0,40.0,-0.635995351877
H61N,16.0,13.0,-0.640693872658
I19N,25.0,20.0,-0.656198059194
S59P,69.0,55.0,-0.659827827245
G73C,34.0,27.0,-0.663578166491
Y86C,47.0,37.0,-0.672284196946
N60K,14.0,11.0,-0.674216564696
G8D,51.0,40.0,-0.67600068649
P49L,114.0,89.0,-0.680616586542
W41R,103.0,80.0,-0.685756861435
Y20F,58.0,45.0,-0.686835028655
N93K,35.0,27.0,-0.692565703365
F37I,39.0,30.0,-0.695418772348
G15D,73.0,56.0,-0.698162258292
Y6S,28.0,21.0,-0.720736580332
A64V,92.0,69.0,-0.720736580332
S89F,44.0,33.0,-0.720736580332
A77E,72.0,54.0,-0.720736580332
N71Y,51.0,38.0,-0.727293980878
S92P,94.0,69.0,-0.742242785553
N60Y,15.0,11.0,-0.743209436183
T36N,41.0,30.0,-0.745429192922
F37L,123.0,90.0,-0.745429192922
P49R,101.0,73.0,-0.757715583573
K7*,49.0,35.0,-0.769526744501
S91F,56.0,40.0,-0.769526744501
T55S,127.0,90.0,-0.777431924009
N60T,24.0,17.0,-0.777894994171
N63D,48.0,34.0,-0.777894994171
S42T,58.0,41.0,-0.779925451722
T57I,57.0,40.0,-0.787226321601
Q79*,80.0,56.0,-0.789729451818
A54T,80.0,56.0,-0.789729451818
D18Y,30.0,21.0,-0.789729451818
Q45*,88.0,61.0,-0.799517458185
N60S,57.0,39.0,-0.812544129584
T23I,47.0,32.0,-0.81746620679
S52A,175.0,119.0,-0.818716988691
N71D,56.0,38.0,-0.820820038889
S92T,39.0,26.0,-0.838519615988
S92Y,15.0,10.0,-0.838519615988
F37Y,56.0,37.0,-0.847488285971
F58Y,50.0,33.0,-0.848569951842
S59T,44.0,29.0,-0.849948311812
F58I,38.0,25.0,-0.851764842737
T21A,78.0,51.0,-0.857937701845
A77V,200.0,129.0,-0.871559470065
D33Y,45.0,29.0,-0.872421167663
S59F,59.0,38.0,-0.873005792058
D13V,105.0,67.0,-0.882322238646
Y40N,44.0,28.0,-0.885039631622
V10I,85.0,54.0,-0.886721717806
T21S,84.0,53.0,-0.89357939317
P28S,65.0,41.0,-0.893869711072
G90D,73.0,46.0,-0.89487255254
T21N,21.0,13.0,-0.912627588143
R34Q,21.0,13.0,-0.912627588143
N71S,114.0,70.0,-0.920757714226
S29F,62.0,38.0,-0.922602733197
Y78C,87.0,53.0,-0.928670712983
L72M,45.0,27.0,-0.943880131645
V62D,45.0,27.0,-0.943880131645
G69V,27.0,16.0,-0.956302651643
A27T,88.0,52.0,-0.959147603776
T9I,78.0,46.0,-0.96112193808
D13Y,41.0,24.0,-0.968572744235
S91P,50.0,29.0,-0.977781683323
P49S,99.0,57.0,-0.98512309018
K66R,127.0,73.0,-0.986782153189
N71K,21.0,12.0,-0.992670295814
G32C,35.0,20.0,-0.992670295814
P28Q,21.0,12.0,-0.992670295814
S91T,72.0,41.0,-0.996148560192
K11R,53.0,30.0,-1.00214903977
N63K,23.0,13.0,-1.00359936635
W41C,39.0,22.0,-1.00557370065
V10D,55.0,31.0,-1.00640048863
T50S,123.0,69.0,-1.01113235865
T36I,68.0,38.0,-1.01497605333
S67P,61.0,34.0,-1.01756784744
V62A,72.0,40.0,-1.02084117278
A77T,92.0,51.0,-1.0230174522
M70L,73.0,40.0,-1.03463449491
V94L,33.0,18.0,-1.03919031145
D18V,127.0,69.0,-1.04313508974
D18H,35.0,19.0,-1.0439635902
S29P,59.0,32.0,-1.04485604899
G32S,96.0,52.0,-1.04615898077
I30V,52.0,28.0,-1.05209371629
S42P,78.0,42.0,-1.05209371629
A54E,52.0,28.0,-1.05209371629
D33E,45.0,24.0,-1.0616631673
N53D,95.0,50.0,-1.07490839405
K7I,40.0,21.0,-1.07741152427
G14D,61.0,32.0,-1.07819246925
V43A,86.0,45.0,-1.08073931436
G51C,67.0,35.0,-1.08239906578
Q87K,23.0,12.0,-1.08364207402
Q87L,61.0,31.0,-1.10994116757
N53I,50.0,25.0,-1.12620168844
D33H,26.0,13.0,-1.12620168844
S67F,68.0,34.0,-1.12620168844
P49Q,30.0,15.0,-1.12620168844
Y20N,54.0,27.0,-1.12620168844
A84T,142.0,70.0,-1.14038632343
V96D,45.0,22.0,-1.14867454429
D31Y,41.0,20.0,-1.15089430103
Q87R,101.0,49.0,-1.15635472661
L72Q,31.0,15.0,-1.15899151126
S52F,85.0,40.0,-1.18682631026
T57S,101.0,47.0,-1.19802742301
T95S,95.0,44.0,-1.20274176556
T16S,123.0,56.0,-1.21988717252
W76R,211.0,96.0,-1.22056444989
T57A,88.0,40.0,-1.22151186824
T23N,22.0,10.0,-1.22151186824
W97R,141.0,64.0,-1.2229313149
M70V,91.0,41.0,-1.23034194769
K47R,56.0,25.0,-1.23953037375
V96F,65.0,29.0,-1.24014594779
M81T,74.0,33.0,-1.24061203962
A54V,99.0,44.0,-1.2439847241
R24P,18.0,8.0,-1.2439847241
A84V,181.0,80.0,-1.24952490447
T95P,34.0,15.0,-1.25136483139
G85D,84.0,37.0,-1.25295339408
Y78*,32.0,14.0,-1.25973308106
T35I,87.0,38.0,-1.26137646681
N26S,87.0,38.0,-1.26137646681
T95N,30.0,13.0,-1.26930253208
T57P,37.0,16.0,-1.27138369829
W65R,199.0,86.0,-1.27201203635
T23A,65.0,28.0,-1.2752372676
H68Q,21.0,9.0,-1.28035236827
Y17F,91.0,39.0,-1.28035236827
S74P,70.0,30.0,-1.28035236827
Y20C,89.0,38.0,-1.28410471789
F37S,104.0,44.0,-1.2932557731
G51S,117.0,49.0,-1.30340814457
S88A,24.0,10.0,-1.30852324523
S52P,87.0,36.0,-1.31544368808
N75I,103.0,42.0,-1.33011387783
V62F,27.0,11.0,-1.33099610108
T22I,121.0,49.0,-1.33702475537
G14S,121.0,49.0,-1.33702475537
G69C,42.0,17.0,-1.33751078211
K7E,92.0,37.0,-1.34392517228
S67A,98.0,39.0,-1.35446034042
P28T,23.0,9.0,-1.37132414647
A82S,31.0,12.0,-1.38213506258
Y86N,13.0,5.0,-1.38856595291
Q87H,26.0,10.0,-1.38856595291
T83S,112.0,43.0,-1.39035326348
T55A,170.0,65.0,-1.39446567503
D31V,122.0,46.0,-1.40843415612
I19V,126.0,47.0,-1.41918881312
T83A,89.0,33.0,-1.42518331614
D33V,172.0,63.0,-1.4374142583
V80A,96.0,35.0,-1.44205463786
A54P,33.0,12.0,-1.44465541956
G90S,142.0,51.0,-1.45705593276
D13H,45.0,16.0,-1.46712827541
N63S,79.0,28.0,-1.47029785017
W76C,52.0,18.0,-1.49392646857
T50A,122.0,42.0,-1.49940593433
G73V,64.0,22.0,-1.50089513788
T16A,122.0,41.0,-1.52350348591
G15S,170.0,57.0,-1.52580167709
K66Q,12.0,4.0,-1.53166679655
H68P,15.0,5.0,-1.53166679655
R44P,27.0,9.0,-1.53166679655
Y40C,85.0,28.0,-1.54350125419
N53K,52.0,17.0,-1.55108488241
F58S,154.0,50.0,-1.55798410487
T23F,31.0,10.0,-1.56445661937
H61L,93.0,30.0,-1.56445661937
A27V,187.0,60.0,-1.56981856251
G73S,100.0,32.0,-1.57248879107
Y17N,57.0,18.0,-1.58573401782
M81V,140.0,44.0,-1.59050729657
N26K,33.0,10.0,-1.62697697635
Q39R,179.0,54.0,-1.63145626715
N53Y,37.0,11.0,-1.64607714772
A82G,74.0,22.0,-1.64607714772
T36Q,64.0,19.0,-1.64749861207
Y17C,102.0,30.0,-1.6568299395
D33G,175.0,51.0,-1.66601484908
A27H,21.0,6.0,-1.68581747638
V96A,137.0,39.0,-1.68947378758
D31G,171.0,48.0,-1.70351705348
Q79R,225.0,63.0,-1.70602018369
P49T,43.0,12.0,-1.70934797379
N93S,72.0,20.0,-1.71398835334
N75D,159.0,44.0,-1.71776907618
D18C,47.0,13.0,-1.71825275213
T95W,29.0,8.0,-1.72090879619
T50N,22.0,6.0,-1.73233749201
G14C,66.0,18.0,-1.73233749201
S59Y,37.0,10.0,-1.74138732753
Q79H,74.0,20.0,-1.74138732753
W97C,63.0,17.0,-1.74297589022
Q45H,60.0,16.0,-1.75481034786
I30L,15.0,4.0,-1.75481034786
T9A,186.0,49.0,-1.76698088348
S29T,61.0,16.0,-1.77133964981
S52Y,70.0,18.0,-1.79117799203
D13G,113.0,29.0,-1.79314649661
A54D,43.0,11.0,-1.79635935078
Q39H,52.0,13.0,-1.819348869
Q79K,48.0,12.0,-1.819348869
Q45R,269.0,66.0,-1.83811114545
S89Y,41.0,10.0,-1.84404148159
Q87E,37.0,9.0,-1.84674784319
T9S,210.0,51.0,-1.84833640587
W65C,108.0,26.0,-1.85708919698
S59V,109.0,26.0,-1.86630585209
S67T,63.0,15.0,-1.86813903317
T23M,21.0,5.0,-1.86813903317
K47S,21.0,5.0,-1.86813903317
R44L,42.0,10.0,-1.86813903317
Y25*,76.0,18.0,-1.87341609027
S46Y,17.0,4.0,-1.87997349081
D31H,34.0,8.0,-1.87997349081
W97G,132.0,31.0,-1.88186922598
S46C,13.0,3.0,-1.89939157667
A64E,39.0,9.0,-1.89939157667
H61Q,26.0,6.0,-1.89939157667
H61P,26.0,6.0,-1.89939157667
Y20*,61.0,14.0,-1.90487104244
G69A,22.0,5.0,-1.91465904881
Q79L,157.0,35.0,-1.93395225174
Y25C,141.0,31.0,-1.94782719377
T36M,82.0,18.0,-1.94940199725
Q45L,202.0,44.0,-1.95713257136
H61R,124.0,27.0,-1.95749920748
A64P,37.0,8.0,-1.96453087885
K11Q,14.0,3.0,-1.97349954883
V10A,194.0,41.0,-1.98734060024
N71H,19.0,4.0,-1.99119912593
N63T,29.0,6.0,-2.00859086864
G8S,126.0,26.0,-2.01123987681
D31E,34.0,7.0,-2.01350488344
N93H,20.0,4.0,-2.04249242032
T21P,35.0,7.0,-2.04249242032
R24F,25.0,5.0,-2.04249242032
S52C,116.0,23.0,-2.05115048306
Q39L,137.0,27.0,-2.0571985677
S29A,51.0,10.0,-2.06229504761
W76L,87.0,17.0,-2.06574928247
T9N,31.0,6.0,-2.07528224313
G69R,31.0,6.0,-2.07528224313
D18E,57.0,11.0,-2.07821050292
Y25N,52.0,10.0,-2.08171313346
A82P,26.0,5.0,-2.08171313346
R44S,47.0,9.0,-2.08597753225
G90C,95.0,18.0,-2.09655964159
S74T,37.0,7.0,-2.09806227147
Y25F,127.0,24.0,-2.09918776399
Y86D,16.0,3.0,-2.10703094145
S29Y,43.0,8.0,-2.11481308189
S74V,86.0,16.0,-2.11481308189
G15C,125.0,23.0,-2.12587402926
N71T,49.0,9.0,-2.12765022865
I30S,22.0,4.0,-2.13780260012
Y86S,33.0,6.0,-2.13780260012
T35S,332.0,60.0,-2.14384491457
V96G,172.0,31.0,-2.14656178021
Q79E,50.0,9.0,-2.14785293597
G32V,78.0,14.0,-2.15070600495
T16P,34.0,6.0,-2.16765556327
S91Y,17.0,3.0,-2.16765556327
R24M,23.0,4.0,-2.18225436269
G14V,99.0,17.0,-2.19496101396
T55P,41.0,7.0,-2.20071642553
R34S,88.0,15.0,-2.20234112126
G8C,60.0,10.0,-2.2248139771
A84I,72.0,12.0,-2.2248139771
G51V,91.0,15.0,-2.23586381329
S89T,67.0,11.0,-2.23985185447
Q45K,49.0,8.0,-2.24543326431
V10F,80.0,13.0,-2.25013178509
F58V,188.0,30.0,-2.26829908904
T22A,276.0,44.0,-2.26926573968
N53S,189.0,30.0,-2.27360414128
Y17*,57.0,9.0,-2.27888119838
R24S,70.0,11.0,-2.28365447713
T23P,32.0,5.0,-2.28935249824
W41S,64.0,10.0,-2.28935249824
Y6G,26.0,4.0,-2.30485668478
R24*,13.0,2.0,-2.30485668478
Y40*,52.0,8.0,-2.30485668478
Q39K,46.0,7.0,-2.31578575531
Y20D,33.0,5.0,-2.32012415691
F58C,47.0,7.0,-2.33729196053
R34L,101.0,15.0,-2.34012482362
W41L,81.0,12.0,-2.34259701276
Q45E,69.0,10.0,-2.36457591948
T57N,21.0,3.0,-2.37896465693
S67Y,70.0,10.0,-2.37896465693
S88Y,14.0,2.0,-2.37896465693
A84S,210.0,30.0,-2.37896465693
V80F,29.0,4.0,-2.41405597675
A77S,138.0,19.0,-2.41586921387
G32A,37.0,5.0,-2.43453450809
W97L,134.0,18.0,-2.44052254993
S42Y,38.0,5.0,-2.46120275517
S59A,84.0,11.0,-2.46597603392
D18G,209.0,27.0,-2.47955189384
T36V,218.0,28.0,-2.48534506049
T35A,351.0,45.0,-2.48717824158
S74C,47.0,6.0,-2.49144264036
R48S,103.0,13.0,-2.50283413865
A27P,48.0,6.0,-2.51249604956
Q87P,24.0,3.0,-2.51249604956
N93T,33.0,4.0,-2.54326770823
G85S,274.0,33.0,-2.5496750528
R34P,34.0,4.0,-2.57312067138
S88C,26.0,3.0,-2.59253875723
T22S,382.0,44.0,-2.59428548257
I19S,44.0,5.0,-2.60780622936
N75K,107.0,12.0,-2.62097669255
G85C,143.0,16.0,-2.6233104159
V43L,55.0,6.0,-2.64862822388
N75Y,110.0,12.0,-2.64862822388
K7R,251.0,27.0,-2.66267058101
S91A,76.0,8.0,-2.68434630649
G51R,115.0,12.0,-2.69307998645
T16N,30.0,3.0,-2.73563960087
P49A,61.0,6.0,-2.75216890282
D18A,112.0,11.0,-2.75365810638
Q39P,72.0,7.0,-2.76381047784
R44G,93.0,9.0,-2.7684294237
G73R,63.0,6.0,-2.78442976504
N75G,363.0,34.0,-2.80109681753
A84E,75.0,7.0,-2.80463247236
R48P,43.0,4.0,-2.80796026245
A64S,97.0,9.0,-2.81054090905
S89C,54.0,5.0,-2.81260064201
H61D,54.0,5.0,-2.81260064201
S74A,98.0,9.0,-2.82079740921
K47C,11.0,1.0,-2.83094978068
T57Y,11.0,1.0,-2.83094978068
Y6R,11.0,1.0,-2.83094978068
T55H,11.0,1.0,-2.83094978068
G32F,11.0,1.0,-2.83094978068
T21E,11.0,1.0,-2.83094978068
G69T,11.0,1.0,-2.83094978068
G69N,11.0,1.0,-2.83094978068
A54N,11.0,1.0,-2.83094978068
R44Q,11.0,1.0,-2.83094978068
P28D,11.0,1.0,-2.83094978068
P28C,11.0,1.0,-2.83094978068
V94T,11.0,1.0,-2.83094978068
A82K,11.0,1.0,-2.83094978068
T50P,45.0,4.0,-2.85342263653
T9P,79.0,7.0,-2.85659221129
Y17D,57.0,5.0,-2.86666786328
V94G,57.0,5.0,-2.86666786328
N53T,115.0,10.0,-2.87540154325
G85V,254.0,22.0,-2.87934632154
T22N,95.0,8.0,-2.9074898578
Q45W,131.0,11.0,-2.91035655828
K66M,12.0,1.0,-2.91796115767
T16G,12.0,1.0,-2.91796115767
G73Q,12.0,1.0,-2.91796115767
P49Y,12.0,1.0,-2.91796115767
Q87Y,12.0,1.0,-2.91796115767
S46E,12.0,1.0,-2.91796115767
Q87F,12.0,1.0,-2.91796115767
A64H,12.0,1.0,-2.91796115767
R24N,12.0,1.0,-2.91796115767
L72Y,12.0,1.0,-2.91796115767
S74I,12.0,1.0,-2.91796115767
L72V,73.0,6.0,-2.9317544798
G73A,49.0,4.0,-2.93858044487
R34A,98.0,8.0,-2.93858044487
W65S,188.0,15.0,-2.96144626961
S67V,126.0,10.0,-2.96675132184
S29C,64.0,5.0,-2.98249967881
A77P,77.0,6.0,-2.98510046051
V43K,13.0,1.0,-2.99800386534
V43*,13.0,1.0,-2.99800386534
T35N,78.0,6.0,-2.99800386534
T57F,13.0,1.0,-2.99800386534
G32N,13.0,1.0,-2.99800386534
G69P,13.0,1.0,-2.99800386534
G69I,13.0,1.0,-2.99800386534
A54I,13.0,1.0,-2.99800386534
L72D,13.0,1.0,-2.99800386534
S88Q,13.0,1.0,-2.99800386534
S88E,13.0,1.0,-2.99800386534
L72F,13.0,1.0,-2.99800386534
G14N,13.0,1.0,-2.99800386534
R44I,13.0,1.0,-2.99800386534
V62N,13.0,1.0,-2.99800386534
A82W,13.0,1.0,-2.99800386534
G90V,188.0,14.0,-3.03043914109
W65L,188.0,14.0,-3.03043914109
Q79P,68.0,5.0,-3.04312430062
M81R,112.0,8.0,-3.07211183749
V43C,14.0,1.0,-3.07211183749
G73N,14.0,1.0,-3.07211183749
K11C,14.0,1.0,-3.07211183749
S46K,14.0,1.0,-3.07211183749
S91C,42.0,3.0,-3.07211183749
S91N,14.0,1.0,-3.07211183749
N26Q,14.0,1.0,-3.07211183749
I30W,14.0,1.0,-3.07211183749
I30C,14.0,1.0,-3.07211183749
S92K,14.0,1.0,-3.07211183749
A64I,14.0,1.0,-3.07211183749
T21H,14.0,1.0,-3.07211183749
A54F,14.0,1.0,-3.07211183749
R48I,14.0,1.0,-3.07211183749
P49D,14.0,1.0,-3.07211183749
W41H,14.0,1.0,-3.07211183749
W41Y,14.0,1.0,-3.07211183749
M70F,14.0,1.0,-3.07211183749
M70R,98.0,7.0,-3.07211183749
G14H,14.0,1.0,-3.07211183749
V62H,14.0,1.0,-3.07211183749
V80H,14.0,1.0,-3.07211183749
T83N,56.0,4.0,-3.07211183749
S67C,57.0,4.0,-3.08981141459
D33K,15.0,1.0,-3.14110470898
Y86K,15.0,1.0,-3.14110470898
G8A,90.0,6.0,-3.14110470898
S46I,15.0,1.0,-3.14110470898
N60L,15.0,1.0,-3.14110470898
N26H,15.0,1.0,-3.14110470898
I30P,15.0,1.0,-3.14110470898
S12G,15.0,1.0,-3.14110470898
S42C,45.0,3.0,-3.14110470898
T21Q,15.0,1.0,-3.14110470898
T21K,15.0,1.0,-3.14110470898
A54Y,15.0,1.0,-3.14110470898
P49*,15.0,1.0,-3.14110470898
P49N,15.0,1.0,-3.14110470898
W41D,15.0,1.0,-3.14110470898
D18K,15.0,1.0,-3.14110470898
M70Y,15.0,1.0,-3.14110470898
Y78D,30.0,2.0,-3.14110470898
V62M,15.0,1.0,-3.14110470898
G14I,15.0,1.0,-3.14110470898
V62Y,15.0,1.0,-3.14110470898
R44*,15.0,1.0,-3.14110470898
Y86E,15.0,1.0,-3.14110470898
Y86P,15.0,1.0,-3.14110470898
V94W,15.0,1.0,-3.14110470898
V80E,15.0,1.0,-3.14110470898
N75L,301.0,20.0,-3.14443249907
G15V,168.0,11.0,-3.15912321448
Q45P,77.0,5.0,-3.1674220173
K7T,78.0,5.0,-3.18032542214
K7M,47.0,3.0,-3.18458982092
G8V,126.0,8.0,-3.18989487315
K66F,16.0,1.0,-3.20564323012
R24W,16.0,1.0,-3.20564323012
K7Q,48.0,3.0,-3.20564323012
T50K,16.0,1.0,-3.20564323012
K11M,16.0,1.0,-3.20564323012
W97N,16.0,1.0,-3.20564323012
S59N,16.0,1.0,-3.20564323012
A64N,16.0,1.0,-3.20564323012
A64K,16.0,1.0,-3.20564323012
N93M,16.0,1.0,-3.20564323012
S88*,16.0,1.0,-3.20564323012
R44M,16.0,1.0,-3.20564323012
P28M,16.0,1.0,-3.20564323012
V94S,16.0,1.0,-3.20564323012
I19M,33.0,2.0,-3.23641488879
R24D,17.0,1.0,-3.26626785194
M81H,17.0,1.0,-3.26626785194
T50M,17.0,1.0,-3.26626785194
G73K,17.0,1.0,-3.26626785194
A82Q,17.0,1.0,-3.26626785194
A64D,17.0,1.0,-3.26626785194
S12R,17.0,1.0,-3.26626785194
K47P,17.0,1.0,-3.26626785194
G32R,119.0,7.0,-3.26626785194
G69F,17.0,1.0,-3.26626785194
M70*,17.0,1.0,-3.26626785194
R24G,85.0,5.0,-3.26626785194
W41I,17.0,1.0,-3.26626785194
P28K,17.0,1.0,-3.26626785194
A64G,103.0,6.0,-3.27602402688
P28A,52.0,3.0,-3.28568593779
Y25D,52.0,3.0,-3.28568593779
V80L,87.0,5.0,-3.2895247141
S46A,35.0,2.0,-3.29525538881
N75T,123.0,7.0,-3.2993287142
S42A,71.0,4.0,-3.3094400238
V62L,89.0,5.0,-3.31225296518
K11A,18.0,1.0,-3.32342626578
T35P,126.0,7.0,-3.32342626578
M81N,18.0,1.0,-3.32342626578
V43M,18.0,1.0,-3.32342626578
G73E,18.0,1.0,-3.32342626578
Q87W,18.0,1.0,-3.32342626578
S92W,18.0,1.0,-3.32342626578
T95Q,18.0,1.0,-3.32342626578
Y6V,18.0,1.0,-3.32342626578
N93Q,18.0,1.0,-3.32342626578
N93F,18.0,1.0,-3.32342626578
S42K,18.0,1.0,-3.32342626578
G69W,18.0,1.0,-3.32342626578
G69Y,18.0,1.0,-3.32342626578
A54*,18.0,1.0,-3.32342626578
R24I,18.0,1.0,-3.32342626578
P49I,18.0,1.0,-3.32342626578
P49M,18.0,1.0,-3.32342626578
M70D,18.0,1.0,-3.32342626578
Y78K,18.0,1.0,-3.32342626578
S74K,18.0,1.0,-3.32342626578
K47L,18.0,1.0,-3.32342626578
V80M,18.0,1.0,-3.32342626578
Y78S,93.0,5.0,-3.3562160886
K11W,19.0,1.0,-3.37749348705
K47A,19.0,1.0,-3.37749348705
T16F,19.0,1.0,-3.37749348705
Y86L,19.0,1.0,-3.37749348705
H68S,19.0,1.0,-3.37749348705
G73*,19.0,1.0,-3.37749348705
V43Q,19.0,1.0,-3.37749348705
K11F,19.0,1.0,-3.37749348705
Y6L,19.0,1.0,-3.37749348705
N60E,19.0,1.0,-3.37749348705
N60Q,19.0,1.0,-3.37749348705
S29Q,19.0,1.0,-3.37749348705
S92D,19.0,1.0,-3.37749348705
T95M,19.0,1.0,-3.37749348705
T95F,19.0,1.0,-3.37749348705
T95E,19.0,1.0,-3.37749348705
G51H,19.0,1.0,-3.37749348705
T21M,19.0,1.0,-3.37749348705
I19K,19.0,1.0,-3.37749348705
N71*,19.0,1.0,-3.37749348705
R48F,19.0,1.0,-3.37749348705
W41F,19.0,1.0,-3.37749348705
V62*,19.0,1.0,-3.37749348705
H61K,19.0,1.0,-3.37749348705
S74Y,19.0,1.0,-3.37749348705
V80K,19.0,1.0,-3.37749348705
T22P,154.0,8.0,-3.39056556861
A54G,179.0,9.0,-3.42321573638
M81D,20.0,1.0,-3.42878678143
K47V,20.0,1.0,-3.42878678143
T16H,20.0,1.0,-3.42878678143
N71Q,20.0,1.0,-3.42878678143
K11Y,20.0,1.0,-3.42878678143
W97S,100.0,5.0,-3.42878678143
S46R,20.0,1.0,-3.42878678143
V96H,20.0,1.0,-3.42878678143
N26P,20.0,1.0,-3.42878678143
F58N,20.0,1.0,-3.42878678143
W76Y,20.0,1.0,-3.42878678143
S92H,20.0,1.0,-3.42878678143
T95*,20.0,1.0,-3.42878678143
I19*,20.0,1.0,-3.42878678143
G51A,60.0,3.0,-3.42878678143
G51K,20.0,1.0,-3.42878678143
G32I,20.0,1.0,-3.42878678143
P49K,20.0,1.0,-3.42878678143
P49F,20.0,1.0,-3.42878678143
H61E,20.0,1.0,-3.42878678143
S74*,20.0,1.0,-3.42878678143
V80*,20.0,1.0,-3.42878678143
D31Q,20.0,1.0,-3.42878678143
Q39E,82.0,4.0,-3.45347939403
W76S,103.0,5.0,-3.45834558367
Q39N,21.0,1.0,-3.4775769456
N26*,21.0,1.0,-3.4775769456
S29K,21.0,1.0,-3.4775769456
W76N,21.0,1.0,-3.4775769456
S92*,21.0,1.0,-3.4775769456
S92E,21.0,1.0,-3.4775769456
S92I,21.0,1.0,-3.4775769456
S92N,21.0,1.0,-3.4775769456
T23K,21.0,1.0,-3.4775769456
G51Y,21.0,1.0,-3.4775769456
N63H,21.0,1.0,-3.4775769456
F37M,21.0,1.0,-3.4775769456
F37D,21.0,1.0,-3.4775769456
G32*,21.0,1.0,-3.4775769456
T21*,21.0,1.0,-3.4775769456
R34F,21.0,1.0,-3.4775769456
L72C,21.0,1.0,-3.4775769456
K11G,22.0,1.0,-3.52409696124
R24Y,22.0,1.0,-3.52409696124
R24T,22.0,1.0,-3.52409696124
T50Y,22.0,1.0,-3.52409696124
T16Y,22.0,1.0,-3.52409696124
T16K,22.0,1.0,-3.52409696124
G8Y,22.0,1.0,-3.52409696124
T57D,22.0,1.0,-3.52409696124
Y6W,22.0,1.0,-3.52409696124
Q45I,22.0,1.0,-3.52409696124
S46L,22.0,1.0,-3.52409696124
N26M,22.0,1.0,-3.52409696124
Y17Q,22.0,1.0,-3.52409696124
W76I,22.0,1.0,-3.52409696124
I30A,22.0,1.0,-3.52409696124
T95H,22.0,1.0,-3.52409696124
G51*,22.0,1.0,-3.52409696124
S42I,22.0,1.0,-3.52409696124
S42H,22.0,1.0,-3.52409696124
G32K,22.0,1.0,-3.52409696124
R48Y,22.0,1.0,-3.52409696124
D18I,22.0,1.0,-3.52409696124
M70E,22.0,1.0,-3.52409696124
M70P,22.0,1.0,-3.52409696124
Y78I,22.0,1.0,-3.52409696124
A84G,220.0,10.0,-3.52409696124
L72R,111.0,5.0,-3.53314679676
A84P,114.0,5.0,-3.55981504384
H68C,23.0,1.0,-3.56854872381
T21Y,23.0,1.0,-3.56854872381
I19Y,23.0,1.0,-3.56854872381
N71P,23.0,1.0,-3.56854872381
N71M,23.0,1.0,-3.56854872381
G73I,23.0,1.0,-3.56854872381
Q87M,23.0,1.0,-3.56854872381
S29N,23.0,1.0,-3.56854872381
W97H,23.0,1.0,-3.56854872381
M81Q,23.0,1.0,-3.56854872381
S92M,23.0,1.0,-3.56854872381
F37V,115.0,5.0,-3.56854872381
F37K,23.0,1.0,-3.56854872381
R34I,23.0,1.0,-3.56854872381
S88V,23.0,1.0,-3.56854872381
V62T,23.0,1.0,-3.56854872381
W41K,23.0,1.0,-3.56854872381
G14F,23.0,1.0,-3.56854872381
A82C,23.0,1.0,-3.56854872381
H61I,23.0,1.0,-3.56854872381
R44K,23.0,1.0,-3.56854872381
N63M,23.0,1.0,-3.56854872381
K11T,24.0,1.0,-3.61110833823
G90F,24.0,1.0,-3.61110833823
T50Q,24.0,1.0,-3.61110833823
G73Y,24.0,1.0,-3.61110833823
G73W,24.0,1.0,-3.61110833823
T57*,24.0,1.0,-3.61110833823
T57H,24.0,1.0,-3.61110833823
T57K,24.0,1.0,-3.61110833823
T57Q,24.0,1.0,-3.61110833823
S29I,24.0,1.0,-3.61110833823
W76M,24.0,1.0,-3.61110833823
S92Q,24.0,1.0,-3.61110833823
G51F,24.0,1.0,-3.61110833823
N93P,24.0,1.0,-3.61110833823
S42N,24.0,1.0,-3.61110833823
G32H,24.0,1.0,-3.61110833823
A54M,24.0,1.0,-3.61110833823
L72E,24.0,1.0,-3.61110833823
R48D,24.0,1.0,-3.61110833823
D18Q,24.0,1.0,-3.61110833823
H61*,24.0,1.0,-3.61110833823
G14Y,24.0,1.0,-3.61110833823
R44W,24.0,1.0,-3.61110833823
G15N,24.0,1.0,-3.61110833823
P28W,24.0,1.0,-3.61110833823
V62G,144.0,6.0,-3.61110833823
V80P,24.0,1.0,-3.61110833823
D31K,24.0,1.0,-3.61110833823
G15R,196.0,8.0,-3.63172762543
H68A,25.0,1.0,-3.65193033275
D33F,25.0,1.0,-3.65193033275
Y86A,25.0,1.0,-3.65193033275
H68V,25.0,1.0,-3.65193033275
G8K,25.0,1.0,-3.65193033275
V43P,25.0,1.0,-3.65193033275
V43E,25.0,1.0,-3.65193033275
G73P,25.0,1.0,-3.65193033275
Q87T,25.0,1.0,-3.65193033275
Q45N,25.0,1.0,-3.65193033275
Y6A,25.0,1.0,-3.65193033275
N26C,25.0,1.0,-3.65193033275
F58H,25.0,1.0,-3.65193033275
A64C,25.0,1.0,-3.65193033275
A64Q,25.0,1.0,-3.65193033275
N63Q,25.0,1.0,-3.65193033275
P28E,25.0,1.0,-3.65193033275
G51Q,25.0,1.0,-3.65193033275
R48L,101.0,4.0,-3.6618806636
A77G,206.0,8.0,-3.68148913499
L72K,26.0,1.0,-3.6911510459
K66T,26.0,1.0,-3.6911510459
N71E,26.0,1.0,-3.6911510459
V43T,26.0,1.0,-3.6911510459
G73M,26.0,1.0,-3.6911510459
T57M,26.0,1.0,-3.6911510459
S91*,26.0,1.0,-3.6911510459
S29H,26.0,1.0,-3.6911510459
T23*,26.0,1.0,-3.6911510459
N63W,26.0,1.0,-3.6911510459
N63E,26.0,1.0,-3.6911510459
F37H,26.0,1.0,-3.6911510459
N93W,26.0,1.0,-3.6911510459
G32M,26.0,1.0,-3.6911510459
R48*,26.0,1.0,-3.6911510459
V62K,26.0,1.0,-3.6911510459
T83D,26.0,1.0,-3.6911510459
D31*,26.0,1.0,-3.6911510459
D31I,26.0,1.0,-3.6911510459
G14R,160.0,6.0,-3.71646885388
G15A,134.0,5.0,-3.7214563954
G90I,27.0,1.0,-3.72889137388
Q87D,27.0,1.0,-3.72889137388
S67I,27.0,1.0,-3.72889137388
W76Q,27.0,1.0,-3.72889137388
A64W,27.0,1.0,-3.72889137388
N63F,27.0,1.0,-3.72889137388
F37N,27.0,1.0,-3.72889137388
A54H,27.0,1.0,-3.72889137388
R34M,27.0,1.0,-3.72889137388
R24A,27.0,1.0,-3.72889137388
R48E,27.0,1.0,-3.72889137388
P49C,27.0,1.0,-3.72889137388
D18F,27.0,1.0,-3.72889137388
M70Q,27.0,1.0,-3.72889137388
V62C,27.0,1.0,-3.72889137388
V80Q,27.0,1.0,-3.72889137388
D31A,82.0,3.0,-3.74116146648
G14A,138.0,5.0,-3.7508702806
V43G,111.0,4.0,-3.75629034807
D13Q,28.0,1.0,-3.76525901806
V96N,28.0,1.0,-3.76525901806
G90Y,28.0,1.0,-3.76525901806
K66W,28.0,1.0,-3.76525901806
K66C,28.0,1.0,-3.76525901806
Q87C,28.0,1.0,-3.76525901806
S91D,28.0,1.0,-3.76525901806
F58Q,28.0,1.0,-3.76525901806
S67H,28.0,1.0,-3.76525901806
W76H,28.0,1.0,-3.76525901806
W76K,28.0,1.0,-3.76525901806
W41P,28.0,1.0,-3.76525901806
Y86V,28.0,1.0,-3.76525901806
S59Q,28.0,1.0,-3.76525901806
S59E,28.0,1.0,-3.76525901806
S59D,28.0,1.0,-3.76525901806
W97Y,28.0,1.0,-3.76525901806
F37Q,28.0,1.0,-3.76525901806
N93E,28.0,1.0,-3.76525901806
G32Q,28.0,1.0,-3.76525901806
R34N,28.0,1.0,-3.76525901806
R34K,28.0,1.0,-3.76525901806
R48Q,28.0,1.0,-3.76525901806
R44E,28.0,1.0,-3.76525901806
S74D,28.0,1.0,-3.76525901806
Y86W,28.0,1.0,-3.76525901806
G51N,28.0,1.0,-3.76525901806
V94R,28.0,1.0,-3.76525901806
T83*,28.0,1.0,-3.76525901806
W41G,113.0,4.0,-3.77414796547
T55F,29.0,1.0,-3.80035033787
T55C,29.0,1.0,-3.80035033787
G8F,29.0,1.0,-3.80035033787
T95Y,29.0,1.0,-3.80035033787
K66P,29.0,1.0,-3.80035033787
R48A,58.0,2.0,-3.80035033787
N53F,29.0,1.0,-3.80035033787
T50D,29.0,1.0,-3.80035033787
T50H,29.0,1.0,-3.80035033787
G8N,29.0,1.0,-3.80035033787
T21C,29.0,1.0,-3.80035033787
A27N,29.0,1.0,-3.80035033787
S67N,29.0,1.0,-3.80035033787
T95C,29.0,1.0,-3.80035033787
A64*,29.0,1.0,-3.80035033787
A64F,29.0,1.0,-3.80035033787
S89I,29.0,1.0,-3.80035033787
A54K,29.0,1.0,-3.80035033787
P49E,29.0,1.0,-3.80035033787
V96*,29.0,1.0,-3.80035033787
G14Q,29.0,1.0,-3.80035033787
S74M,29.0,1.0,-3.80035033787
G51P,29.0,1.0,-3.80035033787
S59C,59.0,2.0,-3.81744477123
D13K,30.0,1.0,-3.83425188954
T55K,30.0,1.0,-3.83425188954
M81Y,30.0,1.0,-3.83425188954
K7H,30.0,1.0,-3.83425188954
T9H,30.0,1.0,-3.83425188954
I19E,30.0,1.0,-3.83425188954
T50E,30.0,1.0,-3.83425188954
G73T,30.0,1.0,-3.83425188954
S46V,30.0,1.0,-3.83425188954
S91M,30.0,1.0,-3.83425188954
S91I,30.0,1.0,-3.83425188954
I30R,30.0,1.0,-3.83425188954
N63P,30.0,1.0,-3.83425188954
S89N,30.0,1.0,-3.83425188954
S89D,30.0,1.0,-3.83425188954
R34Y,30.0,1.0,-3.83425188954
W41E,30.0,1.0,-3.83425188954
W41Q,30.0,1.0,-3.83425188954
Y20K,30.0,1.0,-3.83425188954
L72T,30.0,1.0,-3.83425188954
T83E,30.0,1.0,-3.83425188954
Q39I,31.0,1.0,-3.86704171236
K11V,31.0,1.0,-3.86704171236
V96Q,31.0,1.0,-3.86704171236
A27I,31.0,1.0,-3.86704171236
M81E,31.0,1.0,-3.86704171236
K7F,31.0,1.0,-3.86704171236
K47G,31.0,1.0,-3.86704171236
I19D,31.0,1.0,-3.86704171236
T16*,31.0,1.0,-3.86704171236
D33I,31.0,1.0,-3.86704171236
G73F,31.0,1.0,-3.86704171236
S91H,31.0,1.0,-3.86704171236
A64Y,31.0,1.0,-3.86704171236
G51I,31.0,1.0,-3.86704171236
N93*,31.0,1.0,-3.86704171236
S42Q,31.0,1.0,-3.86704171236
S89H,31.0,1.0,-3.86704171236
S88W,31.0,1.0,-3.86704171236
R48M,31.0,1.0,-3.86704171236
I19Q,31.0,1.0,-3.86704171236
Y20I,31.0,1.0,-3.86704171236
S74Q,31.0,1.0,-3.86704171236
W65K,31.0,1.0,-3.86704171236
G51M,31.0,1.0,-3.86704171236
T83W,31.0,1.0,-3.86704171236
G85E,126.0,4.0,-3.88304205371
G90H,32.0,1.0,-3.89879041068
K11L,32.0,1.0,-3.89879041068
N71W,32.0,1.0,-3.89879041068
T57E,32.0,1.0,-3.89879041068
G32T,32.0,1.0,-3.89879041068
S46G,32.0,1.0,-3.89879041068
N26E,32.0,1.0,-3.89879041068
Y17K,32.0,1.0,-3.89879041068
S29M,32.0,1.0,-3.89879041068
T23W,32.0,1.0,-3.89879041068
S42M,32.0,1.0,-3.89879041068
G32E,32.0,1.0,-3.89879041068
A77N,32.0,1.0,-3.89879041068
S88L,32.0,1.0,-3.89879041068
M70W,32.0,1.0,-3.89879041068
V80T,32.0,1.0,-3.89879041068
W65G,196.0,6.0,-3.91940969788
T21W,33.0,1.0,-3.92956206934
T55Q,33.0,1.0,-3.92956206934
M81W,33.0,1.0,-3.92956206934
W76F,33.0,1.0,-3.92956206934
W97Q,33.0,1.0,-3.92956206934
S42E,33.0,1.0,-3.92956206934
S89Q,33.0,1.0,-3.92956206934
W41M,33.0,1.0,-3.92956206934
W41T,33.0,1.0,-3.92956206934
G8E,33.0,1.0,-3.92956206934
D18M,33.0,1.0,-3.92956206934
D18*,33.0,1.0,-3.92956206934
V62E,33.0,1.0,-3.92956206934
S74H,33.0,1.0,-3.92956206934
G15K,33.0,1.0,-3.92956206934
A82L,33.0,1.0,-3.92956206934
D33A,67.0,2.0,-3.94459994671
Q39F,34.0,1.0,-3.9594150325
M81*,34.0,1.0,-3.9594150325
T9Q,34.0,1.0,-3.9594150325
G8H,34.0,1.0,-3.9594150325
T95D,34.0,1.0,-3.9594150325
T21F,34.0,1.0,-3.9594150325
R34D,34.0,1.0,-3.9594150325
Y78P,34.0,1.0,-3.9594150325
G14K,34.0,1.0,-3.9594150325
G90A,171.0,5.0,-3.96528015195
A27G,175.0,5.0,-3.98840256937
D33M,35.0,1.0,-3.98840256937
Q87S,35.0,1.0,-3.98840256937
Q45Y,35.0,1.0,-3.98840256937
Y17M,35.0,1.0,-3.98840256937
I30G,35.0,1.0,-3.98840256937
T55*,35.0,1.0,-3.98840256937
T55M,35.0,1.0,-3.98840256937
S59H,35.0,1.0,-3.98840256937
S42*,35.0,1.0,-3.98840256937
N60W,35.0,1.0,-3.98840256937
S89M,35.0,1.0,-3.98840256937
R34*,35.0,1.0,-3.98840256937
A77M,35.0,1.0,-3.98840256937
Y78M,35.0,1.0,-3.98840256937
H61M,35.0,1.0,-3.98840256937
V62Q,35.0,1.0,-3.98840256937
T83Q,35.0,1.0,-3.98840256937
A27Y,36.0,1.0,-4.01657344634
N53H,36.0,1.0,-4.01657344634
T50F,36.0,1.0,-4.01657344634
D33Q,36.0,1.0,-4.01657344634
S91K,36.0,1.0,-4.01657344634
N26W,36.0,1.0,-4.01657344634
S59K,36.0,1.0,-4.01657344634
F37T,36.0,1.0,-4.01657344634
Y40K,36.0,1.0,-4.01657344634
V10L,254.0,7.0,-4.02447862584
Q39Y,37.0,1.0,-4.04397242052
G90N,37.0,1.0,-4.04397242052
T55D,37.0,1.0,-4.04397242052
I19W,37.0,1.0,-4.04397242052
G8Q,37.0,1.0,-4.04397242052
V43W,37.0,1.0,-4.04397242052
W97I,37.0,1.0,-4.04397242052
F58K,37.0,1.0,-4.04397242052
S67K,37.0,1.0,-4.04397242052
W97D,37.0,1.0,-4.04397242052
S42D,37.0,1.0,-4.04397242052
G69L,37.0,1.0,-4.04397242052
Q79N,37.0,1.0,-4.04397242052
A77*,37.0,1.0,-4.04397242052
H61F,37.0,1.0,-4.04397242052
G15I,37.0,1.0,-4.04397242052
D13*,38.0,1.0,-4.0706406676
K7D,38.0,1.0,-4.0706406676
K7Y,38.0,1.0,-4.0706406676
T16Q,38.0,1.0,-4.0706406676
N71F,38.0,1.0,-4.0706406676
D33*,38.0,1.0,-4.0706406676
S91Q,38.0,1.0,-4.0706406676
S91E,38.0,1.0,-4.0706406676
S89*,38.0,1.0,-4.0706406676
T50*,38.0,1.0,-4.0706406676
L72W,38.0,1.0,-4.0706406676
R44A,38.0,1.0,-4.0706406676
H68G,38.0,1.0,-4.0706406676
Y40E,38.0,1.0,-4.0706406676
Y40Q,38.0,1.0,-4.0706406676
A27D,39.0,1.0,-4.09661615401
T16E,39.0,1.0,-4.09661615401
Q45D,39.0,1.0,-4.09661615401
S91W,39.0,1.0,-4.09661615401
S29D,39.0,1.0,-4.09661615401
S29R,78.0,2.0,-4.09661615401
S59*,39.0,1.0,-4.09661615401
F37*,39.0,1.0,-4.09661615401
G14*,39.0,1.0,-4.09661615401
G51W,39.0,1.0,-4.09661615401
D13I,40.0,1.0,-4.12193396199
K11S,40.0,1.0,-4.12193396199
V96K,40.0,1.0,-4.12193396199
Q87A,40.0,1.0,-4.12193396199
N60A,40.0,1.0,-4.12193396199
A64M,40.0,1.0,-4.12193396199
A54Q,40.0,1.0,-4.12193396199
R34T,40.0,1.0,-4.12193396199
A77K,40.0,1.0,-4.12193396199
A77Q,40.0,1.0,-4.12193396199
R44T,40.0,1.0,-4.12193396199
W65D,40.0,1.0,-4.12193396199
V80C,40.0,1.0,-4.12193396199
T83M,40.0,1.0,-4.12193396199
T83F,40.0,1.0,-4.12193396199
A27K,41.0,1.0,-4.14662657458
K66A,41.0,1.0,-4.14662657458
M81F,41.0,1.0,-4.14662657458
D33P,41.0,1.0,-4.14662657458
G8M,41.0,1.0,-4.14662657458
V43S,41.0,1.0,-4.14662657458
N60R,41.0,1.0,-4.14662657458
F58M,41.0,1.0,-4.14662657458
S59I,41.0,1.0,-4.14662657458
T23C,41.0,1.0,-4.14662657458
N63C,41.0,1.0,-4.14662657458
H61T,41.0,1.0,-4.14662657458
S74E,41.0,1.0,-4.14662657458
Y86R,41.0,1.0,-4.14662657458
W65E,41.0,1.0,-4.14662657458
W65Q,41.0,1.0,-4.14662657458
G51E,41.0,1.0,-4.14662657458
Y25Q,41.0,1.0,-4.14662657458
W76G,247.0,6.0,-4.15068337528
P28R,83.0,2.0,-4.15874793512
V96Y,42.0,1.0,-4.17072412616
V96C,42.0,1.0,-4.17072412616
A27Q,42.0,1.0,-4.17072412616
T9Y,42.0,1.0,-4.17072412616
T50C,42.0,1.0,-4.17072412616
T16D,42.0,1.0,-4.17072412616
G8I,42.0,1.0,-4.17072412616
Y17S,126.0,3.0,-4.17072412616
A54R,126.0,3.0,-4.17072412616
R34E,42.0,1.0,-4.17072412616
R48K,42.0,1.0,-4.17072412616
R44V,42.0,1.0,-4.17072412616
Y40D,42.0,1.0,-4.17072412616
Y40I,42.0,1.0,-4.17072412616
Y40M,42.0,1.0,-4.17072412616
D31M,42.0,1.0,-4.17072412616
D13F,43.0,1.0,-4.19425462358
T9F,43.0,1.0,-4.19425462358
N26L,43.0,1.0,-4.19425462358
F58D,43.0,1.0,-4.19425462358
S67Q,43.0,1.0,-4.19425462358
A54C,43.0,1.0,-4.19425462358
A54W,43.0,1.0,-4.19425462358
A77Y,43.0,1.0,-4.19425462358
V80W,43.0,1.0,-4.19425462358
D31F,43.0,1.0,-4.19425462358
G85R,307.0,7.0,-4.21399210641
T57C,44.0,1.0,-4.2172441418
W97M,44.0,1.0,-4.2172441418
W76D,44.0,1.0,-4.2172441418
N63A,44.0,1.0,-4.2172441418
F37P,44.0,1.0,-4.2172441418
T21G,44.0,1.0,-4.2172441418
P28V,44.0,1.0,-4.2172441418
T83K,44.0,1.0,-4.2172441418
G90K,45.0,1.0,-4.23971699765
R48T,45.0,1.0,-4.23971699765
K66L,45.0,1.0,-4.23971699765
G8T,45.0,1.0,-4.23971699765
G32P,45.0,1.0,-4.23971699765
S29*,45.0,1.0,-4.23971699765
A77I,45.0,1.0,-4.23971699765
Y20Q,45.0,1.0,-4.23971699765
A84*,45.0,1.0,-4.23971699765
K66V,46.0,1.0,-4.26169590437
Y86G,46.0,1.0,-4.26169590437
W76P,46.0,1.0,-4.26169590437
Q79I,46.0,1.0,-4.26169590437
Q79D,46.0,1.0,-4.26169590437
S89K,46.0,1.0,-4.26169590437
Y78Q,46.0,1.0,-4.26169590437
S52N,46.0,1.0,-4.26169590437
W65N,46.0,1.0,-4.26169590437
G15M,46.0,1.0,-4.26169590437
T83H,46.0,1.0,-4.26169590437
G90M,47.0,1.0,-4.28320210959
V96M,47.0,1.0,-4.28320210959
A27F,47.0,1.0,-4.28320210959
G90Q,47.0,1.0,-4.28320210959
T50W,47.0,1.0,-4.28320210959
T57W,47.0,1.0,-4.28320210959
Y17I,47.0,1.0,-4.28320210959
S29E,47.0,1.0,-4.28320210959
W76E,47.0,1.0,-4.28320210959
N93C,47.0,1.0,-4.28320210959
D18T,47.0,1.0,-4.28320210959
W65M,47.0,1.0,-4.28320210959
D13M,48.0,1.0,-4.30425551879
D13P,48.0,1.0,-4.30425551879
R48W,48.0,1.0,-4.30425551879
S67D,48.0,1.0,-4.30425551879
S88G,48.0,1.0,-4.30425551879
I19P,48.0,1.0,-4.30425551879
G14T,48.0,1.0,-4.30425551879
D31T,48.0,1.0,-4.30425551879
T55R,146.0,3.0,-4.31804884092
M81P,49.0,1.0,-4.32487480599
W97P,49.0,1.0,-4.32487480599
Q45M,49.0,1.0,-4.32487480599
Y17E,49.0,1.0,-4.32487480599
Y17P,49.0,1.0,-4.32487480599
S67*,49.0,1.0,-4.32487480599
S92L,49.0,1.0,-4.32487480599
W97F,49.0,1.0,-4.32487480599
R34W,49.0,1.0,-4.32487480599
G14M,49.0,1.0,-4.32487480599
Y25K,49.0,1.0,-4.32487480599
G90*,50.0,1.0,-4.34507751331
I19C,50.0,1.0,-4.34507751331
G51T,50.0,1.0,-4.34507751331
L72A,50.0,1.0,-4.34507751331
H61C,50.0,1.0,-4.34507751331
S52M,50.0,1.0,-4.34507751331
V80S,50.0,1.0,-4.34507751331
V62S,50.0,1.0,-4.34507751331
V62P,50.0,1.0,-4.34507751331
D31P,50.0,1.0,-4.34507751331
V96W,51.0,1.0,-4.3648801406
K7P,51.0,1.0,-4.3648801406
Q45F,51.0,1.0,-4.3648801406
W97K,51.0,1.0,-4.3648801406
F37E,51.0,1.0,-4.3648801406
Q79F,51.0,1.0,-4.3648801406
W41V,51.0,1.0,-4.3648801406
M70C,51.0,1.0,-4.3648801406
G15Y,51.0,1.0,-4.3648801406
T9K,52.0,1.0,-4.38429822646
G73L,52.0,1.0,-4.38429822646
H61W,52.0,1.0,-4.38429822646
T83Y,52.0,1.0,-4.38429822646
Y40P,52.0,1.0,-4.38429822646
Q39M,53.0,1.0,-4.40334642143
W97E,53.0,1.0,-4.40334642143
D31W,53.0,1.0,-4.40334642143
M81C,54.0,1.0,-4.42203855444
T9D,54.0,1.0,-4.42203855444
D33T,54.0,1.0,-4.42203855444
G15H,54.0,1.0,-4.42203855444
G15Q,54.0,1.0,-4.42203855444
T83C,54.0,1.0,-4.42203855444
N53C,55.0,1.0,-4.44038769311
N60V,55.0,1.0,-4.44038769311
T95L,55.0,1.0,-4.44038769311
Q79M,55.0,1.0,-4.44038769311
Y20M,55.0,1.0,-4.44038769311
M70S,55.0,1.0,-4.44038769311
Y78E,55.0,1.0,-4.44038769311
V62W,55.0,1.0,-4.44038769311
A84H,55.0,1.0,-4.44038769311
T83P,55.0,1.0,-4.44038769311
Q39W,56.0,1.0,-4.45840619861
K66S,56.0,1.0,-4.45840619861
G8W,56.0,1.0,-4.45840619861
W97T,56.0,1.0,-4.45840619861
S29W,56.0,1.0,-4.45840619861
T22K,56.0,1.0,-4.45840619861
S42W,56.0,1.0,-4.45840619861
S42V,56.0,1.0,-4.45840619861
S89E,56.0,1.0,-4.45840619861
G85Y,56.0,1.0,-4.45840619861
A77D,56.0,1.0,-4.45840619861
A77F,56.0,1.0,-4.45840619861
Y20P,56.0,1.0,-4.45840619861
L72S,56.0,1.0,-4.45840619861
D18P,56.0,1.0,-4.45840619861
A84Q,56.0,1.0,-4.45840619861
N53*,57.0,1.0,-4.47610577571
F58T,57.0,1.0,-4.47610577571
S67E,57.0,1.0,-4.47610577571
Q79Y,57.0,1.0,-4.47610577571
A77C,57.0,1.0,-4.47610577571
W65P,57.0,1.0,-4.47610577571
Y40W,57.0,1.0,-4.47610577571
R34G,172.0,3.0,-4.48193669602
D13C,58.0,1.0,-4.49349751843
T16M,58.0,1.0,-4.49349751843
N71C,58.0,1.0,-4.49349751843
D33W,58.0,1.0,-4.49349751843
S59M,58.0,1.0,-4.49349751843
Y20E,58.0,1.0,-4.49349751843
S88R,58.0,1.0,-4.49349751843
S52K,58.0,1.0,-4.49349751843
D31C,58.0,1.0,-4.49349751843
Q39C,59.0,1.0,-4.51059195178
T35K,59.0,1.0,-4.51059195178
N53M,59.0,1.0,-4.51059195178
N71L,59.0,1.0,-4.51059195178
T36Y,59.0,1.0,-4.51059195178
P49W,59.0,1.0,-4.51059195178
Y20T,59.0,1.0,-4.51059195178
G15E,59.0,1.0,-4.51059195178
A27C,60.0,1.0,-4.5273990701
T9M,60.0,1.0,-4.5273990701
N71A,60.0,1.0,-4.5273990701
Q87V,60.0,1.0,-4.5273990701
T95R,60.0,1.0,-4.5273990701
F37C,60.0,1.0,-4.5273990701
N93L,60.0,1.0,-4.5273990701
A77H,60.0,1.0,-4.5273990701
N63V,61.0,1.0,-4.54392837206
V10K,61.0,1.0,-4.54392837206
S74W,61.0,1.0,-4.54392837206
W65Y,61.0,1.0,-4.54392837206
A82R,61.0,1.0,-4.54392837206
V80G,123.0,2.0,-4.55209168269
D13W,62.0,1.0,-4.56018889293
A27*,62.0,1.0,-4.56018889293
N53Q,62.0,1.0,-4.56018889293
T16C,62.0,1.0,-4.56018889293
G32W,62.0,1.0,-4.56018889293
F58*,62.0,1.0,-4.56018889293
A64L,62.0,1.0,-4.56018889293
H61A,62.0,1.0,-4.56018889293
V96E,63.0,1.0,-4.57618923427
N26V,63.0,1.0,-4.57618923427
N26A,63.0,1.0,-4.57618923427
T95G,63.0,1.0,-4.57618923427
G32L,63.0,1.0,-4.57618923427
P49V,63.0,1.0,-4.57618923427
V10Y,63.0,1.0,-4.57618923427
M70A,63.0,1.0,-4.57618923427
W65H,63.0,1.0,-4.57618923427
T35E,127.0,2.0,-4.58409441378
D33C,64.0,1.0,-4.59193759124
G8P,64.0,1.0,-4.59193759124
G15*,64.0,1.0,-4.59193759124
N93A,64.0,1.0,-4.59193759124
V10Q,64.0,1.0,-4.59193759124
Y78T,64.0,1.0,-4.59193759124
G8*,65.0,1.0,-4.60744177778
Y17W,65.0,1.0,-4.60744177778
I19R,65.0,1.0,-4.60744177778
G14W,65.0,1.0,-4.60744177778
D13T,66.0,1.0,-4.62270924991
T9*,66.0,1.0,-4.62270924991
G85H,66.0,1.0,-4.62270924991
A84N,66.0,1.0,-4.62270924991
F58P,67.0,1.0,-4.63774712727
S67W,67.0,1.0,-4.63774712727
V10G,67.0,1.0,-4.63774712727
S52H,67.0,1.0,-4.63774712727
N63G,67.0,1.0,-4.63774712727
G90R,203.0,3.0,-4.64764819825
Q39D,68.0,1.0,-4.65256221306
R24V,68.0,1.0,-4.65256221306
T95V,68.0,1.0,-4.65256221306
T23R,68.0,1.0,-4.65256221306
W41A,68.0,1.0,-4.65256221306
H61S,68.0,1.0,-4.65256221306
V43R,69.0,1.0,-4.66716101248
G15P,69.0,1.0,-4.66716101248
I19A,70.0,1.0,-4.68154974993
T36*,70.0,1.0,-4.68154974993
Y17T,70.0,1.0,-4.68154974993
S59W,70.0,1.0,-4.68154974993
Q79W,70.0,1.0,-4.68154974993
W65T,70.0,1.0,-4.68154974993
Y40T,70.0,1.0,-4.68154974993
Y25S,212.0,3.0,-4.69102849388
V96T,71.0,1.0,-4.69573438492
T57L,71.0,1.0,-4.69573438492
T23L,71.0,1.0,-4.69573438492
N63L,71.0,1.0,-4.69573438492
F37W,71.0,1.0,-4.69573438492
S42L,71.0,1.0,-4.69573438492
A54L,71.0,1.0,-4.69573438492
S52Q,71.0,1.0,-4.69573438492
N63R,71.0,1.0,-4.69573438492
A84D,71.0,1.0,-4.69573438492
F58E,72.0,1.0,-4.7097206269
G85W,144.0,2.0,-4.7097206269
G14E,72.0,1.0,-4.7097206269
G14P,72.0,1.0,-4.7097206269
Y25I,72.0,1.0,-4.7097206269
G8R,145.0,2.0,-4.71664106974
G90T,73.0,1.0,-4.72351394903
T57V,73.0,1.0,-4.72351394903
T36F,73.0,1.0,-4.72351394903
W76T,73.0,1.0,-4.72351394903
M81A,74.0,1.0,-4.73711960108
K7W,74.0,1.0,-4.73711960108
V10N,74.0,1.0,-4.73711960108
V10E,74.0,1.0,-4.73711960108
G15F,74.0,1.0,-4.73711960108
Y40A,74.0,1.0,-4.73711960108
Q39T,75.0,1.0,-4.75054262142
T55E,75.0,1.0,-4.75054262142
S29L,75.0,1.0,-4.75054262142
T21R,75.0,1.0,-4.75054262142
A77W,75.0,1.0,-4.75054262142
T83L,75.0,1.0,-4.75054262142
A27M,76.0,1.0,-4.76378784817
T23V,76.0,1.0,-4.76378784817
R48G,153.0,2.0,-4.77034524871
D13A,77.0,1.0,-4.77685992973
G90E,77.0,1.0,-4.77685992973
A64R,77.0,1.0,-4.77685992973
D18W,77.0,1.0,-4.77685992973
G15W,77.0,1.0,-4.77685992973
Y40L,77.0,1.0,-4.77685992973
T35H,78.0,1.0,-4.78976333457
A27W,78.0,1.0,-4.78976333457
K66G,78.0,1.0,-4.78976333457
N75H,78.0,1.0,-4.78976333457
Y25M,78.0,1.0,-4.78976333457
N53P,79.0,1.0,-4.80250236035
T16W,79.0,1.0,-4.80250236035
Q45C,79.0,1.0,-4.80250236035
G85N,79.0,1.0,-4.80250236035
S52I,79.0,1.0,-4.80250236035
G15T,79.0,1.0,-4.80250236035
V80R,79.0,1.0,-4.80250236035
T35Q,80.0,1.0,-4.81508114255
N93V,80.0,1.0,-4.81508114255
A84M,80.0,1.0,-4.81508114255
T55L,81.0,1.0,-4.82750366255
V10H,81.0,1.0,-4.82750366255
S52D,81.0,1.0,-4.82750366255
K7C,82.0,1.0,-4.83977375514
N60G,82.0,1.0,-4.83977375514
S92V,82.0,1.0,-4.83977375514
S89V,82.0,1.0,-4.83977375514
S52*,82.0,1.0,-4.83977375514
Y40R,82.0,1.0,-4.83977375514
V96P,83.0,1.0,-4.85189511568
S74L,83.0,1.0,-4.85189511568
W65F,83.0,1.0,-4.85189511568
Y40S,83.0,1.0,-4.85189511568
G90P,84.0,1.0,-4.86387130672
T35M,84.0,1.0,-4.86387130672
T36C,84.0,1.0,-4.86387130672
T21L,84.0,1.0,-4.86387130672
T35F,85.0,1.0,-4.87570576437
S29V,85.0,1.0,-4.87570576437
S92R,85.0,1.0,-4.87570576437
S92A,85.0,1.0,-4.87570576437
G85I,85.0,1.0,-4.87570576437
L72G,85.0,1.0,-4.87570576437
T50L,86.0,1.0,-4.88740180413
N93R,86.0,1.0,-4.88740180413
Y17A,87.0,1.0,-4.89896262653
D13S,88.0,1.0,-4.91039132236
T50V,88.0,1.0,-4.91039132236
N26R,88.0,1.0,-4.91039132236
T55W,88.0,1.0,-4.91039132236
V10*,88.0,1.0,-4.91039132236
N75Q,88.0,1.0,-4.91039132236
W65I,88.0,1.0,-4.91039132236
A84K,88.0,1.0,-4.91039132236
T9E,89.0,1.0,-4.92169087761
D33S,89.0,1.0,-4.92169087761
Q45T,89.0,1.0,-4.92169087761
D18L,89.0,1.0,-4.92169087761
Y78W,89.0,1.0,-4.92169087761
G90W,90.0,1.0,-4.93286417821
T57R,90.0,1.0,-4.93286417821
H61V,90.0,1.0,-4.93286417821
S52W,90.0,1.0,-4.93286417821
Y25P,90.0,1.0,-4.93286417821
Q87G,91.0,1.0,-4.9439140144
G85F,91.0,1.0,-4.9439140144
T83R,91.0,1.0,-4.9439140144
T83V,91.0,1.0,-4.9439140144
N71R,92.0,1.0,-4.95484308493
T9C,93.0,1.0,-4.96565400103
T22Q,93.0,1.0,-4.96565400103
W97A,93.0,1.0,-4.96565400103
I19G,93.0,1.0,-4.96565400103
P28G,93.0,1.0,-4.96565400103
Y40G,93.0,1.0,-4.96565400103
T22Y,94.0,1.0,-4.97634929015
Y25T,94.0,1.0,-4.97634929015
A84C,94.0,1.0,-4.97634929015
T16V,95.0,1.0,-4.98693139948
T57G,95.0,1.0,-4.98693139948
S92G,95.0,1.0,-4.98693139948
G85Q,95.0,1.0,-4.98693139948
G85*,95.0,1.0,-4.98693139948
T35Y,96.0,1.0,-4.99740269935
T22M,96.0,1.0,-4.99740269935
S89L,96.0,1.0,-4.99740269935
Y20A,96.0,1.0,-4.99740269935
V10M,96.0,1.0,-4.99740269935
N75M,96.0,1.0,-4.99740269935
V62R,96.0,1.0,-4.99740269935
D13L,97.0,1.0,-5.00776548638
S29G,97.0,1.0,-5.00776548638
Q79T,98.0,1.0,-5.01802198655
V10T,98.0,1.0,-5.01802198655
Y25E,98.0,1.0,-5.01802198655
K7S,99.0,1.0,-5.02817435801
G85K,99.0,1.0,-5.02817435801
R48V,99.0,1.0,-5.02817435801
Y78L,99.0,1.0,-5.02817435801
S91L,100.0,1.0,-5.03822469387
F37A,100.0,1.0,-5.03822469387
R34V,100.0,1.0,-5.03822469387
Y25W,100.0,1.0,-5.03822469387
T83G,100.0,1.0,-5.03822469387
T50G,101.0,1.0,-5.04817502472
T9W,102.0,1.0,-5.05802732116
I19L,102.0,1.0,-5.05802732116
D33R,102.0,1.0,-5.05802732116
T22H,102.0,1.0,-5.05802732116
S42G,102.0,1.0,-5.05802732116
A84F,102.0,1.0,-5.05802732116
Q79C,103.0,1.0,-5.06778349611
V10C,103.0,1.0,-5.06778349611
D18S,103.0,1.0,-5.06778349611
D31L,103.0,1.0,-5.06778349611
N75*,104.0,1.0,-5.07744540702
T35*,105.0,1.0,-5.08701485804
M81S,105.0,1.0,-5.08701485804
G51L,105.0,1.0,-5.08701485804
S52E,105.0,1.0,-5.08701485804
Y40V,105.0,1.0,-5.08701485804
Y78A,106.0,1.0,-5.09649360199
G14L,106.0,1.0,-5.09649360199
N26G,107.0,1.0,-5.10588334234
Q79A,107.0,1.0,-5.10588334234
N75W,107.0,1.0,-5.10588334234
H61G,108.0,1.0,-5.115185735
D31S,108.0,1.0,-5.115185735
T21V,109.0,1.0,-5.12440239011
W65A,109.0,1.0,-5.12440239011
T50R,110.0,1.0,-5.13353487367
S42R,110.0,1.0,-5.13353487367
Y20L,110.0,1.0,-5.13353487367
G85A,221.0,2.0,-5.13807002884
V10W,111.0,1.0,-5.14258470919
T9L,113.0,1.0,-5.16044232659
N53E,113.0,1.0,-5.16044232659
G85M,113.0,1.0,-5.16044232659
G85T,113.0,1.0,-5.16044232659
Q39V,114.0,1.0,-5.16925295627
F58W,114.0,1.0,-5.16925295627
Y20W,114.0,1.0,-5.16925295627
N71G,116.0,1.0,-5.18664469899
S91R,116.0,1.0,-5.18664469899
G8L,117.0,1.0,-5.19522844268
S59G,117.0,1.0,-5.19522844268
S91V,118.0,1.0,-5.20373913235
Y20S,118.0,1.0,-5.20373913235
N93G,119.0,1.0,-5.21217800099
N75F,119.0,1.0,-5.21217800099
W76A,120.0,1.0,-5.22054625066
D13R,121.0,1.0,-5.22884505348
V96S,121.0,1.0,-5.22884505348
F58A,121.0,1.0,-5.22884505348
W97V,122.0,1.0,-5.23707555261
T55V,123.0,1.0,-5.24523886325
S59L,123.0,1.0,-5.24523886325
T22D,124.0,1.0,-5.25333607349
A27R,126.0,1.0,-5.26933641483
S89R,126.0,1.0,-5.26933641483
K7L,127.0,1.0,-5.27724159434
T22*,127.0,1.0,-5.27724159434
S59R,127.0,1.0,-5.27724159434
V10P,127.0,1.0,-5.27724159434
Q39S,128.0,1.0,-5.2850847718
Y78V,128.0,1.0,-5.2850847718
Q79V,129.0,1.0,-5.29286691224
T16L,130.0,1.0,-5.30058895834
N75C,130.0,1.0,-5.30058895834
Y20V,131.0,1.0,-5.30825183108
M81G,133.0,1.0,-5.3234036361
W65V,134.0,1.0,-5.33089430783
D31R,135.0,1.0,-5.33832928632
Y17L,137.0,1.0,-5.35303543371
Q39A,138.0,1.0,-5.36030819304
V96L,140.0,1.0,-5.37469693049
A27L,140.0,1.0,-5.37469693049
F37R,140.0,1.0,-5.37469693049
S67R,141.0,1.0,-5.38181439826
T22E,141.0,1.0,-5.38181439826
T35W,142.0,1.0,-5.38888156548
G85P,143.0,1.0,-5.39589913814
P49G,143.0,1.0,-5.39589913814
D18R,143.0,1.0,-5.39589913814
N53W,144.0,1.0,-5.40286780746
S74R,144.0,1.0,-5.40286780746
D33L,145.0,1.0,-5.4097882503
Y17V,145.0,1.0,-5.4097882503
T22F,148.0,1.0,-5.43026678164
Y25A,148.0,1.0,-5.43026678164
Y17G,151.0,1.0,-5.45033434469
Y17R,151.0,1.0,-5.45033434469
G90L,152.0,1.0,-5.45693502873
T35C,152.0,1.0,-5.45693502873
Q79S,153.0,1.0,-5.46349242927
A77L,153.0,1.0,-5.46349242927
K7A,155.0,1.0,-5.4764796248
Q45A,155.0,1.0,-5.4764796248
S89G,155.0,1.0,-5.4764796248
M70G,156.0,1.0,-5.48291051513
N75P,156.0,1.0,-5.48291051513
N53L,158.0,1.0,-5.49564954091
W76V,158.0,1.0,-5.49564954091
V96R,159.0,1.0,-5.5019587101
S67L,159.0,1.0,-5.5019587101
S91G,160.0,1.0,-5.50822832311
F37G,160.0,1.0,-5.50822832311
S67G,170.0,1.0,-5.56885294493
N53A,173.0,1.0,-5.58634610238
S52L,173.0,1.0,-5.58634610238
Q45S,176.0,1.0,-5.60353850292
Q39G,177.0,1.0,-5.60920424045
Y78R,177.0,1.0,-5.60920424045
G15L,178.0,1.0,-5.61483805817
T35R,362.0,2.0,-5.63155153915
T22W,183.0,1.0,-5.64254066072
T9V,184.0,1.0,-5.64799026549
T36G,184.0,1.0,-5.64799026549
S74G,185.0,1.0,-5.65341033296
A77R,187.0,1.0,-5.66416312473
A84L,187.0,1.0,-5.66416312473
T22C,191.0,1.0,-5.68532793593
Q45V,192.0,1.0,-5.69054987991
Q79G,192.0,1.0,-5.69054987991
T36L,194.0,1.0,-5.70091266694
V10S,196.0,1.0,-5.71116916711
S52V,197.0,1.0,-5.71625823662
Y25L,203.0,1.0,-5.74626048692
N53V,206.0,1.0,-5.76093067667
T16R,209.0,1.0,-5.77538875984
Y78G,210.0,1.0,-5.7801620386
Y20R,216.0,1.0,-5.80833291556
N75A,222.0,1.0,-5.83573188975
A84R,230.0,1.0,-5.8711338168
F58R,235.0,1.0,-5.89264002202
Y25R,241.0,1.0,-5.91785144137
Y20G,244.0,1.0,-5.93022273317
Y25V,245.0,1.0,-5.93431271842
Y25G,250.0,1.0,-5.95451542574
S52R,252.0,1.0,-5.96248359539
T35L,254.0,1.0,-5.9703887749
V10R,256.0,1.0,-5.97823195236
T9R,260.0,1.0,-5.9937361389
N53R,270.0,1.0,-6.03147646688
K7G,276.0,1.0,-6.0534553736
T55G,282.0,1.0,-6.07496157882
G85L,299.0,1.0,-6.13349808127
T9G,301.0,1.0,-6.14016477263
T22V,301.0,1.0,-6.14016477263
N75R,306.0,1.0,-6.15663960983
T35V,325.0,1.0,-6.21687969021
T22L,328.0,1.0,-6.22606811626
F58G,336.0,1.0,-6.25016566784
S52G,369.0,1.0,-6.34385115192
N53G,412.0,1.0,-6.45407785723
T22R,472.0,1.0,-6.59003349347
T22G,541.0,1.0,-6.72647378673
T35G,611.0,1.0,-6.84815146705
